6816195917399518278	9899860972102309748	0.0707106781187
5921660062160652924	9891169186502553748	0.0140984978146
7019177545184398748	9886679081686451267	0.0111469490517
10316927703979302843	9888456927614381748	0.0668153104781
12160318279767182087	9887983424638523748	0.134839972493
4803083175791559669	9896351094744116748	0.0239045721867
4884531454987910468	9892885915018774748	0.0389249472081
6952854058826625852	9893760851504181748	0.218217890236
12367364947430982748	9904743306178761419	0.0183617650765
12367364947430982748	9886132169202252079	0.0407908508224
12367364947430982748	9892043869626363950	0.0216219375032
393646217323659613	9895692410032754748	0.017450120319
3537925668098976437	9908402261860963748	0.011088546291
12963414393166845748	9892633710340810532	0.0138092044167
12963414393166845748	9902017178801504789	0.0265747001726
8791686925472070949	9889279113216237748	0.0808452083454
3110482880185682748	9897523603709402750	0.0114332390095
3110482880185682748	9884752333615184230	0.0114738065137
12086286503378574522	9882036359422277748	0.022360679775
5212517732509905065	9904642928503527748	0.015541746804
12831305322070236351	9900249859916923748	0.0113607026766
5792588557097847896	9906852040670956748	0.0315912011803
4112868218475074481	10583224335203239748	0.316227766017
1035528816750120381	9885984228951843748	0.0345444267927
1822694042388211136	9906869358044924748	0.051987524491
1981378777961658967	9897579597087285748	0.0321578320692
4469020979577685748	9890189238292526983	0.0590281336101
4469020979577685748	9901642683346409662	0.0161018279027
4469020979577685748	9889682105666249581	0.0191144849975
4469020979577685748	9886820270250675522	0.0199482019252
4469020979577685748	9888913727427871361	0.0120124995026
4469020979577685748	9890570004388491059	0.0141548807543
4469020979577685748	9897262564050505862	0.0164957219768
8878885417448225304	9903911431218742748	0.0307437730951
12328850210917837748	9880633550082676075	0.0286534127531
12328850210917837748	9897926815164861812	0.0536056267419
12328850210917837748	9888918877007086590	0.0379049021789
12328850210917837748	9897472622320144345	0.0107751363973
12328850210917837748	9896326055011915353	0.012906718211
12328850210917837748	9889724754709223815	0.0297350516725
12328850210917837748	9889620090647189663	0.0109422027383
12328850210917837748	9898378542614259137	0.0101305112309
12328850210917837748	9888978134669592395	0.0228575160441
12328850210917837748	9897424634688452032	0.0102221919343
12328850210917837748	9894503026090596130	0.0105638387006
5470685921578395710	9893304541306713748	0.0247840798548
1634200773904453656	9892150470693978748	0.107211253484
3960372651834754171	9891739433660831748	0.0496291666985
11689177357576898962	9905215941611023748	0.0311588476425
13079963371908748407	9897216230008324748	0.0253022699685
