3689890921100672422	9885977228277151507	0.0141506285495
3689890921100672422	9895444414161870190	0.0141506285495
3689890921100672422	9892303809547534850	0.0130721746404
3689890921100672422	9882719040166484377	0.0195031475744
3689890921100672422	9903879579735700798	0.0152092354183
645866392949502422	9885658773501247387	0.0171675400875
645866392949502422	9900464990482082283	0.136082763488
645866392949502422	9887569660326704420	0.0238095238095
645866392949502422	9910739720610489091	0.0212094920992
645866392949502422	9893569317420832085	0.0226804605813
645866392949502422	9896156159073245741	0.039013715732
4079792302220995623	9903816765706306422	0.0310684883001
1604523026938775348	9908308610137299422	0.0368855556782
2145163111943857109	9890711974369892422	0.0192521407164
11761728827877634283	9881967000021060422	0.0245145168923
5681275844529923710	9901686908703400422	0.176776695297
2364148075233596835	9902596956352265422	0.0753778361444
13761478415655659422	9883784028901613687	0.0385758374905
13761478415655659422	9883459685781472086	0.0124379648776
13761478415655659422	9893235727310342566	0.0239456571305
13761478415655659422	9897759517642970826	0.0753778361444
13761478415655659422	9902520613334103906	0.0114828803044
13761478415655659422	9903785902162875466	0.144337567297
12622177423919249297	9887032231020113422	0.0113753938798
489156303394342880	9888729383080809422	0.0370116605099
3015240370077250263	9892470866587951422	0.019744962592
5798817507757609795	9883482904435026422	0.011576369428
7859035236079331895	9901669926361561422	0.0165702869518
1996381287823312707	9900257839907099422	0.0254823595719
10304246271170824836	9906408718453546422	0.316227766017
4798655194823224271	9896195071360768422	0.0186080731891
6451091102951104803	9896274519822501422	0.0351798772365
4063658459030276410	9884397891397446422	0.0174342010939
2314760995142464684	9906468427041752422	0.07453559925
3998831325042211957	9902021301965370422	0.0252780069583
6268785540345435704	9891940425255516422	0.0102382519472
13942616458466658199	9883710451745076422	0.0143739893644
4164556730010750266	9900947779199858422	0.0102436221296
2968058847786060422	9899696831387453942	0.0149520434672
5960994491423257647	9898212503431064422	0.0166205623829
9372314478586401422	9899547478146164820	0.0306858205966
9372314478586401422	9894169096654208388	0.0733235575107
9372314478586401422	9889466459666558443	0.0114153466057
9372314478586401422	9898550611965597566	0.0401286176953
9372314478586401422	9901000426881225801	0.0155869921597
18041423007869866987	9891262812502636422	0.136082763488
7269561141807959830	9903067895311330422	0.0271163072273
5567577437787317086	9885284810754678422	0.014371020452
3968959965741552189	9894261816469641422	0.013148792076
4187433109585515428	9895431735462334422	0.017321374166
