6577314052545571266	9893514341782401713	0.0206812958148
11876647635929184018	9887459992721938713	0.0156211866992
11507700309023901307	9895428166328334713	0.0275868629534
6950893423470078355	9882949499579985713	0.0144367647024
9625979494757585196	9887040030860932713	0.0108497144528
1582966934041929713	9897153776934822615	0.029514066805
1582966934041929713	9881050445385161463	0.25
1426005493593509839	9897135682155965713	0.0122370516369
5088991242770747713	9904024406008166622	0.0133965955539
5088991242770747713	9902828927602253081	0.0441081091391
5088991242770747713	9885051765876766476	0.213200716356
5088991242770747713	9890391290664401208	0.029617443888
5088991242770747713	9888072626820915928	0.0357142857143
5088991242770747713	9892958182262002384	0.0215365246127
5088991242770747713	9903066993337409772	0.0164889931485
5088991242770747713	9883143709298598950	0.0564332647983
1826207844905879713	9896656694435454650	0.0116515617926
1826207844905879713	9899113432972960930	0.0286534127531
1826207844905879713	9911259012151500487	0.0149637567816
1826207844905879713	9885194998646014517	0.0758098043579
1826207844905879713	9902155704422177756	0.0103164076765
1826207844905879713	9899894537244942761	0.0136896419548
1826207844905879713	9899354999145602647	0.0309492230295
1826207844905879713	9884873447279905662	0.0496291666985
1826207844905879713	9891112351400250449	0.0189524510895
6035680907870119772	9890797929627549713	0.141421356237
7798209390497924793	9880341170244974713	0.117851130198
5833211365903405131	9884999818098941713	0.0181369062528
7719133884503662707	9885211658900195713	0.0324784901231
9330831021156865388	9885781231713868713	0.0363696483727
13435552824879970541	9881931635250443713	0.0418486975319
12402446592262852712	9906946285190832713	0.0353996162702
4294472786574349851	9896937873103942713	0.0190519397053
5808179170068421122	9897520124595776713	0.107211253484
5808179170068421122	9897461897865254713	0.0721687836487
5604349036887868102	9897007400092788713	0.037267799625
5094539700460527713	9898411476480385805	0.0286769667338
5094539700460527713	9898206786877039325	0.034523833988
5094539700460527713	9903083911210258067	0.0755928946018
5094539700460527713	9906384670944654306	0.046175709654
5094539700460527713	9903530364522469246	0.0532246295412
5094539700460527713	9899299894669226682	0.235702260396
5094539700460527713	9888287834773876222	0.0356009427254
5094539700460527713	9905534331838069894	0.0366617787553
5094539700460527713	9904593244446190640	0.0128321184387
5094539700460527713	9883791076968220676	0.0238365647311
5094539700460527713	9903183215146331524	0.0830454798537
5094539700460527713	9907584096409500212	0.0460775677584
5094539700460527713	9896168876493452856	0.0204850948342
5094539700460527713	9897525673809028507	0.166666666667
