7313787339524399826	9894057539227979064	0.0569802882298
10645266065611662121	9903037405406480064	0.0193564501358
4108621386773136064	9882516343494163349	0.0171196739349
4108621386773136064	10588317290263468024	0.0404556697031
8043590659702611064	9886453123551523827	0.0210537980267
8043590659702611064	9904438144526929721	0.166666666667
8043590659702611064	9904319513236293342	0.166666666667
3673131041672652979	9887814164307146064	0.0100564748339
6175561813008605064	9886362327854803283	0.0354663451066
6175561813008605064	9904501800239514135	0.0117647058824
6175561813008605064	9891467789905999732	0.052342392259
6175561813008605064	9894887271032331236	0.0707106781187
6175561813008605064	9900761446315003685	0.022971819377
6175561813008605064	9889539830516021479	0.0176363825846
6175561813008605064	9896795610958045541	0.016678252811
6175561813008605064	9895775470316113832	0.0390732332582
6175561813008605064	9902067017619703591	0.0217958570013
13130130361010686370	9893328215192104064	0.0123035578421
3673307528229172726	9887500193567603064	0.0423333756667
2603320725427999245	9905248033563691064	0.014073344364
16972026481564172126	9900342012698700064	0.0140580389279
5023174321982598630	9909193639731870064	0.0240981346356
6069388146527473622	9883298482798924064	0.4472135955
5996708357382248948	9905232498784234064	0.0132569575857
13218511229989744802	9885711730473711064	0.011413859361
6829829651172362102	9900508373948388064	0.03378686892
859727048624380424	9891242170925627064	0.0225646841203
10430795630365402165	9892014930051333064	0.0164022610435
881321624437148061	9895232672299190064	0.0237960378136
2406883240792169064	9901093911191804953	0.0263431684887
2406883240792169064	9899253277131213411	0.0402584841114
2406883240792169064	9896990082676259435	0.0441510785688
2406883240792169064	9886198556460461006	0.0552157630374
2406883240792169064	9899582769698855809	0.1490711985
2406883240792169064	9900717916691527425	0.0110803749219
2098996649624268829	9909763946974842064	0.0140886998998
5045203805966468831	9882767873963981064	0.0201578492561
5830704641299276682	9900858113154371064	0.204124145232
14806804229540277729	9889825158108679064	0.109108945118
6000565267862960495	9894526528133450064	0.0213394799888
5793757967348674831	9893400924598559064	0.0486216638326
5891933757691573859	9893937460532245064	0.0232119172721
3302643625724036008	9898282910834604064	0.0279946255478
9329519595922056080	9904385483983135064	0.0975900072949
14260380107365867176	9890272169713040064	0.0355334527259
491014379482037789	9888427472764791064	0.0430331482912
17979191111770496558	9885383676582732064	0.0237825747077
9602937815865825229	9893616080931005064	0.0611990061362
885079857971779978	9904726233717496064	0.0283523988562
18385946600040950557	9898649086879346064	0.021393127492
