6174032936940172359	9902116624517582935	0.0721687836487
11589071531072839758	9903293101870524935	0.0145864991498
4106509951702172935	9895275218296588922	0.0355559067267
4106509951702172935	9888026266970615948	0.0236227795631
4106509951702172935	9900854436572307599	0.0294244943168
4106509951702172935	9898881951514530412	0.0257172249937
4106509951702172935	9896232776902362988	0.065795169496
4106509951702172935	9886452505085035052	0.0519174131651
4106509951702172935	9883870177395979158	0.015873015873
4106509951702172935	9903730037519293841	0.0824786098842
4106509951702172935	9885536727736013784	0.0113599696098
4106509951702172935	9910004933277076709	0.0374240594283
2735395681449480101	9904981384835446935	0.0372161463782
1866494771847548011	9907335838812988935	0.032075014955
4583297187056141748	9889258407094606935	0.054392829322
3832774791140111935	9880760732639890415	0.0108682812335
3832774791140111935	9884645242867527309	0.0370624658331
3832774791140111935	9891844896529490008	0.129099444874
3832774791140111935	9887317962445050937	0.0883883476483
3832774791140111935	9896928286804280605	0.0227507877597
3832774791140111935	9888739175616172733	0.0139645193369
3832774791140111935	9900040037873555832	0.116247638744
3832774791140111935	9887632938068794094	0.0388661037168
3832774791140111935	9891599782899519661	0.0119182823656
3832774791140111935	9907593008366763819	0.0181428752857
3832774791140111935	9884616277600107175	0.0332963579106
3832774791140111935	9893000302950540039	0.0559016994375
12040952186815714259	9906871080258265935	0.0120342258714
11420813433799499559	9892068745989071935	0.0146020415081
676353574190509856	9901004889349775935	0.0284901441149
7155130100685919935	9907094062127090854	0.0147650740686
8194278461251309619	9891377861870060935	0.0116499803115
6124428684740632520	9895628754269468935	0.133630620956
10173978426677176693	9893189053965554935	0.117851130198
2017042860280259703	9886705650344443935	0.0137672629244
11963724419489963511	9908150821621265935	0.023186944788
749278394870398935	9895678309529718400	0.0364662478745
749278394870398935	9886391744107362506	0.0115316401004
749278394870398935	9888628348213198578	0.011016316231
749278394870398935	9896053608082157353	0.0102062072616
4855259298888123262	9902472595666303935	0.0272064780895
7663599452522594784	9896400757448375935	0.117041147196
8947720334492243644	9889845116927343935	0.0867109969524
6874310388898349935	9896325277618007100	0.031083493608
6874310388898349935	9899598094190866773	0.0119788400995
6874310388898349935	9883692107971108549	0.0105993833458
6874310388898349935	9897338353127009273	0.0133762058984
6874310388898349935	9904658102661613223	0.0188011115546
6874310388898349935	9891410486496621961	0.0168573912475
10462889525313969067	9902861380462141935	0.0824786098842
