7621804423897994777	9880188973657388773	0.12598815767
7345579464450215159	9896284892118181773	0.0212238179989
5998787051309136751	9884585675930270773	0.0112225034811
315215501087086516	9891108146520742773	0.0188511545272
12281662470178306773	9905818705943399494	0.0126491106407
12281662470178306773	9904246082139886083	0.0219687387582
6690590119091002773	9889118043255599197	0.103142124626
6598749845446936093	9901335649148905773	0.138675049056
6645287391884261930	9883384128821135773	0.0196646282059
13650982375904171161	9891707612318040773	0.0193891683582
1950462339768535403	9885302815278260773	0.0179086127111
3188698427062963225	9904609449235380773	0.0422200330921
11675636225640947722	9888936907457955773	0.0269581933009
14676841602742814510	9893149630297642773	0.0278639106288
7198801560174578455	9896858128525056773	0.0653720450461
5475118949337272572	9900181728735592773	0.017828739558
6833055665242932124	9895809370404865773	0.0198107212938
4404392529805989423	9904527363787119773	0.0340997169735
17800131971598294460	9897086539193027773	0.0123054207474
5300832100000627653	9885359564632885773	0.0456435464588
6695724472323386080	9887509169936957773	0.0113344013361
4659872403492741648	9886359991450683773	0.140028008403
13106229497872423429	9887288091018361773	0.0228217732294
4550691558305289411	9904109313206159773	0.0626224291085
6922390167155183469	9897824504781182773	0.0343401409872
5881343448349005055	9896341486900226773	0.0860662965824
11449157836957767222	9889792056823667773	0.0210398134366
5182554396019124053	9907820319643672773	0.0263157894737
8033990320355647773	9903604405386360404	0.0115624322516
8033990320355647773	9889911023132023903	0.0122905411521
3803135803698957090	9903083808080378773	0.0136082763488
3545094448221831948	9902183887884669773	0.0259237923683
5226847563929698773	9899742984970635316	0.0244557994022
5226847563929698773	9889964083236692913	0.0662266178533
5226847563929698773	9893689619427857752	0.0441941738242
5226847563929698773	9897659230063406755	0.0368105086916
5226847563929698773	9892291568924433781	0.0215315317937
5226847563929698773	9895119551460229034	0.188982236505
5226847563929698773	9899991062393777498	0.106600358178
5226847563929698773	9884664660390638788	0.0480015360737
5226847563929698773	9906498126840774446	0.288675134595
5226847563929698773	9893867740312249474	0.5
5226847563929698773	9895001152100842193	0.042182454061
10759952374175885478	9907162231822732773	0.0307874535904
14855929566682126554	9894133070422890773	0.0106166923709
1736925271373466859	9891109271763956773	0.0833333333333
11536511374697254943	9892059859642324773	0.0150755672289
9517253795089792773	9903395240516513234	0.182574185835
9517253795089792773	9899758833485954182	0.0273281171972
9517253795089792773	9907789198342420228	0.188982236505
