3174699702807105393	9887314998876163408	0.0990147542977
6028453450551888408	9897027539245383066	0.117041147196
6028453450551888408	9883911052515785284	0.0285597738989
2512922353688863648	9890546905906099408	0.0749531688996
6848940649338542102	9897365166628962408	0.0129793532913
10374960192806226360	9907650646906036408	0.102062072616
1410108724708550548	9885149321758828408	0.0130576791124
15999631588545633454	9909713163261260408	0.0273179182354
2300457928490920565	9900698619597062408	0.0118419925023
548275626195415185	9886525291810825408	0.0116618571424
11968395722424404757	9883949342204153408	0.0499376169439
3355446446860528077	9885956728333531408	0.0620173672946
7897378549031838403	9904804011245292408	0.0250391542918
4824093276794565939	9904146426049816408	0.019826289643
3909047674183996174	9900407931880636408	0.0100361955738
1804467768295203240	9888900597750650408	0.0129045687035
3047327190312083408	9902451885343654103	0.0176008335952
3047327190312083408	9901252524264277040	0.0102803648525
3047327190312083408	9890934951965782153	0.0237289498938
1564287592247794403	9899798171144872408	0.0144836300758
3982005950740774501	9881019130834932408	0.0145064713296
2670481115975657124	9895782118910578408	0.0272772362795
1829402609846512011	9886191027417009408	0.0622572806365
2193902572632671075	9892007121707431408	0.0141083161996
4431112426838452873	9898630163266829408	0.0136653343615
13652750747400745220	9892518871479630408	0.111803398875
6072971493222802612	9906146686747409408	0.0142769759542
10015302964577468408	9899361621957305270	0.0159394178266
10015302964577468408	9882302686099327384	0.025
10015302964577468408	9895740543533473125	0.0110566445522
10015302964577468408	9910190196757102963	0.0505076272276
10015302964577468408	9906493535511489676	0.0187382922249
10015302964577468408	9895974430342877516	0.0196116135138
10015302964577468408	9891911279679994579	0.018938850477
10015302964577468408	9896262437967551801	0.0141591367947
10015302964577468408	9883407592217714661	0.057735026919
10015302964577468408	9909493312390479543	0.0108644320104
10015302964577468408	9897361275309552105	0.0512989176043
10015302964577468408	9888275207526262257	0.0410997468263
10015302964577468408	9892723148708909668	0.0156021619854
10015302964577468408	9892860652167584186	0.0113783389657
10015302964577468408	9889766132325641931	0.0620173672946
10015302964577468408	9888463898380031447	0.25
10015302964577468408	9880844282703044680	0.0237289498938
10015302964577468408	9899391308771370557	0.0168549965616
10015302964577468408	9906318378105121006	0.0416666666667
10015302964577468408	9890149462540714482	0.0620173672946
12617618512231537696	9883529354525407408	0.0146995258009
5278619353328380114	9904985533797071408	0.0321246283102
7068157497930999310	9883894057400270408	0.029111125487
