3996950215529555899	9896437530944115531	0.0990147542977
1512838824084005068	9890079299945320531	0.0762492851663
15096799583606778762	9901768753656963531	0.0406222231851
3190217204555796106	9888781541179147531	0.0135357783564
5468463483788273569	9896737323971819531	0.0141041058092
9872965429105988895	9894593637093743531	0.0648203723552
4212817728252571688	9890596912223534531	0.0255822255048
4940294095656546099	9907084372667940531	0.0140234387304
11193646165302404261	9880764598160802531	0.162221421131
6451730824980010924	9907331221607874531	0.0226455406829
1679015570857331526	9887465232565398531	0.0150755672289
10154159119449844424	9905393078994520531	0.25
6675477273019203719	9891951029599673531	0.0524142418361
1205064007215438745	9888699863811811531	0.0309344112445
1582519348472018825	9901600798843680531	0.0780868809443
5068479801712240007	9906923985671365531	0.0229900244936
5434122404774790677	9901503655348099531	0.0276818266179
5017807065194323414	9886735246940193531	0.0184994958956
8094757631951092650	9904940844713798531	0.0202113020864
6088632494437640018	9901961129478442531	0.408248290464
3765056555032372678	9883333925025041531	0.0374765844498
11152762711639375210	9886735685171311531	0.204124145232
3561727895364068124	9893897555981905531	0.0105036453975
18445944316453954904	9903460446643376531	0.0953462589246
3500491021798554058	9906901608979608531	0.0185823536562
5746839078275560050	9897706741050029531	0.0366371652724
3243908648118083415	9884059048553485531	0.119522860933
10372271397355906529	9906691924250755531	0.02387729942
9499881931103250709	9897021384489932531	0.0234403615469
10424647394698938110	9896676047566910531	0.0219793491132
2214559912834523531	9902966495483386264	0.0225188674556
2214559912834523531	9894328212385098366	0.0198301874685
2214559912834523531	9883135162341126555	0.0282503910941
2041830687156227672	9908888555352201531	0.0154138290172
11715800649037306531	9880424866142236153	0.0261711961295
11715800649037306531	9886003139681892976	0.052342392259
5182628159592643670	9892361783020542531	0.154303349962
10368680479666607920	9904061454276509531	0.0863868425581
6245493956241277090	9886996982270625531	0.0174342010939
11466710523948489072	9906486770896253531	0.0250313087161
3714670792556034509	9899235697889710531	0.0113227703414
17794782589888985039	9906645499915183531	0.0177192477985
1936307721176371099	9895573559607371531	0.0110016393664
3857268628921698375	9894129720363987531	0.0877058019307
5836675706639533472	9889721623645422531	0.0354440602504
2769742552580445350	9882088672131913531	0.0163561223838
319105620293262429	9887108458188443531	0.0223774691753
3770796920520011110	9899623413117438531	0.0226688026723
2720429327180930729	9901248615784974531	0.154303349962
5534392807704196733	9909524863316615531	0.0749531688996
