3716133864301103617	9880363796144148096	0.0243975018237
13709463582221188259	9891606933969427096	0.0367111549107
5208442748995087538	9906077400419540096	0.0361787302646
18053671420348704842	9897841220712611096	0.0790569415042
6922376763426737448	9893517833702765096	0.0110096376513
6118722455954266890	9883874730044319096	0.377964473009
1829945855679313478	9899726904672666096	0.0471404520791
7300211131645844568	9880752907130957096	0.0104427608461
4084603938324012096	9894424119013535420	0.115470053838
4084603938324012096	9892513786192477802	0.0337099931232
4084603938324012096	9881341558312046546	0.0198418947533
4084603938324012096	9906593977634362538	0.0312347523777
4084603938324012096	9897163981714689787	0.0242179739848
4084603938324012096	9888623649625111359	0.0144037800479
4084603938324012096	9886804851290328020	0.111803398875
4084603938324012096	9890706163245853907	0.0108785658644
4084603938324012096	9879877214932647748	0.0169151716782
4084603938324012096	9882668243589114876	0.108465228909
4084603938324012096	9884281755434763763	0.0674199862463
4084603938324012096	9893619121837863782	0.0587220219515
4084603938324012096	9897000790120346492	0.0707106781187
4084603938324012096	9896531960012705197	0.0159617376894
4084603938324012096	9888771826019811174	0.169030850946
4084603938324012096	9908276307784519115	0.0292979367655
4084603938324012096	9897668996819712281	0.0139211511597
4084603938324012096	9895189726942283662	0.0327912917892
4084603938324012096	9882051314518537306	0.0195927833477
4084603938324012096	9886782757938018147	0.0162008392252
4084603938324012096	9887819623150985465	0.0894427191
4084603938324012096	9908144353472709697	0.0143003138953
4084603938324012096	9885489281172092995	0.124034734589
4084603938324012096	9901792616444639340	0.0278423023195
4084603938324012096	9901899642817068727	0.060858061945
4084603938324012096	9906481518146650596	0.2
4084603938324012096	9889434054198851979	0.0300150112594
4084603938324012096	9887550629427357455	0.018983159915
4084603938324012096	9888457752246891895	0.0546358364708
4084603938324012096	9884635888398280127	0.0468807230938
4084603938324012096	9901368673058492868	0.0296826088598
4084603938324012096	9895236022436246508	0.0298807152334
4084603938324012096	9899506989519226740	0.0145555627435
4084603938324012096	9906594080697780327	0.115470053838
4084603938324012096	9910439472414236096	0.0243252127705
4084603938324012096	9904521088936251219	0.0370116605099
4084603938324012096	9887550049599233610	0.0117687788289
4084603938324012096	9886995028135475066	0.0107118949331
4084603938324012096	9887559854950041020	0.0210818510678
4084603938324012096	9889923560173655402	0.0278423023195
4084603938324012096	9886440835580142090	0.0304997140665
4084603938324012096	9900037422182938558	0.0177751446181
