7343141636699945192	9888908556321219426	0.0381246425832
9678908057133005142	9888351683687042426	0.0266311820646
12634769010468898872	9899918958380814426	0.109108945118
10622202211227088105	9902355115432530426	0.0103661735595
2726957505607986209	9885076792621901426	0.0548821299948
17704659087068034822	9903484855032514426	0.0237825747077
3447287884707061426	9905329745450800076	0.0490290337845
3447287884707061426	9885490299238114476	0.0467269313516
5355724332321355199	9889056303178078426	0.013252300302
16856561826783251404	9890378508801898426	0.0279399378114
2011856746077914619	9905749037243436426	0.0148038530561
11370571573500898966	9905749037243436426	0.0104679048837
6579920225847675193	9881820558860661426	0.0808452083454
1911518106816557000	9893217916049794426	0.333333333333
15043044529331234402	9897706006607656426	0.0108901710467
3229728816206630426	9882883670629048483	0.0123844351155
3229728816206630426	9906421599087009507	0.0186338998125
3229728816206630426	9895549009577330492	0.0204124145232
3229728816206630426	9898759312933008882	0.0408248290464
3229728816206630426	9898938335767946579	0.0211288563682
3229728816206630426	9884248499508568359	0.0202444082545
3229728816206630426	9892245273495987616	0.0422577127364
3229728816206630426	9905454187666320564	0.017902871851
3229728816206630426	9896556110712615523	0.0211288563682
3229728816206630426	9892215586681922329	0.012461119657
3229728816206630426	9903792228641255637	0.017902871851
3229728816206630426	9904907872207023902	0.0476731294623
3229728816206630426	9904878765233933596	0.0476731294623
4583570381671545912	9892881169119785426	0.0104427608461
6560368870816282423	9897978616733340426	0.0251100980476
4936304631496272891	9891563666443309426	0.57735026919
1287485639023577818	9898970238799835426	0.0571661950475
1763475900675458426	9904414526451135423	0.408248290464
1763475900675458426	9904885723034461842	0.0326164036527
1763475900675458426	9897125297016538807	0.0104990131391
1763475900675458426	9890678963357346429	0.158113883008
1763475900675458426	9882431951664778596	0.0753778361444
1763475900675458426	9894434710426569811	0.0101828981312
1763475900675458426	9906312141847347776	0.018287923899
496029041115563889	9887000087440525426	0.5
4102203900524163988	9899848886016441426	0.0120385853086
3291496720971137067	9901349010760253426	0.0334824765091
6411405128178885698	9892091393307277426	0.0529998940003
12683405425229506056	9888297107520679426	0.0299342170045
3923210659728008164	9902958150284840426	0.024551430807
4325670638866853616	9888128830861311426	0.0152145154863
6250924180611353717	9884082292961497426	0.0237960378136
8918721164690244505	9908596669348136426	0.0138929094097
13428037346470094512	9885026979592464426	0.0157251365931
13328003536429622530	9884996103051882426	0.021790681682
