12500501830201217945	9893064641573363038	0.0975900072949
249643725018801068	9907812794816813038	0.0222167372851
3921895945096357059	9901329283950095038	0.0262975841519
6997209977038557542	9880743995223622038	0.0165430555662
14358690636465716231	9889805405558386038	0.0197372692495
4286377321524126451	9894466999898652038	0.0103672876628
5263218747945838097	9894924328126184038	0.0348155311911
15422308230956977966	9901282468766279038	0.0186338998125
735239994141342848	9887169021492066038	0.0158910431541
1230721148324436379	9895095894715316038	0.0269974623578
2001211510031073214	9896581270579916038	0.028104971366
1028304063355137131	9898630214826269038	0.1
5402397473978081279	9888938200155575038	0.166666666667
18064785845805514038	9901802499131685006	0.0346271680532
18064785845805514038	9883132327732622386	0.0248913375794
18064785845805514038	9887979997306525990	0.0268028133709
18064785845805514038	9887674152715756423	0.0163038662682
4809860921524781992	9887856710260495038	0.0115163359926
13865902860807316038	9879930120397584758	0.0207524268788
373243042634203904	9885968900277443038	0.0123882357708
10567029258488329099	9887596576887863038	0.0151602184179
14304820089636822829	9884632190445218038	0.0333333333333
12270713727568835327	9885708857136251038	0.117851130198
4143640866954711841	9894531325587854038	0.0352453688425
16051098439375330304	9892748811089247038	0.0842151921067
14223428218723058038	9883991553089087188	0.0418853908292
2257984716874760524	9903951387224062038	0.0162221421131
12615149175044741962	9903835457578168038	0.0166251556018
12432434302223077038	9888881326225507722	0.0157018573255
12432434302223077038	9888940699853638296	0.0130023731497
4207824933372606038	9899598871721007396	0.0164310194975
4207824933372606038	9900295859042034596	0.0318788356532
4207824933372606038	9891923713610976465	0.0404226041727
4207824933372606038	9899341469997278137	0.0143208287532
4207824933372606038	9893699240162979361	0.0780868809443
4207824933372606038	9886503739708820857	0.1
4207824933372606038	9891953516390666521	0.035623524994
4207824933372606038	9891331940120927963	0.0162908803113
4207824933372606038	9887899771549402222	0.0721687836487
4207824933372606038	9896307878691160935	0.176776695297
4207824933372606038	9899395462055480582	0.0245145168923
4207824933372606038	9888940373452829825	0.0151237651005
4207824933372606038	9903599101076720246	0.0315597201549
4207824933372606038	9889530785371559125	0.25
4207824933372606038	9886702197224725850	0.0115470053838
4207824933372606038	9902007553758412663	0.0105880887472
4207824933372606038	9900312364622358043	0.0650944554904
4207824933372606038	9891410937459591814	0.138675049056
4207824933372606038	9896430869470858356	0.0569802882298
4207824933372606038	9885460032601757927	0.0311286403182
