6501302530321095184	9905092873646599618	0.4472135955
6369789492902238618	9893986964352745942	0.0135581536137
5842996301983398249	9904740690585506618	0.031481427501
2678167388229544057	9892183245604905618	0.0262703468746
10939996926017959147	9881708808104258618	0.025391835806
4856729257867500850	9898590890134401618	0.0497518595105
4015987214966931119	9885561874726841618	0.0321744726044
5904872894658434618	9899640124808041514	0.0573539334676
5904872894658434618	9896477525653571065	0.0148347707274
5904872894658434618	9899461741980119361	0.0159882369848
5904872894658434618	9893540691411559242	0.0156556072771
5904872894658434618	9889480220784768187	0.166666666667
1943060419123095736	9885390711781012618	0.0636284762976
3640814314311862729	9887135121311305618	0.0469840985735
10532678371238715654	9892689141120232618	0.0386911616267
4374719717438432618	9894666655847812726	0.353553390593
4374719717438432618	9885341439897030688	0.0462744813383
4374719717438432618	9882050060336713806	0.0409960030845
4374719717438432618	9890959235668784046	0.0696733014292
4374719717438432618	9896237149167689613	0.0354663451066
4374719717438432618	9892350903839436896	0.132453235707
4374719717438432618	9886641152862342021	0.0824786098842
4374719717438432618	9905645734731794758	0.0495073771488
4374719717438432618	9898562616271234258	0.0198771414115
4374719717438432618	9898362243235021180	0.0957826285221
4374719717438432618	9884673091374659935	0.136082763488
7673451620437291676	9911633546229555618	0.0785674201318
5000544302192070488	9892814562729155618	0.0486792383511
4479495846665600618	9888920715267484012	0.0444554224474
12647579351063373496	9900757048204401618	0.105409255339
12873422753351090403	9879317773887447618	0.0126108318076
13580274634752550139	9901884137872649618	0.0240284665666
1109889284076063748	9903633989236981618	0.196116135138
7833694739337118680	9897458109616844618	0.016638958141
8446005920359154478	9902795968072600618	0.0101534616513
2498768432451515702	9882635335582812618	0.0350499818616
7220904148258537885	9904704393883282618	0.277350098113
1868243409638676843	9888092430880127618	0.12598815767
4345730933089971956	9890324830337241618	0.0127984438038
2996773262591894375	9905914780047477618	0.0426401432711
5722387331542042813	9895116669556322618	0.0229657606087
5912906731940985481	9894480696635529618	0.0152463117915
6915756948237174405	9903148434388575618	0.0304290309725
1321931091885046465	9883853568714480618	0.0157798600774
2991362220861089153	9887406387123498618	0.0175035010504
4449551701351811471	9887577704839532618	0.160128153805
13347908381785366618	9903517221814952448	0.0237960378136
13347908381785366618	9881473628530062249	0.121267812518
13347908381785366618	9901173398034232193	0.0181608178073
13347908381785366618	9887321763427636215	0.0150108868409
