10691240051982884615	9896367810763462875	0.0326164036527
4650636439948820334	9896378273181821875	0.0376889180722
17853263396715413127	9884473250949834875	0.0395284707521
3014764194719787920	9901437280887376875	0.0441941738242
8428854251818162958	9880330565911162875	0.0247993175322
7552288384865496875	9900124944976688253	0.0230326719852
7552288384865496875	9906007177685654480	0.0233316483307
7552288384865496875	9903722624378928696	0.0721687836487
1466434463869430952	9903037925040847875	0.141421356237
3863182004184486495	9886013915795420875	0.196116135138
2478514204479727085	9904580823306567875	0.0139686059154
2939058704551703620	9898033996051941875	0.0102836258724
11710574862927012374	9896580931206250875	0.154303349962
10672797243271417875	9903329772404737314	0.0146067139123
10672797243271417875	9904120724849118582	0.020480798013
5811703832723369454	9894109967880173875	0.0363696483727
18122075936104252842	9897200059430763875	0.0231248645031
4974433893255441424	9893107745779038875	0.0441941738242
2019148779762807223	9893020145674498875	0.0358517369691
6869142316451487745	9903745984788085875	0.0533760512684
1104761069557423896	9898712330318062875	0.0449466574975
4985613257008758871	9888129298844860875	0.0137373524327
5322696631121739556	9901467886859333875	0.0142479635772
4860944481888395452	9884369613388787875	0.0184900065408
2663420108468590622	9907474067905798875	0.0131249871826
11750911796293697875	9911622228925417788	0.0449466574975
11750911796293697875	9900209358420485454	0.0157134840264
11750911796293697875	9881919836999628004	0.0134778723354
11970997073688266527	9899783383442687875	0.0389840587793
3109922382335800644	9904153826174785875	0.0232873216416
1983052195500379278	9888331218214219875	0.0307437730951
7195342788037994756	9901984695923064875	0.0344214195411
4402063693443948419	9902360054606308875	0.0117492671623
17884062309768345614	9898102827252593875	0.0344622758398
4211039784924504146	9896374768483281875	0.0389840587793
217620026696236218	9894722318482282875	0.0136082763488
5081328448341168442	9888156602116687875	0.012637994095
6135101570185414689	10591165540964552875	0.0132768059634
12039228534570931396	9894990960136275875	0.133630620956
1691324697915624405	9891842195076063875	0.0105001706292
1429502743663742186	9907362484734971875	0.115470053838
4218553159343723749	9909080218226629875	0.0145911566452
3760099587704433409	9883983491519280875	0.0672672793996
7156972163552782112	9905994395878978875	0.0257257335878
4354879236575005738	9888522159551491875	0.301511344578
811280101274543032	9886294213906803875	0.018287923899
5855360966983894743	9880023037631537875	0.0620173672946
4557770107013161831	9879870154027903875	0.031960138605
6592066605734174601	9905502733724285875	0.0165748386033
2933104132460276398	9891189458846215875	0.0131921988571
