12497236743885909196	9897864271721406610	0.0234146452895
2198842618322297610	9910729734812992114	0.57735026919
6025270980396728610	9884175300479719683	0.0393444737682
6025270980396728610	9899562003730588102	0.0182270654144
6025270980396728610	9897144697178521345	0.0181190344406
6025270980396728610	9893273265301818911	0.0434372242763
6025270980396728610	9886987189664525002	0.25
6025270980396728610	9908030317654232110	0.116247638744
6025270980396728610	9904040602356737384	0.0139184540463
6025270980396728610	9900759698324111063	0.1
7483976302329988650	9893687690961342610	0.0338642730739
1591758595021585355	9908766290520059610	0.072547625011
8041942066860492659	9887301740239156610	0.0151445633204
12967163164767035610	9880608858339899860	0.0620173672946
12967163164767035610	9896421257399567987	0.0606339062591
12967163164767035610	9887466641239407186	0.0251021856169
12967163164767035610	9889828018529752210	0.0498754668054
12967163164767035610	9891228963950039658	0.0441081091391
12967163164767035610	9882758558143093497	0.0803219328902
12967163164767035610	9884379990061952149	0.0621369766001
5993217927961049602	9886134784677502610	0.0373456843487
9428185681001586394	9882027498894460610	0.0110123076253
4765226973309911518	9882244076867621610	0.013094570022
7737091222818689241	9897514571225665610	0.0207078841641
3231100113597640373	9889135661267310610	0.025
4084379084686410610	9885054905457072895	0.0438529009654
4084379084686410610	9899759842700129166	0.0573539334676
4084379084686410610	9899530830766858033	0.0721687836487
4084379084686410610	9891654126971077976	0.0944911182523
4084379084686410610	9900391658149528277	0.0384615384615
4084379084686410610	9899848903142325027	0.0615457454897
4084379084686410610	9900891717053898829	0.0433554984762
4084379084686410610	9885569970731638432	0.0158830234497
4084379084686410610	9881097999201159138	0.129099444874
4084379084686410610	9901593553269105962	0.0239182436617
4084379084686410610	9887606691507625561	0.0762492851663
4084379084686410610	9897221989475723317	0.111803398875
4084379084686410610	9894249438290090676	0.0737209780774
4084379084686410610	9885014184837991110	0.144337567297
4084379084686410610	9886373958541799733	0.0106697399944
4084379084686410610	9901590216091947725	0.288675134595
4084379084686410610	9895589987893772796	0.039405520312
4084379084686410610	9893845230411508911	0.0236756861905
4084379084686410610	9905752992894471080	0.013094570022
4084379084686410610	9902258968231286107	0.204124145232
4084379084686410610	9883777741104813279	0.0371647073124
4084379084686410610	9899671130154807612	0.288675134595
4084379084686410610	9892855931830566290	0.0134595475515
4084379084686410610	9899760190597003473	0.22360679775
4084379084686410610	9887766069212216733	0.0821994936527
