4272913745689564027	9893451772675248086	0.0311891430776
9593617191451729401	9903977891432972086	0.0146963506144
1380860118022895362	9897069479513588086	0.333333333333
3374061236701465596	9901126548631521086	0.0216118361537
12605324208185711617	9902017165877002086	0.0132314031006
9416652001836692402	9896532411030376086	0.0341792963512
14203653240330020747	9896531363126442086	0.0242893083779
2104765534307219487	9900587100677865086	0.0368855556782
4444831006882711086	9904008016508142422	0.12598815767
13167214878043546414	9896428240931859086	0.0181788136675
13164194489302126179	9904590654538832086	0.0668153104781
12494230048127113011	9880189295833262086	0.0100564748339
4966096700164764031	9890161140602894086	0.377964473009
5230015674008533086	9903371309046785102	0.0138888888889
5230015674008533086	9894900972036514661	0.037267799625
5230015674008533086	9899881085358326386	0.0314970394174
5230015674008533086	9881737953806455652	0.0113402302907
5230015674008533086	9899345610330358872	0.129099444874
5230015674008533086	9900669847473745873	0.0241402274793
5230015674008533086	9890768783985414085	0.0153212853259
5230015674008533086	9897302988309287104	0.0589255650989
5230015674008533086	9883352036892851981	0.0119865825371
5230015674008533086	9900514159279447841	0.0163956458946
5230015674008533086	10591112424997399163	0.0150892910071
5230015674008533086	9898947484070397675	0.0218217890236
5230015674008533086	9898103793603932539	0.0389249472081
5230015674008533086	9884717694764790172	0.0318788356532
5230015674008533086	9890270331413160950	0.0184052543458
5230015674008533086	9905302802995830284	0.0208333333333
5230015674008533086	9898835990973117121	0.0385758374905
5230015674008533086	9896797642440543139	0.0171599555764
5681008151873485059	9905394629365394086	0.0183493960854
9619459738675740086	9900430789599534821	0.0185695338177
9619459738675740086	9904146155420910470	0.022086305215
9619459738675740086	10215862067841290666	0.0146020415081
9619459738675740086	9897918908183552148	0.0534522483825
9619459738675740086	10583811654836321664	0.0167836271659
9619459738675740086	9900371415971404247	0.0223049868373
9619459738675740086	9907925640769145999	0.0620173672946
9619459738675740086	9896872172972251069	0.0182270654144
9619459738675740086	9909617699032763814	0.0118929691709
9619459738675740086	9898663238717011528	0.0134839972493
9619459738675740086	9882160011473862034	0.0263523138347
9619459738675740086	9895987246495695057	0.0134110445196
9619459738675740086	10583495115616317922	0.0124902458042
9619459738675740086	9893480141003234434	0.0206724557649
9619459738675740086	9898280853557681970	0.0207613699634
9619459738675740086	9894994516428807044	0.0104144068409
9619459738675740086	9898067342253878583	0.0268220890393
9619459738675740086	9900950171388919341	0.037529331252
