9284395467858523525	9888235457588443169	0.0391030943503
17737116443450911396	9886957361275078169	0.0152145154863
13056629615165394243	9906040961824752169	0.0123381591828
13944492538337332632	9889207894096566169	0.010149277245
434887926769928359	9889598632898771169	0.028171808491
6695339317909184153	9899786072120329169	0.0134729784092
3893945291825527169	9900931595835584061	0.0139699689057
3893945291825527169	9897899219960051282	0.0944911182523
2035371296925869390	9906229652737169169	0.176776695297
7689476980431156941	9894524303301250169	0.0505076272276
5977752698979449421	9894412024309699169	0.138675049056
11001369814098737451	9893441773986275169	0.0705345615859
4955267379903121088	9892973837344359169	0.0147074727798
9442354568244102136	9893127704409068169	0.010755175493
5989737479113362687	9892016188440105169	0.0410304969931
12561837044894044563	9887540939997340169	0.0328443092721
11854530953937036876	9890358215095920169	0.058222250974
11996516454500770551	9898590168590666169	0.0259237923683
17630051761852344773	9897169908788597169	0.0172285804226
2051662327412997888	9892260756804221169	0.0590281336101
13512141484955139656	9888549660355264169	0.010934350421
2645683026969768659	9891079404665283169	0.0156402811772
1249540277021905068	9896375064883672169	0.0571661950475
1735256874889282142	9894781511773490169	0.035805743702
2196427385826565192	9910443277613972169	0.0172825282455
4994681925407495664	9899255489041510169	0.0468807230938
5508857737145745169	9888403605633561771	0.0240146053214
9274203454199930210	9890321050838384169	0.0324272217563
2018275767997679169	9906590614651519848	0.124034734589
2018275767997679169	9904728664722887799	0.0355110412114
2018275767997679169	9886491245516732713	0.0295656197995
2018275767997679169	9899074095368380352	0.0127932060529
2018275767997679169	9897358453524437611	0.138675049056
2018275767997679169	9886109985672471766	0.0109976467554
4370393519506501382	9902921119031342169	0.0103784484881
15072162487299703169	9894242437551349893	0.0331133089266
15072162487299703169	9905814943509557155	0.0420331351709
15072162487299703169	9900549678655969770	0.235702260396
15072162487299703169	9898352128592545838	0.0693375245282
15072162487299703169	9902812885917245796	0.0291854202709
14605569093310150896	9888125145751408169	0.0239938583583
4208289644042496433	9889506896779509169	0.030303030303
8961119377927184501	9903491001187684169	0.154303349962
12132544685208403721	9895942995513037169	0.123091490979
11113650751541662988	9887085913883802169	0.0168789894514
3279040468697566474	9896450699257223169	0.0936585811582
12606694969459572382	9887287498236312169	0.0883883476483
4694544336522041395	9903180148643082169	0.0430331482912
4294312513430043939	9900769271809231169	0.0186338998125
464380792719515322	9893629236552995169	0.0402911482013
