6955098758986000347	9889499638265231468	0.0880450906326
6955098758986000347	10588390515309574859	0.0880450906326
6955098758986000347	9886364372322354986	0.0127994921262
6955098758986000347	9893377680223130050	0.0819231920519
6955098758986000347	9911147819814659698	0.0367111549107
6372123817115548913	9894593533971644347	0.0120806783926
5936527970324876901	9895291929983558347	0.0147554268451
3954837661027218093	9902660079614909347	0.114707866935
3064313507188074896	9889920416163509347	0.0137360563949
6477367240414581712	9905966753399001347	0.0149872662333
3802465879411427643	9896877039247510347	0.0105164157918
5713420741449353110	9902189385502875347	0.019245008973
15036048623847833154	9890395272154883347	0.0180187492539
6637771744529352347	9898221625963271525	0.0184427778391
6637771744529352347	9907379247929312691	0.017902871851
6637771744529352347	9904140954194437430	0.0345032779671
6637771744529352347	9896521884056717848	0.0144037800479
6637771744529352347	9891874428640296044	0.0512989176043
7674476386367405589	9906246699418693347	0.0539163866017
6845950316392108347	9885953829268145409	0.0117073226448
6845950316392108347	9902859039577317731	0.0883883476483
6845950316392108347	9890911552905005272	0.0179489539654
6845950316392108347	9886677724484381530	0.0435194139889
6845950316392108347	9892981894642230317	0.0521286035143
6845950316392108347	9902776344356536599	0.0307728727448
5906832992698113793	9895378765537101347	0.0435194139889
6506666665729119447	9901934689581025347	0.0114347338437
2644211764343460576	9901873361776761347	0.0130554533084
9809047629999317120	9902459762278622347	0.0467269313516
4543993496778756362	9896669734139431347	0.0264258211291
3440055754998100851	9893972125215508347	0.140028008403
5370153944945966279	9884591950901498347	0.0529998940003
3918318520547022347	9887780637774958083	0.0353553390593
18375587134523567347	9905965224456293611	0.0184083725592
5123182921379512476	9906384400337913347	0.029025161208
8138731829525799279	9899421098590204347	0.196116135138
10639761351414294086	9902839145412605347	0.0108033953925
1266035235671401294	9911581594353286347	0.277350098113
4612650209298213048	9899705472709409347	0.0128363464845
2035652539787970609	9905754328574023347	0.01490711985
4206769882561738866	9897914407089505347	0.0210305058434
15231323369840349444	9906157162289602347	0.0928476690885
978798879352643660	9902121009620445347	0.0487950036474
7807668888511194947	9896249888115103347	0.0267739776301
1032609670971919266	9897176943917122347	0.0130144801574
7091477125545714165	9885334752673356347	0.0154413684871
3658915471046355228	9880533043633936347	0.065795169496
5445466145375096587	9901198918867923347	0.0158113883008
3735616144071598546	9905748805318284347	0.0567961834247
4923631106092082668	9903143478185071347	0.0143355363967
