4279818380370276894	9899427128874267762	0.0175492619155
4690030987005103762	9905153488486676967	0.0167365481751
4690030987005103762	9897560274107519879	0.018269602381
4690030987005103762	9882459607055054090	0.0206812958148
4690030987005103762	9908119442597873067	0.0690065559342
4690030987005103762	9893491445379026248	0.0331496772066
4690030987005103762	9903325468769928685	0.0252538136138
11191212297952642522	9902674553588569762	0.0668153104781
6312201852694471751	9898893517760122762	0.106600358178
5796198221766756762	9888781695835969362	0.0134876762082
5796198221766756762	9896019561847287378	0.0539949247156
18114860525340509762	9883344752518487990	0.0175682092232
18114860525340509762	9895635974095999336	0.0133014480745
18114860525340509762	9905725999097430147	0.0152463117915
18114860525340509762	9905549793722039058	0.0180598410958
18114860525340509762	9893708646149291986	0.0341394370999
18114860525340509762	9884608155826997525	0.012509777084
18114860525340509762	10588856991624083106	0.0150075056297
5243504181509392934	9889930402099397762	0.0901669634667
6042459229177490111	9895696163684031762	0.0100271098444
13375482598396049517	9896285746736050762	0.0215765926001
9247917876251258314	9892848359934342762	0.0492067831305
3202724234420034053	9890309939680618762	0.0140580389279
5316343711544586762	9897150053071709983	0.0366864419124
5316343711544586762	9881019972596469242	0.0569802882298
5316343711544586762	9891543578874619389	0.104828483672
5316343711544586762	9906140282974000955	0.0224790059823
5316343711544586762	9893318435419437637	0.213200716356
5316343711544586762	9894269513042018011	0.0625
5316343711544586762	9883324523200519660	0.0614295116834
12508806473677418753	9886354554036346762	0.0108541873763
2233041179870467224	9895102504763584762	0.0423333756667
6626928643283222045	9905572750400751762	0.0275240941282
2472232400292926380	9889656142605026762	0.0259499648054
12985291190420651256	9887155337711877762	0.0464238345443
12782806582194271743	9884453498428939762	0.0737209780774
8774979059265099940	9902461549002687762	0.0451753951453
4106143875226162968	9895102504763584762	0.0518475847365
5597976288840964151	9881037032179387762	0.0243975018237
4613065491148940401	9891219673839513762	0.035805743702
14876048916274898762	9903851679566131195	0.0121232161242
14876048916274898762	9900033440686056402	0.0278315169996
10413850876768936735	9889093270014418762	0.0223049868373
1292524473578856762	9884954321514192361	0.0222387014401
1292524473578856762	9905369508195449639	0.0112196777216
7480274243180385140	9893789155293582762	0.011993477322
12294938259777480389	9892584296703709762	0.017220914758
66963861247766762	9910737053414377282	0.0845154254729
66963861247766762	9904662822883825975	0.0280056016806
66963861247766762	9890493326281302943	0.182574185835
