12247656855306444019	9896950238232494856	0.0660818600455
5170545773694374856	9885715402693294742	0.0204765038945
5170545773694374856	9894166030066566413	0.011160825503
5170545773694374856	9900193307983256912	0.0101950625034
5170545773694374856	9898699445392987849	0.0120047067678
5170545773694374856	9899016856416449751	0.0210398134366
11272288048140779856	9901275356357715744	0.0860662965824
6244930078125721057	9895454464526198856	0.0478913142611
5521605592625828271	9889166069705054856	0.0220540545696
4388510392314727856	9901376120569831675	0.0153664409951
4388510392314727856	9891284987400614493	0.0142133810904
4388510392314727856	9895961816040485464	0.0287479787288
4388510392314727856	9908540048730798790	0.0107272922315
13474529898067772509	9906299063693520856	0.0207703246199
4862722560378118225	9888956041570162856	0.0357142857143
5107708373753282535	9887754416936178856	0.0124485614496
5324032327182265868	9898865123778846856	0.0260643017571
14974498113753861357	9884917286087507856	0.0279508497187
6383440234525720682	9908865414002191856	0.038096965888
14797493560898997140	9897484974682833856	0.12598815767
7249810863682864856	9905290137231886545	0.0110607017884
12629579271071120031	9902282560626396856	0.0330770600828
4823298920008244042	9909352265712028856	0.0762492851663
17202224849591409856	9905789044834666816	0.0336717514851
17202224849591409856	9892765175017035473	0.0122096572626
17202224849591409856	9892787852377967962	0.0165793940077
17202224849591409856	9881228424537401770	0.0741249316661
17202224849591409856	9901448353327541468	0.0737209780774
17202224849591409856	9889089752380035682	0.0113285813607
17202224849591409856	9905915218174622247	0.0615457454897
17202224849591409856	9901062918759035458	0.0166666666667
17202224849591409856	9902964335107030473	0.0298009977541
17202224849591409856	9910121288275543572	0.0104087637049
17202224849591409856	9887543723040044034	0.0108426967319
17202224849591409856	9892617526961073710	0.408248290464
17202224849591409856	9899212775579633870	0.0402911482013
17202224849591409856	9887261565165814523	0.0441941738242
17202224849591409856	9910358898753690637	0.0103672876628
17202224849591409856	9882323800165151405	0.0318142381488
17202224849591409856	9908504039673590473	0.0245588336206
17202224849591409856	9890055643352052162	0.0124941447417
17202224849591409856	9900604757224661114	0.050379272186
17202224849591409856	9897179598272759940	0.0350070021007
17202224849591409856	9895873764900688489	0.0487950036474
17202224849591409856	9885583783544837158	0.0615457454897
17202224849591409856	9906849218912839272	0.109108945118
17202224849591409856	9911001417342514475	0.01490711985
17202224849591409856	9902752026322482783	0.0239731650743
17202224849591409856	3297950311125686515	0.171498585143
17202224849591409856	9887066792736892549	0.0161374306092
