1919319557941955787	9901680169923911712	0.0146223210478
1073770055519889872	9901563067556681712	0.0671156055214
4793475969220358500	9901405588342445712	0.0638876565
3443955038109979344	9890817291262280712	0.208514414057
6182522866165410744	9909865424164090712	0.029160592176
4795775030599329430	9889450160198170712	0.0533760512684
2873549720534315712	9895547467627134660	0.0194257172471
2873549720534315712	9882321480887510767	0.0219740420145
8594820400081257801	9905776211556948712	0.115470053838
423815602836767456	9881350380179270712	0.0140886998998
18218694251229430308	9896262218850128712	0.0350284722052
6884463722858755712	9908140148597376993	0.0710669054519
6884463722858755712	9886201541474221878	0.0387492129146
7575881281026822366	9889472253547763712	0.0147699047817
6670975621926599498	9895364149862247712	0.0126390034791
2162770390411133712	9898148950797699863	0.0145989290618
2162770390411133712	9894294011495579175	0.0387492129146
2162770390411133712	9893170727259221041	0.0203027376027
2162770390411133712	9886129493429586993	0.0410997468263
2162770390411133712	9907151365529642903	0.040756957297
12292699624930704021	9896719186376875712	0.0586210381761
6629801543826685900	9906145638762613712	0.0411693484796
11584798337710001712	9903166503439681353	0.0172928615967
9455762913470241411	9882694490196711712	0.0413802944301
10218571530363790778	9893252168428897712	0.0128649955265
12601377773803777449	9892253682885282712	0.0100758544372
3751940096198919005	9906438998025646712	0.0132979193708
1278927147430159431	9902338249139036712	0.011032394541
14179535523948348975	9895720571870920712	0.188982236505
8647045548147420142	9888603136873173712	0.028171808491
5791695603548521403	9903166052500251712	0.0112494551177
10762344314252532805	9904644672205667712	0.0598684340089
3673183695350369345	9880817791290884712	0.0833333333333
3486560332390255598	9908995852223518712	0.182574185835
5072940206741991266	9886877199898109712	0.0944911182523
8554169109564786382	9889400875571326712	0.0662266178533
11268356303837631914	9886092964630843712	0.058222250974
3518325215288574253	9901958423759652712	0.0225074568303
7953185584725237022	9896924717699245712	0.0215165741456
1711100010879896712	9888621738425475551	0.0133274113551
1711100010879896712	9890251266124320425	0.0469323254464
1711100010879896712	10590648276581703981	0.0157407137505
1711100010879896712	9894388247355614110	0.25
1711100010879896712	9908593795975971903	0.0138648388468
5787499650209604601	9889441853721572712	0.0132476479233
7170116388031092930	9910207114559970712	0.1490711985
5332622471370757186	9882730696708721712	0.0529998940003
6767610358483001712	9904967310239611542	0.0700140042014
6767610358483001712	9884487415794831728	0.0110458470452
6767610358483001712	9890838130465614842	0.0350070021007
