5159899775048830211	9890294623906794118	0.0246781968202
13066014632888673708	9886286594685039118	0.0246332319541
1609623584097627666	9901327613189546118	0.171498585143
1073997823422232781	9900559793306796118	0.0255488065154
6028455974700458559	9887748257938886118	0.0194735412612
2857667511171822835	9887801150589070118	0.0115064209361
3746737508169851711	9900702562390716118	0.0160189777111
4023435690019731397	9894607853246909118	0.0278639106288
1636677342549822747	9898461950789223118	0.0189694931315
11130337514523206118	9893627711683087577	0.0210165675855
11130337514523206118	9888221645041288427	0.021281413269
11130337514523206118	9889351629424922843	0.0210351580956
11130337514523206118	9896421244390475018	0.017450120319
11130337514523206118	9882652189084232474	0.0143267063765
11130337514523206118	9898673834531519610	0.0205759574602
11130337514523206118	9901257931665033940	0.0753778361444
11130337514523206118	9900209435625860085	0.0268607654675
11130337514523206118	9902829004895889977	0.0147602480923
1660964506253318028	9887976969334539118	0.0215967106395
5998519317284676896	9890847510747098118	0.0406557814091
4251908540058416118	9881176025945729632	0.0890870806375
9376829756185788766	9904712365342745118	0.158113883008
2365530157422616118	9885270826358203319	0.0163692651118
6026731665345802523	9898968426256535118	0.0167506302543
8269718957549945505	10596527365257900118	0.0128289501448
3492404433267010042	10608851314258097118	0.0890870806375
4838442687816569340	9909057390500205118	0.0118353555437
7111769076813942709	9886582247282664118	0.0501254707117
2458410913459051489	9905501840386216118	0.0322748612184
5696771824191293220	9890338204911034118	0.0187944692256
4052996956780037118	9909136800103776165	0.150755672289
4052996956780037118	9879602285448772950	0.0683585927025
4052996956780037118	9905853022811351810	0.0568880123989
4052996956780037118	9903694500807195707	0.0208832444724
4052996956780037118	9899719405624006552	0.0535287727572
4052996956780037118	9889438688336708432	0.0124873239953
8481396651315056404	9887380840776585118	0.0110926387607
12378839488605186351	9904411915132091118	0.0162650012158
3273649138911318542	9898530069117205118	0.0130532286422
1767255407784254686	9903074582589499118	0.0220112726581
6040267778491738830	9882677632450480118	0.0311286403182
3513018476512959393	9892893972448628118	0.0287717668824
1069279254273130324	9905369585477547118	0.0405220449237
5391513260521687597	9890938198921903118	0.0156097635264
2355063296543610628	9905465011065738118	0.0589255650989
12795283689141370756	9905971138579138118	0.0119557024965
10594922335241246030	9890641953596047118	0.0138969334241
6549095079354858360	9905276981721244118	0.57735026919
6716090167928292690	9894805284423995118	0.0276500631805
2990982888527641475	9881737940856243118	0.106600358178
