12362483727948606667	9905352216610579439	0.0130288321355
6084459990538818047	9889033677321464439	0.0110579964681
3537534613458074477	9899938156934602439	0.0104799696501
3935464026580792162	9884013139616262439	0.0192094687599
1026969497869163126	9897792142237938439	0.132453235707
3418461891609951620	9906423931257556439	0.0357142857143
10322273202053584439	9899291059988127219	0.19245008973
10322273202053584439	9900687259321099060	0.0357599269926
10322273202053584439	9885264139091894037	0.160128153805
10322273202053584439	9901274879539902519	0.0209564871154
4737507809787524439	9910577714444585002	0.0118761830381
4737507809787524439	9896836301446791164	0.0371390676354
15240086285567572586	9900017386202674439	0.0313419570404
3491026642403629372	9904162867148763439	0.141421356237
2161801613238259539	9890241757099296439	0.0213103872964
13944921905867507878	9903252754969711439	0.0533760512684
12797291779385882439	9889144367194884636	0.0811107105654
12797291779385882439	9902891303460271520	0.0171700704936
12797291779385882439	9901282391638858569	0.0515710623129
12797291779385882439	9902766345724349287	0.0346687622641
12797291779385882439	9899435173340839119	0.0236227795631
12797291779385882439	9896885354310243105	0.0707106781187
12797291779385882439	9901232063121247778	0.0227980376294
12797291779385882439	9901166917010243003	0.0336336396998
12797291779385882439	9889492616019716190	0.0119557024965
12797291779385882439	9896174489890435526	0.0416666666667
12797291779385882439	9903165975144904262	0.029617443888
12797291779385882439	9905592880938721828	0.0241684122261
12797291779385882439	9903054172881458375	0.0272367355351
6696135672201656580	9902642736429802439	0.0151358869729
4894472316023154439	9886827554393103019	0.0221839127354
4894472316023154439	9891119141555607655	0.0119022319373
6543946850312226979	9906422415154024439	0.0936585811582
2834302907996775533	9909112907240940439	0.0168025703177
2046960345823678233	9903242021968379439	0.0233380014005
6416530333357534134	9903242021968379439	0.0404226041727
4798480947809757829	9905470925242182439	0.0302891266408
13278112223863490260	9886783273366239439	0.0176418708008
13009363761194850039	9880840546067974439	0.0480015360737
4629484511475407439	9895245230825693320	0.0525588331228
4629484511475407439	9905790067063468973	0.0190692517849
4629484511475407439	9890036663763763225	0.03220783132
4966487531308446544	9891550124406869439	0.0529256124025
2415981553405378948	9895603439662734439	0.046373889576
1165712823923803520	9884215862167379439	0.068041381744
133904818750419439	9894731995137656268	0.2
11671754245197406030	9901848614235977439	0.0237423220842
12120963634292611074	9894850587732335439	0.0242678419058
5145652349754914439	9886768889543382331	0.021219039474
5145652349754914439	9886982156052422182	0.0506369683542
