4052666241752085229	9898915052749922159	0.0975900072949
453693484373576931	9888095819672641159	0.0542326144547
10392395269037324639	9901530597648476159	0.0243540512072
4170027458229040700	9882718121133166159	0.0386333704643
5065610909712147159	9897550571709683264	0.0170201979392
5065610909712147159	9887627685399912231	0.0110810551794
5065610909712147159	9910618735673937313	0.0548821299948
5065610909712147159	9895984012519857599	0.0124805144075
5065610909712147159	9886291082908965075	0.0305423610891
5065610909712147159	9898817728833335669	0.0136640585986
6103278397618924185	9899573995203929159	0.0126744850105
5468178834132875959	9888710407844404159	0.019090088708
7479478999558340987	9884228553687130159	0.0202610224618
18379056256957211213	9885198864222158159	0.0301511344578
9771877240113832183	9882487133468618159	0.109108945118
2280745381075394027	9883927107186972159	0.0207613699634
14273034438870589546	9900036984063068159	0.0109949874283
18041433082134478445	9906861223302482159	0.024922239314
4889507786652020159	9896474343196854074	0.105409255339
4889507786652020159	9888023148828217658	0.012422599875
4889507786652020159	9886580293097872190	0.0387492129146
4889507786652020159	9894733648635079321	0.0163168833291
4889507786652020159	9891206389563691059	0.0223718685071
4889507786652020159	9893059805393408346	0.060858061945
4889507786652020159	9904892062320796084	0.0141195623681
4889507786652020159	9905807942728608307	0.0113621692361
4889507786652020159	9898498479659487555	0.0374240594283
4889507786652020159	9900215491560976287	0.0193311168257
4889507786652020159	9883149765343431178	0.051031036308
4889507786652020159	9905867316356738881	0.0145156381371
3988140259389540694	9886235690731632159	0.0160128153805
5979057403615656016	9891391678673308159	0.0113039461051
5747739896635146941	9899785427831327159	0.0108850086046
4876252971623904585	9909564896675545159	0.0708881205008
2078984636509948466	9908704211007091159	0.0497518595105
2396912735195164227	9908451817216628159	0.0845154254729
9761491459253745389	9895159511792765159	0.02484519975
12623431825812919356	9903163578731622159	0.0195627675762
5178933831602573230	9906971810145718159	0.0652328073053
11713072172679952809	9905794984743196159	0.0735214622094
14129058830284507957	9889215822555264159	0.0217134916354
3857279448304616306	9894585644116117159	0.0173032135051
1889978596197242423	9893119539896482159	0.0189286692109
4496287258776134753	9909564896675545159	0.0409272754535
1058327873340952894	9902417452514059159	0.0172516389836
11303941772677434196	9891115469467359159	0.132453235707
5912529717100109435	9892348382791988159	0.0213200716356
1076626619889334544	9889572893254280159	0.0483368244523
6873134401422021676	9907322760568048159	0.0259937622455
14194141309188956159	9883937775844734294	0.0404888165089
