6870950845099191893	9906327573686033816	0.176776695297
4868849877254421441	9895586495975667816	0.121267812518
1113745995354274816	9890408144209494939	0.0256917497769
1113745995354274816	9902619427682000478	0.0288675134595
1113745995354274816	9901547738782802618	0.0290496446887
1113745995354274816	9890616703433721221	0.015598365377
1113745995354274816	9884052335532006268	0.0114670152692
1113745995354274816	9901320938688154420	0.0156556072771
1113745995354274816	9888735052584074871	0.0380693493813
1113745995354274816	9884946676594268022	0.0196304980762
12796045827313048088	9897413484988754816	0.0161290322581
2033244651733791713	9902249149943679816	0.0402911482013
12624099570793188705	9899944882908524816	0.0234920492867
1326009377910972678	9897327903478958816	0.0130410132739
5992721476622916816	9907905153820688863	0.229415733871
5992721476622916816	9895809087017689712	0.0218844054766
5992721476622916816	9896980406183146660	0.0241966959248
5992721476622916816	9897725913731228553	0.0115717181042
5992721476622916816	9884671463608829853	0.0229900244936
5135854520217385707	9893357773001577816	0.0202278348516
14156595272594409816	9901509681036137472	0.0154672056222
14156595272594409816	9890462071777547932	0.0109369659815
14156595272594409816	9902319037673508635	0.0139076812474
14156595272594409816	9897216410401853889	0.0113155191269
14156595272594409816	9898912892310427545	0.0140580389279
2781794801204738667	9894827665518084816	0.102062072616
3169312520872321816	9900111359990559506	0.0540738070436
6382614927814246816	9893845114392327030	0.0741249316661
6382614927814246816	9895768405036883398	0.0137881858285
6382614927814246816	9907786196110106247	0.0741249316661
6382614927814246816	9900054030776671596	0.023236970617
3404267269969233919	9896447529705534816	0.070359754473
6095745681941344816	9902354947977144732	0.057735026919
5825304553249688586	9898800755025703816	0.0205152484966
6199062950087022663	9902308510679762816	0.288675134595
334008409428049816	9899662669108035322	0.01689343446
1118616092662815249	9903321289824841816	0.0151099471304
13651472824587672857	9888285390872805816	0.0637576713063
2922907176429092816	9883417410511892882	0.0457868546496
2922907176429092816	9903928851493616218	0.144337567297
2922907176429092816	9906500961435321545	0.0139292519176
2922907176429092816	9892772364745517128	0.039013715732
5702047659243339373	9892463457602815816	0.138675049056
5218334609603544616	9909186741951403816	0.0183896870129
14023567070169751576	9892689437578523816	0.267261241912
6852480754119699467	9908458311287286816	0.0104087637049
3744047196370325735	9900092603977694816	0.0308020551817
4753070205281092784	9905826557130464816	0.0109592742921
3042789050095090816	9888660062400695802	0.0485071250073
3042789050095090816	9901412511745718462	0.0233380014005
