3883857599323357250	9897010737288041742	0.0335956570342
10210832756176230742	9894826643303347982	0.0148478467729
13767493332669304008	9888381460726077742	0.316227766017
10330968762434413969	9887099988506953742	0.0163912402393
15055172236727226742	9909036383785735157	0.0125362902407
15055172236727226742	9893893883777415161	0.047619047619
15055172236727226742	9894650175978414205	0.0155473809339
15055172236727226742	9900656782280792633	0.0134815462818
15055172236727226742	9905424939029244531	0.0123939433204
15055172236727226742	9900450232982031028	0.013087839325
15055172236727226742	9901242422533089132	0.0121419682099
15055172236727226742	9899138395298527766	0.015240998562
15055172236727226742	9895737790573339704	0.0455015755193
15055172236727226742	9888821188122924895	0.02326210526
15055172236727226742	9893176327902922994	0.0123147479834
15055172236727226742	9886248536990589514	0.0136653343615
15055172236727226742	9895743000288957321	0.109108945118
15055172236727226742	9888719659263854624	0.0160872363022
15055172236727226742	9889890742352671599	0.0272772362795
15055172236727226742	9888556515084486880	0.0169369930225
15055172236727226742	9907791448822338303	0.0262703468746
15055172236727226742	9903448803132822902	0.0145478593491
15055172236727226742	9903611728375708529	0.0975900072949
15055172236727226742	9899085829216904726	0.0192879187453
3344567226783403224	9896532810510662742	0.0108657146303
7521855891738799488	9901585972629075742	0.0184868466662
84960311289677228	9905275843524801742	0.0158351588805
1377684419014620742	9905808269210462270	0.0928476690885
1377684419014620742	9896934226752876736	0.0693375245282
1377684419014620742	9903127372097507564	0.1
1377684419014620742	9886053326483945502	0.22360679775
1377684419014620742	9888417628689120641	0.0498754668054
1377684419014620742	9882668565804061920	0.150755672289
1377684419014620742	9896640395103587870	0.0177053557949
1377684419014620742	9901597148230872376	0.0241261720327
214903010743334368	9883797880186126742	0.0210258566766
13052429028508194742	9902645927533081673	0.0211666878334
13052429028508194742	9906706763486952846	0.4472135955
4538520634521102439	9901412421563153742	0.0511644510097
12512524205929334301	9890778950170852742	0.0350070021007
12512524205929334301	9895438744893604742	0.0248759297552
3421662381582648764	9897692876861988742	0.0150704304576
2857407889315130802	9899616502504415742	0.0124044276824
1888441564901801363	9903263299086898742	0.0260643017571
6489671148863408049	9886982400953020742	0.0202776776413
2127663121523576893	9892252995765391742	0.0121446541889
2117022807747403457	9901318250156527742	0.0432337701167
8393035112337587462	9906991846161300742	0.0413802944301
7259516812148284742	9899166235345123587	0.0165272324582
7259516812148284742	9883599864926450362	0.0228158323798
