8656846756943931306	9888156666390970459	0.0369610635477
10924194319215836485	9892093128541524459	0.0800640769025
6646572845586311740	9890111989005804459	0.0316385998584
2696283840112428149	9902322800044823459	0.0163321093783
13100620742441792670	9903003389199903459	0.171498585143
2716398576707355139	9901330666935931459	0.0431531852002
2377871089131822071	9897467927966210459	0.0201129496677
2377871089131822071	9899487211113977459	0.077151674981
15076218417481104559	9909435038346776459	0.0181638134061
5704958601672705749	9894447646834546459	0.0749531688996
4382055319660596259	9896344630817682459	0.0171096477707
5895735454677195338	9901057833409125459	0.0106861760606
12409110969011553448	10592561856084597459	0.0690065559342
1929336993590105459	9904483705553317013	0.0341792963512
1929336993590105459	9903597164091215888	0.0688428390822
4184489024936454843	9893827432118053459	0.0137516331034
12519170495987774961	9910193353513335459	0.4472135955
3028947354583804213	9888827643366494459	0.010496699307
4662688678859994362	9892923362993415459	0.0113344013361
4759110826755843416	9897977701814901459	0.0928476690885
3009770039583080074	9898302611911944459	0.025515518154
11791366836583013745	9902398473137246459	0.023312620206
6143910787781373459	9898560971434952579	0.0148856338853
6143910787781373459	9907120978661735382	0.130188910981
6143910787781373459	9888196081375979972	0.0803219328902
6143910787781373459	9903299467009594566	0.0712470499879
6143910787781373459	9884675664153123963	0.0894427191
7829910586920389148	9887731688040239459	0.032756089104
8538975747295803459	9898748382242173659	0.0381246425832
8538975747295803459	9886624028792121461	0.0156479385981
8538975747295803459	9883185426416542736	0.0411345034895
8538975747295803459	9901434386055331571	0.010602361621
8538975747295803459	9881926318171432948	0.0479463301485
8538975747295803459	9887614843390045118	0.0595491334175
8538975747295803459	9887380673153364520	0.0152658412819
3310638149445470678	9900667661338239459	0.0310086836473
4518782034645415459	9910273046624311577	0.0220755392844
4518782034645415459	9907475021399277576	0.0291978581237
4518782034645415459	9887185282200304852	0.0216067907851
4518782034645415459	9894534095869831661	0.0880450906326
4518782034645415459	9888671860712122997	0.235702260396
4518782034645415459	9887377915866086682	0.0671156055214
4518782034645415459	9886500544198776025	0.0705345615859
4518782034645415459	9899130660181619127	0.166666666667
4518782034645415459	9897854865705072598	0.0524863881081
4518782034645415459	9900316036765130827	0.0153864363724
4518782034645415459	9900398229547410852	0.0185759404192
4518782034645415459	9904889124655833053	0.0168789894514
4518782034645415459	9881907033728287596	0.0314970394174
1652626865995707854	9898975929514558459	0.012598815767
