9284465668711045770	9888824383475234972	0.0221186977602
9284465668711045770	9896159547789557725	0.11396057646
9284465668711045770	9897699731624061386	0.119522860933
7588904935711114616	10608864121879337770	0.0352234976838
1772895437845913376	9884323730203935770	0.0241402274793
2697717818279584384	9884149934308186770	0.0137516331034
2203567556238083868	9896408333804083770	0.0157018573255
1403994628160009323	9888885994805088770	0.0105726913283
571785092509144619	9897161593681075770	0.0179721288672
6865904953848120747	9901445132193083770	0.0481125224325
3421332338296316271	9902108317927647770	0.0248990522356
7682230876865652012	9910746858854470770	0.0142392942953
4404476934295163682	9885308287099676770	0.0335200761577
1797949225515795385	9886232314895126770	0.0215165741456
8441586876354023952	9882698420003547770	0.0936585811582
4025606623403639620	9897137219727638770	0.0824786098842
5258667707371548177	9888963334405899770	0.333333333333
4648434667097710979	9898630446724853770	0.0710669054519
5544627628869797433	9904047779185601770	0.03175003175
310969612327432779	9898329154756451770	0.0870388279778
1507610705841139770	9905531565909826022	0.12598815767
1507610705841139770	9885596917417887469	0.104257207029
1507610705841139770	9887225393056832014	0.0402258993355
1507610705841139770	9907537049398675835	0.11396057646
1507610705841139770	9907114020851177658	0.011032394541
1507610705841139770	9903020964097719402	0.032862038995
5619216006622729942	9897838721162826770	0.0172311379199
12455129606495647583	9895549099650543770	0.109108945118
12977162484714219589	9899563867721255770	0.0118728343328
3403711911323470600	9883625372855927770	0.353553390593
6843386977893680074	9892930398009815770	0.046373889576
4609271474609483605	9905162748481042770	0.0130576791124
2966288709582625703	9882162326590403770	0.0104347983891
4771998101510140167	9890602989604600770	0.0193130823812
5536330567538598545	9887831885292133770	0.408248290464
5585178099317761036	9889599655219338770	0.0275240941282
7003432302016089956	9894814754960392770	0.0202901960154
3947960960750288724	9882712013674504770	0.032075014955
5333476185722888856	9902210611268183770	0.0481125224325
3043295299960307292	9898309595557256770	0.0129369245471
15416928239414335789	10602950763595683770	0.0104325267447
10182229410356619759	9905725831506840770	0.0710669054519
2547498855097570770	9906481208828184026	0.0480015360737
2547498855097570770	9890381472411408372	0.0150618808282
2547498855097570770	9895612549400251364	0.0294627825494
2547498855097570770	9895310866497798395	0.133630620956
6275152373555547286	9898869311431676770	0.0944911182523
2957416084197393527	9892202740400064770	0.0107131242778
1834847349972795039	9890572800263406770	0.0202568650754
5506332050695185569	9890472319473095770	0.0306569669742
