12517801524918287261	9897466738204541199	0.0133630620956
147225710409873299	9891573562070816199	0.0153212853259
4502039270642582391	9897315430860825199	0.0193311168257
5215623614972121635	9900077429832855199	0.0790569415042
4629549766679483291	9883582143915626199	0.0317820863082
7725926839342325075	9898584074036382199	0.020545535709
4632362825029424126	9901278500311306199	0.0808452083454
7582844852333152078	9899481339900793199	0.0184805317739
14463030541591979466	9892084203561986199	0.0173526402098
13883580354267997038	9886366652932725199	0.0712470499879
164060878925293776	9900454549550610199	0.0411693484796
400576867968824555	9907167132429779199	0.218217890236
11915898026150827199	9895864234377401761	0.0192521407164
12507633408345800291	9891952429666538199	0.0263889906985
3132704752627360602	9898366838801161199	0.052342392259
14202367713549675232	9900695213581158199	0.0645497224368
6424630586489354849	9885914053565053199	0.0380693493813
6524055050729312410	9899762247969731199	0.03378686892
7662239698472948518	9903120040621959199	0.020493696596
5264934608300361183	9898904719127399199	0.0234597044424
4255118845443169199	9892771797873875906	0.0207524268788
4255118845443169199	9898878640037735039	0.333333333333
3273489001133595437	9888122843604395199	0.0766964988847
3344699783515545996	9892215702538016199	0.117851130198
8178842104094812199	9888775755951896326	0.0112402129816
8178842104094812199	9903173899461832669	0.0329690236698
8178842104094812199	9903143284922769230	0.0181968631312
486327916975733213	9900918582061899199	0.0158710166267
13453731522071394592	9882019493041098199	0.0778498944162
2031790276986840937	9906521525817414199	0.0216675695009
5944545051248827883	9899411125723213199	0.0221839127354
10653556502054882791	9881632645360062199	0.0211999576001
14167972661614212795	9891357246002183199	0.0471404520791
7085582674827780466	9894564633166888199	0.57735026919
4669640136876115595	9906742128157314199	0.0491473187183
6187890638952700211	9883764662905052199	0.0465242105199
10908847511887579416	9908464766608760199	0.0172107097705
3359220426812339695	9905464959549880199	0.0436852028331
6636738332603368560	9893527484424280199	0.036514837167
2000077076552029418	9896086760924254199	0.0451753951453
11912695455938187455	9901513576677899199	0.010708823422
4326184201605508820	9900877865665127199	0.0245292624677
3322165682843110763	9902457537507212199	0.0184805317739
2534093974194699900	9893499880761086199	0.0368604890387
911096007526483435	9888163379454095199	0.0481125224325
2929162779625888199	9891751502533806971	0.0496903995
5271078292892911711	9888016629046771199	0.0163692651118
8945233813712264873	9887028399983793199	0.0143370096547
7524471604258555189	9904636924190546199	0.0830454798537
4685964041664339017	9885662316893982199	0.051987524491
