1101237023578871380	9893205482119284835	0.0615457454897
356312290882989817	9900222724293477835	0.0243108319163
5351143677233157649	9895977393781157835	0.0338642730739
3461596166008510155	9886556065265882835	0.13130643286
4644760916391637025	9890077371562664835	0.0150414209399
3738483309371559835	9898803224767556176	0.0226281411101
5226102481344120673	9892073556351851835	0.0220433357089
3057082899178134574	9894673798384951835	0.0450834817334
7125001480488757539	9893275825142479835	0.0690065559342
4811374747124875835	9891907813518694058	0.0174607573942
4811374747124875835	9892905251010808904	0.0389249472081
4811374747124875835	9881883050693176931	0.0845154254729
4811374747124875835	9901846754501206578	0.0271163072273
4811374747124875835	9899719946788801026	0.0790569415042
6468303961538619068	9890348139140298835	0.0261891400439
11009948487246556699	9898136985129127835	0.0140984978146
4518149239272491835	9892261804818153573	0.0975900072949
18164912035199444944	9897113756443276835	0.0606339062591
5762299197695064966	9897632262003064835	0.010957958258
7104468770753626546	9884013590634319835	0.0112501669959
2143092507835323766	9896087134611669835	0.068041381744
4458298161557064962	9897019782524741835	0.0136922082014
10522981823057323392	9901122575767844835	0.0830454798537
3242899634197079799	9881827671285854835	0.034794450032
4862076738884461280	9886759797020661835	0.0346687622641
2494289479726715377	9892282386224066835	0.267261241912
13678543932111860781	9887146953910328835	0.4472135955
8367488436305038044	9906667477339064835	0.010407072552
4843842091963405647	9898126857481559835	0.113227703414
16058766192632198771	9909769848237572835	0.0172362563332
8918060598348573492	9907779367126375835	0.0284095494864
12212771910117573096	9898007465982902835	0.0248759297552
4571072857574063310	9895176532793118835	0.0173058043884
12881242558791565691	9888529443767281835	0.0470360434192
789063957062134956	9893815556427149835	0.0147250016013
10683822243298933225	9895183297390027835	0.010277106933
4547665620435047940	9900185701649486835	0.0279727119432
12391820814153124049	9896980741209923835	0.0159071190744
8798466407011538929	9890808018465764835	0.0263157894737
920988284656446123	9890049703357569835	0.0359442577345
3879508828671769988	9897185937543348835	0.0962250448649
8125652825618213706	9894582062114239835	0.0129488494811
16311743569018520839	9901176284284125835	0.0620173672946
4967557343137285223	9906974498872501835	0.010115987193
13330943394866217662	9885000642851671835	0.0374240594283
1987842002790555416	9887784013645900835	0.0100605454573
2195363407565418895	9892156951716411835	0.0277350098113
12704603361977779125	9906429115271651835	0.0201007563052
6669432910319893620	9901686341788967835	0.0346479464338
1174387489658273775	9882925787087041835	0.0367359179185
