909330678507997265	9895660588499133824	0.0428352936878
909330678507997265	9900366639920099571	0.0232306996762
909330678507997265	9884546493044985628	0.0800640769025
909330678507997265	9893889730526631482	0.0156002633347
909330678507997265	9900536961271047821	0.0953462589246
909330678507997265	9898080111101139651	0.0705345615859
909330678507997265	9901415874786439395	0.0100799486488
909330678507997265	10213574903210609166	0.105999788001
909330678507997265	9904815448790416762	0.0751646028003
909330678507997265	9904116391337431045	0.0202195633996
909330678507997265	9895423209952236297	0.0529256124025
909330678507997265	9892387655939424207	0.0253673144716
2650535126363437808	9889638683545142265	0.0117508894291
17912540954091061075	9897000313455887265	0.0342594354914
4002857323513349416	9892731790169216265	0.0256494588021
4153617880680534735	9886287410697468265	0.0179983082385
5047381679535999735	9891837161294704265	0.023688968484
3739356781392628265	9907657334231799623	0.0142609972408
3739356781392628265	9909054207941993097	0.235702260396
3739356781392628265	9893529881027230895	0.0793051585718
3739356781392628265	9911568309974854135	0.0333890281647
3739356781392628265	9885279673883027578	0.060858061945
12556982037807261210	9895175291548876265	0.117041147196
12221382131108110179	9901451780737595265	0.25
1250636997721923658	9904696972075901265	0.0190208964227
11536400346317912735	9892450328003277265	0.013683232646
5411492052514429392	9905832922263072265	0.0373717546376
1042120371961157981	9890960695999649265	0.0379594809001
9346369689595509265	9886039861760494845	0.0142047747432
6223506176503754651	9906627194943320265	0.014128014666
7390566966412802550	9890116039185172265	0.0293736747723
12957536399150541002	9894585876087281265	0.0322748612184
1680099792283533301	9909653493250910265	0.0780868809443
6226118712706415464	9906822972362579265	0.0721687836487
6159621130945610122	9889559776415979265	0.0501254707117
1803169606300989629	9894826939688607265	0.0252377232563
6908826362065611412	9892254421813965265	0.0215016476269
421929409773974810	9906698654571143265	0.0327736762672
10472562028718509302	9906196486922909265	0.0110701860693
2653834196667348703	9899939977964834265	0.027126281959
8330724612240925265	9900371287266614427	0.0368105086916
8330724612240925265	9904398381644748178	0.0267835792003
8330724612240925265	9894169277022203790	0.0199960011996
8330724612240925265	9893252593528800201	0.0117057183525
9550854517547225986	9903593333091391265	0.0286769667338
8887016353071918555	9895456040678110265	0.0126673647985
9992642029680647195	9901034473051422265	0.0197796943032
2260799739468167821	9892621890519884265	0.0108242605422
12894316951178888677	9883220988756026265	0.0165024590496
3918769938774030662	9898242941921075265	0.0237289498938
