4332902133727930694	9885683933412124614	0.0111303654337
4162904155869219614	9893833681136875772	0.01126800799
4162904155869219614	9902395861784450327	0.0165024590496
4162904155869219614	9896268901995027077	0.0112909688044
4162904155869219614	9896208832573147889	0.0138835336202
4162904155869219614	9903676689737487474	0.0152004475078
4162904155869219614	9906075433269324669	0.0259587065826
4162904155869219614	9901560078235505121	0.0399043442234
4162904155869219614	9896739948151696800	0.0126714320212
4162904155869219614	9894622821292226116	0.0181608178073
4162904155869219614	9894354304212373420	0.0400320384513
4162904155869219614	9892950889369027980	0.0119865825371
4162904155869219614	9893450883687796370	0.0593390829097
4162904155869219614	9902133490910675233	0.0566138517072
4162904155869219614	9893907915456462236	0.0252860868712
4162904155869219614	9906183833974457965	0.0139918311552
5721365597724986614	9908097512584561111	0.0180333926933
5721365597724986614	9894777891032733218	0.0123485024953
7532749023702118771	9891818997888778614	0.0346687622641
4236667410934832049	9896944947021666614	0.0254823595719
2899250598700416313	9884483305448926614	0.0605227532669
6882011141350102233	9902733914355018614	0.0570730145535
6981361491780675390	9884648889235649614	0.0990147542977
10573739941696773968	9885327949414378614	0.0146805054879
5189477730425662244	9901911574192491614	0.013862174325
5481946002778448573	9901414762370124614	0.117851130198
6363275379587979614	9904269841958985533	0.021790681682
2721357846404207614	9891425540271025032	0.0471404520791
2721357846404207614	9905248720810535276	0.023186944788
2721357846404207614	9894293586309533701	0.0104886129255
6356050524537132057	9900076656789472614	0.0105656074472
4740391703956793239	9906968107897584614	0.0328266082149
7676462747039902101	9899234314764540614	0.0363696483727
17989994779207970072	9903313253850676614	0.0268607654675
8535891683008913009	9892850305519761614	0.0118736712436
15193091610434173230	9896212002189061614	0.0367607311047
5618837409745071462	9893894682690101614	0.0159212255994
5127073620625039229	9892375028735338614	0.0285365072768
5301901911500227838	9883304951059399614	0.258198889747
5414146526163022651	9907302892060797614	0.188982236505
5627590230776902981	9888060403284065614	0.0327912917892
11559069206839521210	9884614817314973614	0.0128660602892
9526617968886452491	9910693940527481614	0.113227703414
18130193417542109013	9888851287244763614	0.25
340441501339129739	9899187134641899614	0.011521685497
16441322740947092614	9898719739126422619	0.0160333841949
16441322740947092614	9895657676597729770	0.0139144113137
16441322740947092614	9898990622758414148	0.0166481789553
16441322740947092614	9890156497794594835	0.0100125234864
6191379066485731566	9903938721440891614	0.0140137963668
