4665894175021426945	9902407904949727044	0.0151515151515
7256235455934868044	9897358028309814640	0.0376889180722
7256235455934868044	9885544424302982586	0.0260643017571
7256235455934868044	9897176918103515359	0.0175465601586
7256235455934868044	9897033492001045593	0.176776695297
2702250267866612044	9887457132224589426	0.0308020551817
2702250267866612044	9895812140769011664	0.0131692996924
2702250267866612044	9881176970833397455	0.0134619865381
2702250267866612044	9897382075837264726	0.0308020551817
2702250267866612044	9906073612292173620	0.0352234976838
2702250267866612044	9891291533003922521	0.0259237923683
2702250267866612044	9887993126999099740	0.0104042557949
11436865156002994106	9898378465266325044	0.0124321963228
11916320048588318496	9905987502355950044	0.0234146452895
4999878637045604831	9903307163704532044	0.0638876565
6115431983195988286	9895371223706062044	0.109108945118
5064907518655167734	9890473225772585044	0.0633724250524
5810048915744170488	9889530141226483044	0.0338061701891
7459616343830765573	9888300784072092044	0.0395903791232
13621520221848220116	9883909991704929044	0.0607456739231
3850627737443182673	9881685447768969044	0.0387783367165
11413133848102749418	9902888120846749044	0.235702260396
4573088857190391174	9897999537538060044	0.0155680919561
9828570842257102033	9900530922541705044	0.0162865585496
2589331425732455203	9908024390785864044	0.0209426954146
3568931474267665711	9906716049108878044	0.353553390593
12607225333371669534	9901496744712663044	0.0145003697641
10047878247382036650	9904752643458896044	0.0395903791232
9072056099088979414	9893750272962510044	0.0219001439939
2139207379346390648	9888990152129206044	0.0260643017571
4717592046199362131	9889560124240760044	0.0450834817334
2311911132302056659	9902563713381364044	0.0122306431255
12148976741470931476	9907839943295953044	0.0118879258591
772478820574210044	9903074582675608440	0.0317820863082
772478820574210044	9911325124666884152	0.140028008403
772478820574210044	9905627197624302073	0.012906718211
772478820574210044	9905755750269556384	0.013148792076
772478820574210044	9894738394633472983	0.031830350704
772478820574210044	9901392484408214577	0.0173291748303
772478820574210044	9908946674789347046	0.0219952935107
772478820574210044	9889725566408265921	0.0105656074472
772478820574210044	9890681806566606599	0.0170177332085
772478820574210044	9911177231765939629	0.0890870806375
15909186068035117865	9893947253085515044	0.0164243695062
12605919372719738994	9899395230124231044	0.0143473351941
7929152080459979428	9898795622608743044	0.0141619762887
10983264559014863300	9900626477013056044	0.0119522860933
17838949649433921325	9880098543130667044	0.011634988289
4926099157980284892	9893249527007280044	0.0176831963922
2097535652523267103	9898239901058321044	0.0293610109757
