9396510262441399107	9905709338927806452	0.01170090943
9396510262441399107	9909934852323292863	0.0194037631427
9396510262441399107	9891281701783866442	0.0101913556893
13085761736761276107	9898109888217085200	0.0117851130198
13085761736761276107	9895394236127215567	0.012568925296
16657460329070866326	9883423221607455107	0.0137750978466
13323689731238257210	9899978473856360107	0.0166068055348
7329991935088748423	9908233040112206107	0.0153176900459
4206077353935943027	9897441565488542107	0.0277885007188
6979000694699186739	9907384942998617107	0.0230021853114
5966114807721515949	9907962298409540107	0.0314192111803
4687050437821904883	9898453622851049107	0.0106286791562
13162782316763617386	9896229358101088107	0.0465242105199
5956227421313231107	9903054610987952906	0.105409255339
5956227421313231107	9896165423279147956	0.0645497224368
5956227421313231107	9887792058098885831	0.0953462589246
5956227421313231107	9895348327317752294	0.0102062072616
5956227421313231107	9900153283315796128	0.158113883008
5956227421313231107	9883993374154468635	0.048224282217
5956227421313231107	9905971576726990664	0.0316227766017
5956227421313231107	9885864485281758325	0.0198418947533
5956227421313231107	9881079797275928359	0.0142277598306
5956227421313231107	9897176467204417300	0.0106178892248
5956227421313231107	9889973334547637850	0.0117606371615
5956227421313231107	9905517439734770463	0.0367607311047
5956227421313231107	9890761774599689476	0.0156556072771
5956227421313231107	9903345259877682696	0.0620173672946
5956227421313231107	9904441692176592182	0.060858061945
5956227421313231107	9887058529231208012	0.0816496580928
5956227421313231107	9902977078211742531	0.0160333841949
5956227421313231107	10601228593537390971	0.018411492358
5956227421313231107	9902130385561034555	0.0342997170285
5956227421313231107	9896352232939907823	0.0111248539872
3033890944137105942	9892705930147407107	0.0501885613228
12439153224461797599	9890947373066250107	0.0536056267419
10637088588473347868	9890860511581339107	0.154303349962
7004263334856781107	9895644976243201683	0.0214422506968
11059994957808668852	9898129030827644107	0.0257172249937
6666614782247065134	9885917468061294107	0.0727392967453
1377144804076372221	9888811928068195107	0.0536056267419
6181181822604506045	9903341699478022107	0.0110129754223
6554531210701686863	9899206474882527107	0.013506116279
8633717954156968962	9887294769641364107	0.0130454512571
14990061081375811687	9891812220468688107	0.011745214433
6399670642056443589	9880462636163152107	0.111111111111
11784706741283697358	9884675251807134107	0.0136310136685
15127277118435591504	10597322376515996107	0.162221421131
9630032034269198322	9908508111482139107	0.136082763488
5412381819184316154	9896186193658051107	0.0163956458946
4679175956029108731	9893794914783091107	0.010536243799
