215286885041974142	9891950101764067786	0.0118511365785
3020672107693087786	9898702254282447092	0.01064794275
3020672107693087786	9894854685174828979	0.0286534127531
3020672107693087786	9899634923534501474	0.0118694884586
10416621340663907134	9903835689500977786	0.196116135138
8046846499907048269	9900689393933817786	0.0286299167157
4780267628198651164	9883612956071708786	0.0193130823812
4849425595093594202	9896127661971213786	0.0426401432711
12358759231370721786	9908104745230776507	0.0157231926983
12358759231370721786	9901759489312471576	0.0101273936708
12358759231370721786	9903706711518557874	0.0451753951453
12358759231370721786	9888382289638289702	0.0311588476425
12358759231370721786	9897673716975715907	0.115470053838
12358759231370721786	9893613104566615678	0.0330589802454
12358759231370721786	9884699608571214925	0.0398409536445
12358759231370721786	9881958693575311575	0.0354663451066
12358759231370721786	9882651725185598629	0.069843029577
12358759231370721786	9895615718972204128	0.0218217890236
12358759231370721786	9899075723169866692	0.0108084425292
7102354143200604880	9894682255056763786	0.288675134595
5030664350247723963	9898608550861574786	0.061898446059
11229268057265964354	9898270738920652786	0.0146238845144
12496561775624889424	9885721948187988786	0.0242250791556
7256271812842426851	9909522041519738786	0.0342192955415
5494432738993317952	9882728003857628786	0.0153465233704
6290269286978300182	9890185901062492786	0.0154635066611
7151159222944703786	9892118816702692264	0.0123920399274
7151159222944703786	9901597019348293049	0.0214966790196
7151159222944703786	9889833760851361802	0.0662266178533
7151159222944703786	9899398451367787134	0.042409446484
7151159222944703786	9888130630282137407	0.012503908082
7151159222944703786	9895662736002034267	0.0106407066345
7151159222944703786	9895320530146811775	0.0166205623829
3559554963203968104	9896515982683336786	0.301511344578
5939539821505287184	9903613669620550786	0.0737209780774
7130203102017021047	9905014718073629786	0.0404226041727
3071093084373314766	9882420466957727786	0.114707866935
2429238390656584393	9892990123964406786	0.0254000254
11782712709467623091	9883993644837931786	0.0142609972408
7172810891870123631	9895199519569122786	0.0120701137396
4929116597677971786	9901911054464026498	0.0259937622455
4929116597677971786	9907023306842821256	0.0920574617898
4929116597677971786	9902729000943509328	0.0302613766334
4929116597677971786	9894542866304156522	0.0342192955415
4929116597677971786	9903167134875536730	0.0132955684614
814833679047859462	9901037148836911786	0.105999788001
6560218546058206786	9887712609698058369	0.0509647191438
6560218546058206786	9907143772082398697	0.0345857231933
6560218546058206786	9903716478288657180	0.0894427191
6560218546058206786	9896509969931643601	0.0813788458771
