12844239285972133053	9896758820335559215	0.0396214425875
13896035648263734059	10610852953844556215	0.0347524023428
5566669017502728215	9897761927033383474	0.104828483672
5566669017502728215	9883734898849276214	0.0141961840108
6345576236973076092	9885489667863049215	0.0449466574975
5058899782757639215	9895563998994808933	0.0102787355055
5058899782757639215	9906426035791931615	0.0369610635477
5058899782757639215	9890990601925098008	0.0491473187183
5058899782757639215	9895394468137150973	0.0118221150355
5058899782757639215	10608343223996917388	0.0260820265479
5058899782757639215	9902754392676067352	0.046373889576
5058899782757639215	9883648449620785946	0.333333333333
3652099720960754818	9882924404061638215	0.0851256530759
7042512596324567008	9886321169205794215	0.0165317487126
3081091227192665896	9889569658997518215	0.154303349962
11578561070447465215	9898539732856401003	0.129099444874
11578561070447465215	9889625811564873487	0.0430331482912
11578561070447465215	9897780485532721262	0.0374240594283
11578561070447465215	9904788463525431389	0.0314658387764
11578561070447465215	9888364345294209722	0.0367111549107
11578561070447465215	9885632565647592815	0.0119047619048
1988909096518048637	9893054024272322215	0.0382359556451
4410963511794180619	9889102482727332215	0.121267812518
1820068889167145296	9902914831274449215	0.0112196777216
1618835247929619455	9880028883114646215	0.0245440346837
4681131509550037643	9885848546709759215	0.0146615588177
3159594972478470997	9902445004706175215	0.0341394370999
13684049157748448215	9900648583196437879	0.0433963036603
13684049157748448215	9894314932363975498	0.0289036656508
5172588846435076264	9905206393976894215	0.0357142857143
2475159022160589291	9891454054568503215	0.0133941919303
13274629514987867211	9894185743945977215	0.0425628265379
82090658348952215	9904027730377910253	0.12598815767
82090658348952215	9897742251791634094	0.0144790747588
82090658348952215	9904995467995512648	0.0148331386497
82090658348952215	9887957448637579087	0.013840913309
5697295128192965974	9883700023630849215	0.0593390829097
12322829856620070942	9902060910206235215	0.158113883008
6409822402124161334	9900908634915141215	0.0980580675691
4606448926845845006	9904570785919245215	0.0465242105199
4981822091734769457	9904975444895282215	0.0252538136138
2792874098989715049	9904990361381297215	0.0167553321857
11445505281239282724	9897701595678045215	0.0329869562377
648907487641277072	9905424578224352215	0.016448792374
5230812132243383861	9904982870787116215	0.0101707771976
4025533239884188271	9908055331598340215	0.0460287308949
5540831438471504215	9886873592246945381	0.0111358850797
5540831438471504215	9881591834697344055	0.0345032779671
5540831438471504215	9882742142871416486	0.0112837784778
4254209732783451191	9893454272414433215	0.0223105374127
