15082364272467048284	9888427717547710430	0.0128970538756
6662719744380566727	9902477380220666430	0.0614295116834
3318217898691231327	9898010481083547430	0.014808721944
6592900352483949729	9902354754652964430	0.129099444874
3872051673977199324	9883686077914122430	0.0247840798548
14037091472545504142	9894619947998735430	0.0122278997011
7028298741397356168	9910108184297263430	0.0150584650484
9081487438314509430	9892575307357703687	0.0505076272276
9081487438314509430	9895140880272684941	0.0363696483727
9081487438314509430	9895834882500818454	0.0189934294099
9081487438314509430	9903156324425768455	0.0741249316661
9081487438314509430	9902286155518546939	0.027565892321
9081487438314509430	9901719352860659139	0.0153284834871
9081487438314509430	9898004889191805611	0.0181012153564
9081487438314509430	9890176147091531973	0.0427960492511
9081487438314509430	9909028541150232225	0.0360374985078
9081487438314509430	9904123490947740696	0.0108837191408
5772484779685631681	9899875055329631430	0.129099444874
8859829343070974825	9888408415955203430	0.0456435464588
5823583833005558285	9901195920938014430	0.0780868809443
3181023015446326723	9901506601539630430	0.0174874354196
505355770107878085	9903828383776893430	0.117041147196
8613289319877160509	9888878143570682430	0.0103114704148
4488161239388464326	9887321763529274430	0.176776695297
5239375811913419985	9892241949150806430	0.0138568498868
7624867156233076338	9883228204326108430	0.0192664280213
5653410055418890492	9906141120551699430	0.0490290337845
1485574303052369430	9884251914088461884	0.277350098113
1485574303052369430	9886181870542524092	0.0507020126563
1485574303052369430	9901895777270790585	0.0705345615859
1485574303052369430	9883358513607287097	0.125
2983447509840892442	9899644041898091430	0.0108804974851
13784405101228360339	9901424928578324430	0.0693375245282
3650888058290124430	9879833973219783488	0.0121518255236
3650888058290124430	9902390106462783576	0.0109632252413
3650888058290124430	9881692057734304748	0.0990147542977
3650888058290124430	9893166380726531539	0.0166481789553
3650888058290124430	9892215612341730617	0.0187382922249
3650888058290124430	9891978581691707397	0.050379272186
3650888058290124430	9897924470089880086	0.0159515806806
3650888058290124430	9900335647623376478	0.0208786922665
3650888058290124430	9889053949483033654	0.0109896745566
7526750520585522098	9907278432161437430	0.046625240412
5289036640642956925	9897773811214110430	0.0151376210494
6673067398930564160	9894052367973780430	0.0666666666667
794233791518490667	9907921388755798430	0.0188780080373
6387472186810942572	9889718505643960430	0.182574185835
13203100488505693430	9902668940061772486	0.0824786098842
13203100488505693430	9899440958620393912	0.0300556544889
13203100488505693430	9890912119886922498	0.218217890236
