2399684477094845228	9909692259668238330	0.204124145232
13736964910248453330	9883030670116975220	0.0121125395778
13736964910248453330	9888036523247319973	0.0198889321044
13736964910248453330	9886967733642349750	0.0883883476483
13736964910248453330	9906932923474564178	0.029061909686
3198852743252964171	9896474536371688330	0.0227743759337
6655570281339801225	9888202420652733330	0.0138982755395
2735732685497782175	9898637473189957330	0.25
363903512241563548	9888932947543454330	0.0132627861011
4941605918416353548	9888026382935302330	0.117041147196
2957765255098512639	10609125728331436330	0.0120333545522
12341919779035215516	9895296057336513330	0.077151674981
13908007945697956099	9884685379420856330	0.0189524510895
2934355977994935165	9897825771795162330	0.0629940788349
11831326928931720234	9895838013515890330	0.0228098961673
8173641570538929330	9898841776264942420	0.0191953077047
8173641570538929330	9895666330860307984	0.22360679775
8173641570538929330	9883626124436645541	0.353553390593
8173641570538929330	9890884309963801153	0.0317180739848
8173641570538929330	9898305317691665779	0.0105409255339
8173641570538929330	9905649290929750029	0.0214966790196
8173641570538929330	9904207247130650493	0.0495073771488
8173641570538929330	9897910386797869854	0.0219475640653
8173641570538929330	9892368960024054755	0.070359754473
13097264982784077150	9897239525827986330	0.0264442942674
5479819368194833690	9897364148602744330	0.0199204768222
1720296481406140996	9903791880744381330	0.0149923184047
13531592537006639248	9899181937737213330	0.019462473604
4742656921281726703	9904697461743092330	0.0216777492381
1196958371336186855	9906462358265391330	0.0520579206295
2647932198446052354	9893394237355390330	0.0145232904325
2984331371016017398	9888234645777141330	0.0103946959005
2443342313358405592	9887521372038363330	0.0330049180992
2971647852635857909	9900705963960216330	0.0512989176043
11495038623616275330	9907489121806121789	0.027961774421
11495038623616275330	9882244905831309396	0.0231807142505
11495038623616275330	9892931201230004866	0.0186826159736
11495038623616275330	9893431053740109326	0.0300556544889
11495038623616275330	9888857922914759072	0.213200716356
11495038623616275330	9897794882377599515	0.0144578732992
6441317398050891224	9895746440548961330	0.0262975841519
5772503460966456946	9897312042190302330	0.0118946517017
6296060603123152640	9902900537646379330	0.0488531968746
9461929404478414249	9889189717729190330	0.0383482494424
5961389114763781330	9905543995553237939	0.0384047686321
5961389114763781330	9892201709570072758	0.113227703414
5961389114763781330	9883199745763160950	0.179605302027
5961389114763781330	9907767143632756252	0.0188210808768
5961389114763781330	9909331967697618339	0.117851130198
5961389114763781330	9908201592434683068	0.110431526075
