119255731628286051	9904550517937463926	0.0287479787288
2937220033143286448	9898960420477305926	0.0186630836985
3121042941768525434	9892705698275390926	0.0134388695483
10421339719929203582	9885858004272747926	0.0275240941282
2008068898068815908	9907968689254244926	0.0635000635001
12700382801239546244	9898974761313077926	0.0104851530498
2209199386584566237	9903912449051578926	0.0223830740518
13446330485759979003	9888495393322442926	0.0113621692361
1772374342620216649	9902140216743491926	0.0110056363291
12875648204777015528	9887659377967601926	0.0371904001653
14971190988443640414	9888344463850685926	0.0211288563682
9242753333118192082	9907206289643594926	0.0291358273374
12898337074967130877	9904448482459363926	0.0281160778558
10242688325423672946	9890552841626689926	0.0318788356532
12691508541753104771	9897964597926061926	0.0164133041075
4867075891497399871	9904847180043172926	0.0521286035143
6497142959857624126	9904567075182173926	0.0384047686321
6706912669071096235	9899333309571482926	0.0477818482567
11312336789913668926	9901829175070754702	0.0283296349835
11312336789913668926	9889859900020327438	0.050251890763
11312336789913668926	9893830408407360766	0.0239182436617
11312336789913668926	9900308589304916955	0.166666666667
15635756961112843459	9897016325029165926	0.0130354721591
11180153608472954165	9888931731954429926	0.0168717808286
1427303038291951702	9896590440305491926	0.0139945711594
4937623795939495696	9908020821539980926	0.048224282217
1828791203926751611	9904612863855693926	0.0168025703177
3355740974540248301	9903026736658384926	0.0415227399269
1304378192014785677	9896169662398772926	0.0890870806375
3539660541640911107	9885553426565456926	0.015068719367
1395963391911166810	9888896045093319926	0.258198889747
7125016618151577926	9887298351641862158	0.0107365625419
7125016618151577926	9901500820579147774	0.022360679775
7125016618151577926	9890667912349969939	0.0258198889747
7125016618151577926	9888304134083872980	0.0120824418666
5975296197491676334	9888581949734008926	0.0273383275907
14730552017458505009	9899548191019972926	0.07453559925
3027881412372537398	9907081125754420926	0.0209980262783
1422615566428157933	9892974700642364926	0.0128564869307
505812569463794844	9896053324669566926	0.047351372381
9863697220736232693	9883519278560593926	0.0304855380425
4441045233065166960	9899988420993319926	0.0239182436617
6140028756386469926	9898749327101773171	0.0365392047621
6140028756386469926	9885539261805503785	0.22360679775
6140028756386469926	9897782684573808276	0.0330229093342
6140028756386469926	9903874009194542943	0.065512178208
6140028756386469926	9900442686701204888	0.0571661950475
6140028756386469926	9900414580438305797	0.140028008403
6140028756386469926	9890003626938338503	0.0164822725478
6140028756386469926	9897502390700682377	0.0293357324424
