6696346315875934624	9887595906899466831	0.0249765954076
4838191878748642813	9885887510643637831	0.0178004713627
16864737227762754040	9898782351137908831	0.0178599906592
6018580607089335992	9892837716971300831	0.0157720074469
6471387331000264687	9894994593764066831	0.015240998562
2787989885074360393	9895095168889693831	0.213200716356
7085771146415574422	9885983747947594831	0.103142124626
9362428902769231500	9899360784434950831	0.0186209730681
12908755852974265008	9885555677262691831	0.0350499818616
4025209360321648831	9885774029009871994	0.0289642223182
4025209360321648831	9902948632653490647	0.0883883476483
4025209360321648831	9900401824488017170	0.0668153104781
4025209360321648831	9904823244236493378	0.0244557994022
4025209360321648831	9884490821483468961	0.0369610635477
4025209360321648831	9889311853689582923	0.0539163866017
4025209360321648831	9895394764477769205	0.0133917896001
4025209360321648831	9891190622707169850	0.0109605908005
4025209360321648831	9889519545422415163	0.0313112145543
4025209360321648831	9906226843788140571	0.0928476690885
4025209360321648831	9895848527799124218	0.0581238193719
4025209360321648831	9905100196485164455	0.0481125224325
4025209360321648831	9908057569329778576	0.0114079161899
4025209360321648831	9887911037266703740	0.0169906916508
6516772285223084542	9890146537690285831	0.0112880910246
2116261211561918432	9885465959581239831	0.0120281306081
2304967213979754831	9893053908378682067	0.06415002991
2304967213979754831	9887392600264808280	0.0178599906592
2304967213979754831	9896358172834383587	0.058321184352
2304967213979754831	9905415726287084114	0.077151674981
2304967213979754831	9889875112941896806	0.120385853086
2304967213979754831	9905431484502646993	0.0341992784028
2304967213979754831	9905782138498524334	0.0568880123989
2304967213979754831	9890145725929049587	0.0466760028009
2304967213979754831	9904564369260933490	0.0695048046857
2304967213979754831	9887292334332893715	0.0430331482912
2304967213979754831	9893065702361087950	0.0127236349187
2304967213979754831	9907836374219138682	0.0175763483059
14427528432310582492	9905140552070412831	0.0168549965616
8265245783517158644	9907634360382324831	0.106600358178
5781329761809314556	9895470918394650831	0.0622572806365
10775825881636515858	9893999552888048831	0.0102062072616
3248890988939631079	9893907773701825831	0.0210537980267
5580612125765792324	9898004154609619831	0.0412393049421
6708120173577741364	9892706394019758831	0.0248682365651
5842066289616642831	9906432504031789914	0.0182089260182
5842066289616642831	9894135140636362877	0.277350098113
5842066289616642831	9886406892392414887	0.0129013464548
5842066289616642831	9900272228040770706	0.0319928344075
11037273888816748382	9887150810841144831	0.0231001716349
9388971808853029556	9892167414222052831	0.0348790053208
