5564906548905134161	9906061049430358286	0.0133120510638
11305301113325505323	9891205277179973161	0.0707106781187
13083754952830749658	9892053881060688161	0.03194382825
6363813020781871894	9902491660989665161	0.0275240941282
2118552048951315828	9883191469489485161	0.0613139339485
12829296960826469013	9905362550318000161	0.029160592176
9693811366669488999	9891768278722683161	0.0339422116651
7187166137187291161	9903231091196880236	0.0104868825595
7187166137187291161	9903977577953505112	0.0145478593491
7187166137187291161	9898015549087481422	0.12598815767
7187166137187291161	9892338938148201038	0.0311739843194
7187166137187291161	9889754570480484420	0.0103329165808
7187166137187291161	9898853273879473947	0.017877106131
7187166137187291161	9900605272631247101	0.0385758374905
7187166137187291161	9885101759173578266	0.0122757154035
7187166137187291161	9890735605322700815	0.047619047619
12835002236382797965	9904483396270661161	0.0435194139889
3209566454433673422	9889870770778988161	0.127000127
9381487781838460161	9893573457754476075	0.0149973756889
13835754716231441462	9881273246767396161	0.0254164283888
9523236370451677623	9903232731920758161	0.0123466199581
13337294843627868982	9896186451509449161	0.017644616831
3657186596569044738	9897002808767491161	0.0200160192256
16235437540357030253	9900413081478471161	0.4472135955
4232882794823862334	9906105910314361161	0.0238909241284
5714234958119251819	9899348183016780161	0.0306281945916
2740378397680994161	9901869814186391769	0.015625
5063106733457148161	9900841942656080786	0.0135481953651
5063106733457148161	9890484126385611400	0.0318788356532
1802684291814309161	9889093347235786120	0.0478913142611
10950960860789269314	9890477245910115161	0.0442373955204
5139304822078758447	9894700766394897161	0.0332227747093
4884684573731790395	9885277578071442161	0.077151674981
5263720339022618254	9893104627656498161	0.0109304305964
825191752429725174	9888395002812196161	0.0330049180992
4680799277027902600	9892096001790054161	0.0131899035637
13610181573914878022	9887930867220442161	0.0252538136138
3486514827048730161	9890023121803904332	0.0160997409573
3486514827048730161	9887037144581094724	0.0170722059407
3486514827048730161	9890942923403591852	0.0140873018646
3486514827048730161	9909925253071778272	0.141421356237
3486514827048730161	9895941354848251585	0.0533760512684
3486514827048730161	9896178849360773881	0.0565233418944
3486514827048730161	9898158846457363304	0.0195815112497
3486514827048730161	9894717207508757240	0.01153470825
3486514827048730161	9901384959626384200	0.0570730145535
13755179609877095286	9895771368494646161	0.0426014322842
7996472490119141632	9892875864872196161	0.0860662965824
5290545532790507161	9889904348844732573	0.0109173948964
5290545532790507161	9896290776200697486	0.0359210604054
