1823315066510552943	9900239294329442679	0.047619047619
7376432164218531122	9897528723140645679	0.0575435337648
3491180982647314371	9906449254405986679	0.0193746064573
1717548219234861810	9901547451106325679	0.0883883476483
1189447938660658014	9883496047052497679	0.0236096082325
3671562847824284679	9897832124027079704	0.0798086884468
8491598437344709373	9900089593207070679	0.0170498584868
6280417597438549978	9892629844874879679	0.058321184352
4653734433729963970	9884401164142289679	0.0270566890374
7018081734285048481	9900182248417352679	0.0335578027607
8663125011931547459	9899672216842864679	0.0758098043579
1684561455787734679	9891007146021773521	0.0901669634667
1684561455787734679	9891740936905342937	0.0247309683415
1684561455787734679	9894352156725718754	0.0533760512684
1684561455787734679	9905587718201358710	0.0102787355055
1684561455787734679	9901487858450464184	0.102062072616
1684561455787734679	9897179405009687887	0.0286887655275
1684561455787734679	9904222666001908337	0.0440225453163
13108394274445240403	9890615526701638679	0.0102673517272
4065680924672428249	9888192048359252679	0.0174874354196
5748611304702355247	9888877611091174679	0.0321080649534
4819947044102735435	9887970101682235679	0.0110974190405
12441489318629431902	9881038277781088679	0.0208333333333
18010476147101535576	9907934737524655679	0.0735214622094
14484073972879490227	9895285435990580679	0.0186533405062
5251076582172035720	9899397235838175679	0.0400963469882
5114021722275059005	9894881567283623679	0.0557278212575
2897270505094838970	9899759619433327679	0.0174714139454
1608451511789514476	9888828326283602679	0.0149973756889
4778472453998396598	9895369660223340679	0.0152145154863
13741980724213102452	9887785873260643679	0.0224055357474
2263680522297669062	9906673790937113679	0.012770236106
1975786484354177040	9889113009568482679	0.0890870806375
5360721214325919590	9890507461037384679	0.0143399575337
2583444390348690820	9886424742272024679	0.034565056491
2261650540350787103	9886801720254263679	0.013036579817
4566798447377173679	9885580278725513928	0.019090088708
4566798447377173679	9887060092641028210	0.109108945118
4566798447377173679	9885639652353644502	0.0184679213788
4566798447377173679	9884513198355937140	0.0224280652008
4566798447377173679	9899576417642303239	0.0573539334676
4566798447377173679	9886679043022486088	0.0472455591262
4566798447377173679	9900302868318702777	0.0334076552391
4566798447377173679	9888118883617070076	0.0206901472151
4826070415266216458	9887476588502479679	0.0240423518417
1838540387455504455	9888454582649237679	0.028795614186
7267543224302854679	9888408532005527659	0.0105356590207
7267543224302854679	9898692796791375079	0.014813595639
7267543224302854679	9886563422624376468	0.11396057646
13214605967073921575	9896410872159133679	0.111803398875
