13944687255061464477	9904640300073480629	0.0127463538693
3111088513663167047	9881301164081017629	0.0422200330921
3884131449164531345	9881336889666589629	0.0909090909091
12477057226975791941	9880419196894583629	0.014488189695
17126721772017599078	9898967790692405629	0.0153973758949
14592605769509124519	9902200058426223629	0.0147908927971
4060599060793237564	9887217765118166629	0.0134303827338
8935503678457265629	9897777590761982509	0.0321744726044
8935503678457265629	9909769212579108537	0.0489115988045
8935503678457265629	9895686744944023803	0.0571661950475
8935503678457265629	9903100068877639609	0.0901669634667
8935503678457265629	9892306236162839275	0.0187878339318
8935503678457265629	9899270392515705624	0.060412209333
8935503678457265629	9903018339978000702	0.017828739558
6707328825069975190	9895410316512952629	0.0542326144547
2535205619131528254	9883542278136296629	0.077151674981
4622912902367947629	9899876648686039539	0.147441956155
4622912902367947629	9902259818702927864	0.0104811208523
4622912902367947629	9890337788259581453	0.013122726787
4622912902367947629	9899720256127107676	0.0370624658331
14048501661088145629	9882493962456514795	0.0142349655843
14048501661088145629	9896481498466895231	0.0512989176043
14048501661088145629	9898437838891722662	0.108465228909
11624369028309380445	9880419196894583629	0.014488189695
10221747997395790279	9895746453551991629	0.0113636363636
5479568662399448271	9890331736640184629	0.0224167919831
4577358407347047870	9905195750965199629	0.0478364873235
5080225133432290870	9904553765036009629	0.068041381744
4756657157041385612	9893387588811143629	0.054554472559
6002872198202817629	9895920786129180114	0.0248145833493
7818851089784010262	9908527279821835629	0.104257207029
3657748592898233561	9898424618974819629	0.017911485213
3006136766168158497	9900750850531031629	0.301511344578
5458713984537339193	9892258725354257629	0.316227766017
5684033432918186629	9899250494031463474	0.0106166923709
4719912337880168486	9903339809732452629	0.0485642931179
13436143765524762585	9898086282965194629	0.0216675695009
11905773604000859905	9895852058190150629	0.084818892968
3270593097971140312	9891223036907220629	0.013576884666
16204288357712060629	9892034725518869494	0.0435194139889
16204288357712060629	9892278477834687110	0.0130766445241
16204288357712060629	9897593671720336338	0.0117137464163
16204288357712060629	9884400476985052376	0.0374765844498
16204288357712060629	9901192441932949489	0.0116945067431
16204288357712060629	9887949846634864940	0.0126188616281
16204288357712060629	9882907404623575044	0.0107186615714
16204288357712060629	9887982131801095848	0.0208695967782
5153659743732952448	10599624070925025629	0.0165907989716
5153659743732952448	9904468763371166629	0.0162973694094
11641656579724787055	9897331923618758629	0.0154046818862
