5714926896174173882	9882295053954709156	0.099503719021
4531116577800668156	9898305897478936669	0.0128120921215
4531116577800668156	9884861546015934168	0.101015254455
4531116577800668156	9904759335014390864	0.0574484989621
4531116577800668156	9906794582638730597	0.0169127522873
4531116577800668156	9887403165906169532	0.0212429644331
4531116577800668156	9884751478876878812	0.0780868809443
4531116577800668156	9904296891463450112	0.0808452083454
4531116577800668156	9881850155420276253	0.0280056016806
4531116577800668156	9884407555045879051	0.0179000034905
1547546527771409364	9894387925378791156	0.0348790053208
12571763191564777839	9890970836297096156	0.019687480774
5672329242948055066	9896745381331515156	0.0413449115297
18145688470297865690	9898844246006353156	0.050251890763
13612435852625600156	9900407996267182683	0.129099444874
13612435852625600156	9908975494113259854	0.072547625011
13612435852625600156	9902970906383085971	0.0383482494424
13612435852625600156	9898826121129087042	0.0247688702309
13612435852625600156	9893453842861676508	0.0790569415042
13612435852625600156	9907885981119444142	0.0222497079745
13612435852625600156	9909673490667712531	0.057735026919
13612435852625600156	9887543851945587065	0.0106238795718
13612435852625600156	9898259357279594061	0.0100503781526
13612435852625600156	9899355402802541396	0.0321080649534
13612435852625600156	9904458390874964280	0.011508706753
1244525984485763823	9885102833056066156	0.0541530361074
11797713916680975664	9892623776117685156	0.0319112823136
13836991787085011414	9890486170839058156	0.0113482598069
6238309965691118718	9901129692552836156	0.0292853706329
13160542387974702720	9888284201231117156	0.0251816482583
5051400735318329303	9905646821341270156	0.0526315789474
15477029357498148925	9898827830569548156	0.0204337107361
11168876792473436515	9898223472778017156	0.0190553983492
13080045071873136348	9896034422423207156	0.0143843950667
7489440909231057498	9906017588667426156	0.0185567404756
9138300260666425297	9902384299614886156	0.0226281411101
622129152081590560	9904932847414511156	0.0186630836985
6462637452329144269	9894071678240191156	0.0468292905791
5161221183361130943	9891169212350531156	0.0585205735981
11831143961940722993	9897827339424724156	0.0231372406691
7153741185502739057	9889940697094684156	0.025557148983
16067616399016401156	9899369602065289387	0.0224506627533
16067616399016401156	9889426658264840559	0.0338642730739
16067616399016401156	9897557130037392085	0.0358979079309
16067616399016401156	9896796435527116483	0.0124533870347
16067616399016401156	9883142867641955991	0.0243975018237
16067616399016401156	9884412691815668850	0.0202776776413
16067616399016401156	9907532247599920331	0.0416666666667
4198206172346545338	9889429750611470156	0.0154156603995
6094827830178548422	9890235198715586156	0.0106806889352
