5095541407672165998	9898113276753283516	0.0141477958744
5212111870874049112	9894928352358092516	0.0116499803115
12514643855533566813	9904985392045929516	0.0119267560832
1112580328907249754	9893567105524333516	0.0129662538565
12265339376528524445	9904432685598150516	0.0212477591436
4796048669899641071	9889463264274636516	0.0421075960533
9529866007507303040	9890106491437622516	0.0313112145543
10499210761789986210	9898564553401443516	0.0146176336551
11103084158001198516	9892865294862514856	0.0626224291085
11103084158001198516	9902659705923074068	0.0119634001274
11103084158001198516	9893681665146629478	0.0417755993144
11103084158001198516	9885265509115251827	0.0568880123989
11103084158001198516	9909561830069820423	0.022662980455
7277687877054184212	9888705288444569516	0.01563645668
17572059042368730989	9893152061280048516	0.1
15654061900394591123	9910752863199088516	0.0863868425581
10769580370654358597	9904910019678695516	0.0339422116651
12874997582512514428	9895350762512890516	0.0366371652724
5732826446053322903	9899686343017096516	0.0232747032058
7706355016812281984	9907079600967649516	0.119522860933
7013234161046452181	9903004772160808516	0.107211253484
8688266698497630719	9886634766206820516	0.0304290309725
4444062578343859516	9902610988093090892	0.0206416046251
1922498051860507144	9891779454189117516	0.0199880107892
9692948212944768516	9886455674625605124	0.213200716356
9692948212944768516	9910468798360486953	0.0126531603
9692948212944768516	9896757089286824153	0.0121446541889
9692948212944768516	9898295134270676325	0.267261241912
16918725908173450516	9900775542459091788	0.0122425526719
16918725908173450516	9884027291544479331	0.0425628265379
16918725908173450516	9897901032482630885	0.0472455591262
16918725908173450516	9902396016368772082	0.0109395834198
16918725908173450516	10591401961590041750	0.0163692651118
16918725908173450516	9889030378751463484	0.014655259544
16918725908173450516	9881922684553847480	0.023312620206
16918725908173450516	9900746761806587515	0.0318788356532
16918725908173450516	9903952834612176789	0.0345032779671
16918725908173450516	9889043096118143338	0.0133582921286
16918725908173450516	9890519340781703535	0.106600358178
16918725908173450516	9882540064608080532	0.0186598342716
16918725908173450516	9902280400160984705	0.0382359556451
16918725908173450516	9902211882538700142	0.0635000635001
12655860126054675255	9905382405988190516	0.0170251306152
5758664790132909682	9893849460914542516	0.0137816371766
3960305490602673511	9900822524949738516	0.0318464877649
6489150624942631247	9907346584733335516	0.0247688702309
12838759503930364246	9905574163417885516	0.0248145833493
17387603633763388516	9888108717457858423	0.0656532164299
17387603633763388516	9906136593625874178	0.0162242770268
17387603633763388516	9885511078218285517	0.013840913309
