4591227180175879713	9903889011514948021	0.0311286403182
2645742026832159860	9896728579254000021	0.0164221546361
799039491276597601	9897232361842714021	0.0336336396998
6029818837996633153	9901384079151203021	0.0244411858369
7345038388422171818	9909760583981608021	0.0224733287488
11866962575257854085	9889351126878788021	0.072547625011
10977304240947661672	9904080223359698021	0.0180187492539
4353042016051809954	9886722658463263021	0.0159333468236
6332911130148663021	9902323500123377957	0.22360679775
6332911130148663021	9893956036293223529	0.0385758374905
6332911130148663021	9905411963898717674	0.129099444874
6332911130148663021	9898660056155956295	0.116247638744
6332911130148663021	9903355413290090942	0.105409255339
6332911130148663021	9905434280586318855	0.0315912011803
6332911130148663021	9903922864294593777	0.0275868629534
6332911130148663021	9894974570590233587	0.176776695297
6332911130148663021	9895356955837608790	0.0124591851511
6332911130148663021	9893251768964900075	0.162221421131
6332911130148663021	9885483495989641348	0.0183308893777
6332911130148663021	9891313222675178807	0.0766964988847
6332911130148663021	9890062858943513135	0.0291358273374
6332911130148663021	9889093192606920026	0.0920574617898
6332911130148663021	9894720390043485679	0.316227766017
6332911130148663021	9905006570561251922	0.144337567297
6332911130148663021	9897059399230317275	0.0369106735263
6332911130148663021	9902434967442377776	0.0780868809443
6332911130148663021	9899902620365374274	0.0186338998125
6332911130148663021	9884689197532248092	0.0557278212575
6332911130148663021	9906504517753287114	0.117851130198
6332911130148663021	9905293216642456526	0.0259412318538
6332911130148663021	9898379904062801500	0.05
6332911130148663021	9890330418156565391	0.154303349962
6332911130148663021	9886814166990079517	0.0591312395989
6332911130148663021	9906913832366940091	0.0304572451937
6332911130148663021	9894643063402067006	0.0124149386964
6332911130148663021	9890339909905612068	0.110431526075
6332911130148663021	9886738090321422388	0.02
6332911130148663021	9888513221664103237	0.144337567297
6332911130148663021	9907084359784114691	0.107832773203
6332911130148663021	9902410739522003768	0.0374765844498
6332911130148663021	9905471453492473017	0.0246781968202
6332911130148663021	9903265214753773175	0.0944911182523
6332911130148663021	9907256416169108814	0.0581238193719
6332911130148663021	9907203107040375839	0.0330409300228
6332911130148663021	9884215192030675650	0.0629940788349
6332911130148663021	9898755791045411378	0.0870388279778
6332911130148663021	9898410896613747157	0.0170498584868
6332911130148663021	9901928401784485615	0.0212525571021
6332911130148663021	9899817223568236824	0.0146741817721
6332911130148663021	9893856135325735630	0.0213784562405
