2906647044412477299	9901425057359947436	0.0527046276695
8895579577548087784	9887486896302569436	0.0148658829249
11130710331795704436	9895196491537284923	0.0142220030997
11130710331795704436	9898074261357053012	0.0144247440803
11130710331795704436	9907071436233778843	0.0126018165568
11130710331795704436	9898882209194897428	0.0436435780472
11130710331795704436	9895507369833320179	0.100503781526
11130710331795704436	9888394019326528270	0.0129848231189
11130710331795704436	9886523144335431452	0.0436435780472
11130710331795704436	9895315122827921302	0.0266028961489
11130710331795704436	9886390855045859471	0.0739221270955
11130710331795704436	9900523238846911276	0.0441510785688
11130710331795704436	9902520832460936588	0.0571661950475
3947928780441970757	9901688527760313436	0.0289157465983
14107862864270424363	9900441484070851436	0.0143992996351
3839585028906665408	9901030281196167436	0.0122673994612
4860029349504464096	9884189993570691436	0.174077655956
8660396867167456993	9891331837015854436	0.0244193145253
12684283918206620601	9901510626026083436	0.0214471816502
5221134338507466934	9899402381200033436	0.0472455591262
4112826413915795114	9907783687860383436	0.0168168198499
502481839645045017	9880152195900857436	0.0816496580928
5474456984676114685	9892080540006356436	0.235702260396
7275543335774821418	9903250027632010436	0.0350499818616
3488160692557313436	9880224364260825998	0.014011045057
3488160692557313436	9895792078813977494	0.0195740073172
5639779713510290436	9898265537750872605	0.0316862125262
5639779713510290436	9893001776069134631	0.0188310894289
5757730815373715436	9884956572087573737	0.0288195208852
5757730815373715436	9903567331301229431	0.110431526075
5757730815373715436	9898958762620685835	0.316227766017
6250227276390221559	9890245738553122436	0.0137102124277
5991721517972742118	9901372255138614436	0.0387492129146
9667710999260985494	9892131765997098436	0.0244047662282
1335998712577759572	9903395189021648436	0.0569802882298
6088794706963512941	9893613194793073436	0.0145880511527
595814703155749375	9902376654659071436	0.0594438298278
6374164252425983695	9880751459757344436	0.0230021853114
13081929957067228436	9897885274326091686	0.0152711805445
13081929957067228436	9893285630535618812	0.0135184517609
13081929957067228436	9894123033188172667	0.0422577127364
13081929957067228436	9897292096251633526	0.0108084425292
13081929957067228436	9909557874458373169	0.0128586124968
13081929957067228436	9900758276615920931	0.0109843693791
3905565740724567228	9893192588637830436	0.0117411658946
2608662182742589511	9894740816972610436	0.0336146322726
8586661284025409032	9884327032991475436	0.0204379779828
1365507692633876412	9881274114394137436	0.0113930987837
14436588255528421436	9879436753161983803	0.0248913375794
12610654318016799241	9901436001041696436	0.0565233418944
