6018445999173591495	9898636103263415600	0.0233954135448
5836487372605434724	9891337540698826600	0.110431526075
1951527015719475304	9900351547518992600	0.0637576713063
11877636440973615600	9898728719986495495	0.0355334527259
11877636440973615600	9891434675586284693	0.0110742582364
3642362305590416392	9895272512464546600	0.0379321620905
18432601811603530755	9896674660418298600	0.0181728091046
5880452453719861600	9903614391202116890	0.022622350159
5880452453719861600	9904773431156174560	0.100503781526
5014249066579219216	9908135454251920600	0.0165182110425
2107305195461854637	9888535963561402600	0.235702260396
5344754298781527242	9906024907276173600	0.0328266082149
2658500708460818028	9894884230195669600	0.011556254088
6532648313603141776	9901562054006987600	0.0370624658331
3556051644208030758	9895705488135540600	0.0136999156088
5051448422675684641	9881539122492350600	0.0341593492843
13009688039886744600	9894400719968348389	0.0120003840184
13009688039886744600	9893089685516326422	0.0208877996572
13009688039886744600	9893117744527245149	0.0102543878941
13009688039886744600	9901808748369262277	0.0352672807929
13009688039886744600	9905513651539772886	0.0171903541043
13009688039886744600	9906881998127721015	0.0146521129504
13009688039886744600	9892109762918613298	0.0656532164299
1722809458226449765	9883470328841240600	0.0205066195799
1746441721756152258	9894551271478630600	0.013625951082
15037387078132696842	9901074880259442600	0.0185695338177
11202009652226860214	9898533848557206600	0.0238095238095
1374106131450402079	9906540672737208600	0.0229295083989
6500681868509827827	9896109292337827600	0.0251976315339
9314296368225252402	9908296060270478600	0.162221421131
12205478580776670600	9902183333841104254	0.0555555555556
2685382681172424472	9897457478186270600	0.0117049164537
6462486557537896340	9890908628073462600	0.0116531439179
9136133204942258780	9903006777935463600	0.10976425999
4239203697498725556	9901562054006987600	0.077151674981
8788953819306164245	9890364382742080600	0.154303349962
3646706382904506771	9891464426921949600	0.0531494003453
13044500475267421643	9892225314664010600	0.0521286035143
13539592983097080117	9887205086269389600	0.117851130198
2759072422667215146	9895521238301777600	0.0727392967453
3349210559383138789	9887662882553805600	0.012944509327
5879775398758968794	9887774285529518600	0.0115818030681
9704973620083898531	9887487055251713600	0.0216777492381
2364055781087073863	9895542322201455600	0.0429536779588
13496194718450029334	9906451625230250600	0.0137490333051
6168883123371463633	9883112923139126600	0.0134303827338
6295237777764766377	9902328907555600600	0.0124678975306
2418214145743705912	9900140905136880600	0.0311891430776
13185618920707604484	9886273318937883600	0.0326164036527
6281198908545526867	9887648241112127600	0.0111705699113
