6343669903233815096	9894930955289871552	0.0146051559459
6932329775960435081	9890516750966529552	0.0172980352278
5486710587065932589	9884170601755714552	0.0158910431541
1232230193389930552	9903993684137905078	0.0279508497187
1232230193389930552	9903556379034719397	0.0147763531141
1232230193389930552	9887245355970412930	0.0225876975726
1232230193389930552	9889790931528991491	0.07453559925
1232230193389930552	9888857304372587039	0.0122905411521
1232230193389930552	9888785045843802130	0.0101430103242
1232230193389930552	9895414482568671463	0.0185695338177
1232230193389930552	9891656489255243885	0.0184427778391
1232230193389930552	9886903549606083119	0.0221403721385
1232230193389930552	9892639366806451441	0.0674199862463
1232230193389930552	9892928224874399649	0.0430331482912
1232230193389930552	9891930813164021758	0.0147763531141
1232230193389930552	9906432452479667216	0.0181968631312
1232230193389930552	9889914502133640495	0.046625240412
1232230193389930552	9892788277602728863	0.0259937622455
1232230193389930552	9882895662066131649	0.0121446541889
11855665249216226920	9901517145736758552	0.0284555196612
7447148749530901377	9903441085055650552	0.0424859288662
13546896498696683552	9880165003570145606	0.0177415431804
2249996499128215918	9894525492932582552	0.0124902458042
6616390697749435393	9887610093221656552	0.0152729615441
5191908531739714332	9885995340064152552	0.0103483966143
18175430817624399552	9897898846243299898	0.0674199862463
18175430817624399552	9903900874206630996	0.0785674201318
7344942353236292090	9885805292006585552	0.0483368244523
3386561984206463485	9886206613757029552	0.0568880123989
6923508625769838552	9887394356999616501	0.0225131599742
6923508625769838552	9886340857357378383	0.0372419461362
1911501759215234552	9884949549909126305	0.0176501127405
1911501759215234552	9907551484696959494	0.0162328251186
1911501759215234552	9898798182497592498	0.0645497224368
1911501759215234552	9907756071263216470	0.0103695169473
1911501759215234552	9892728401452310437	0.0226455406829
1911501759215234552	9906575427639526921	0.0146411158127
1911501759215234552	9886573163578488752	0.0199800299501
12514303516018553214	9905219678177848552	0.0125019535829
10055787318719712641	9887370167714359552	0.134839972493
2475744824470731552	9887950503728723201	0.0102409359824
2475744824470731552	9894404997769285619	0.0160955694995
2475744824470731552	9885519870086554994	0.012461119657
4023378548146554552	9885505696687900800	0.02
4023378548146554552	9890506417319411240	0.0384047686321
4023378548146554552	9881613498450019225	0.010357273645
6474397837277063552	9883456090994004788	0.0105409255339
6474397837277063552	9893553988635360604	0.0142133810904
6474397837277063552	9883574838250265936	0.0230940107676
6474397837277063552	9905431407248341656	0.0288675134595
