5933223827268816717	9895483038763550852	0.0305423610891
5933223827268816717	9894773660569567730	0.0539163866017
5933223827268816717	9908733511310072801	0.0198889321044
5933223827268816717	9893527484436470917	0.0363216356146
5933223827268816717	9899733377184005212	0.0542326144547
5933223827268816717	9886219004730526134	0.0307147558417
5933223827268816717	9885057065873104337	0.013087839325
5933223827268816717	9894375233624766695	0.0109870210072
1416247993321119521	9889155272201110717	0.0257172249937
13554567183901696345	9903211222689411717	0.1490711985
7047472450316135709	9900024163677128717	0.0228814380978
4073581631092708903	9902153191860481717	0.0246182981959
4052128872238242103	9899958669686661717	0.0408248290464
11580606833232643234	9892298994957486717	0.0527046276695
10444292045447648209	9892030404778410717	0.0254823595719
11659389824370314717	9896414505585287483	0.010994322898
10416065517773936121	9897169857241697717	0.0401609664451
13835997516086593060	9903133737113440717	0.011871997599
10180147219367047717	9902457228342824673	0.0382359556451
4256501999444186435	9887541120346770717	0.0944911182523
3226053591604658520	9890063636214904717	0.0167647479393
7415039561053213041	9890424482300480717	0.105409255339
4344345457529879509	9890150523307486717	0.0118122137649
14995302573857108805	9890421557283482717	0.124034734589
3350085611402398825	9908541444670675717	0.0653720450461
741110200260022661	9901109742460102717	0.0148938867184
3342177764547427779	9905497468046189717	0.0208333333333
7440960930669375759	9898754966481974717	0.032686022523
1181385347514802248	9891582658690007717	0.0169394228329
6437070834746734588	9899822536476521717	0.288675134595
888681360533838134	9904170641008502717	0.0454545454545
955504887901099663	9898659927476443717	0.017989569074
7696963791109277588	9902092319183057717	0.05
6762718626738064271	9907093585324218717	0.0105603038708
8243538593493307717	9889305411295908372	0.0114153466057
8243538593493307717	9888830697042317154	0.028795614186
8243538593493307717	9886837965471256817	0.0129815403927
8243538593493307717	9905484351268245612	0.0228754505436
5726318351279000888	9884784893779008717	0.0177779533634
10527894391863623761	9893733273479033717	0.0100932893859
2825507561588858187	9895802013119293717	0.0113886648086
6792104071191097195	9889355112590339717	0.0148988450118
8087355371603069929	9880644974630721717	0.0155230105141
12970016646610739717	9889993280408636958	0.0172465068582
12970016646610739717	9910418573005295635	0.0124063367901
1051765214892258544	9902003971760215717	0.035805743702
4726021413888640717	9905764546320759865	0.154303349962
4726021413888640717	9898938013717529193	0.0408248290464
4726021413888640717	9905506964230145643	0.0351364184463
4726021413888640717	9910143733738451588	0.0389249472081
