1577789704651710663	9905103958872085130	0.0116389279458
4160011784248835090	9887062746877046130	0.0128628667939
12792092657510860113	9902567269601791130	0.0344214195411
2788014304641833130	9888464675708469101	0.0873704056661
2788014304641833130	9903270738079018250	0.0325300024316
2788014304641833130	9898790988348183210	0.408248290464
2788014304641833130	9902603746819186221	0.124034734589
2788014304641833130	9884231345496793580	0.0157739695054
3602170637601706130	9909607519981601668	0.0113205935135
3602170637601706130	9907504218610334468	0.0331679063403
3602170637601706130	9908461360721811876	0.117851130198
13070155906081784130	9885524049003958546	0.0208152723561
13070155906081784130	9903982976806192132	0.0392837100659
13070155906081784130	9890612021992834996	0.0285830975238
13070155906081784130	9900762541523048929	0.0290129426593
13070155906081784130	9896852201414312240	0.0377964473009
13070155906081784130	9899080731082535442	0.0272367355351
13070155906081784130	9891704704601785380	0.0573539334676
13070155906081784130	9891692738791380822	0.0279946255478
13070155906081784130	9891437596348340274	0.0125195771459
13070155906081784130	9894653332761039160	0.01064794275
13070155906081784130	9893377113230014591	0.0119115163801
13070155906081784130	9893410201787181085	0.0100060054054
13070155906081784130	9903893916363996271	0.0254164283888
13070155906081784130	9907186511324497013	0.0512989176043
3440751438880735931	9889341849818305130	0.0567047977124
13889512180409205084	9891184674210501130	0.164398987305
7930304012954537162	9905103958872085130	0.0116389279458
5005993643986302905	9890656788362393130	0.0161690416691
256431688265246288	9891944239219299130	0.0235180217096
3021207758204735130	10590003408614396935	0.0528516422582
3021207758204735130	9884389705183072082	0.0165002124416
3021207758204735130	9886258316740148318	0.0513665496938
3021207758204735130	9887572933096807505	0.0100402416113
3021207758204735130	9890897297969235184	0.0685188709828
3021207758204735130	9896583014434500568	0.0565233418944
3021207758204735130	9897009899746831614	0.158113883008
3021207758204735130	10204350412934867374	0.4472135955
7839508021942221018	9892400162796562130	0.111803398875
13901300431790996130	9899524053322416845	0.0376889180722
7878263109221466370	9901553571463909130	0.0465242105199
7934234114015737130	9904257725740597972	0.0542326144547
7934234114015737130	9881869285219761708	0.0284555196612
7934234114015737130	9910697677168700313	0.0192664280213
7934234114015737130	9880665371584374536	0.0633724250524
13232393355602619031	9892247240491596130	0.127000127
5944277125516712797	9894630423407957130	0.213200716356
7606139522092926264	9901066925854327130	0.0122720173418
5400555845585307539	9886585958267392130	0.010349504995
5076708007813312958	9887006152078272130	0.0230632802007
