14546230453445270572	9895401438836064518	0.0113680411586
1260358479933380518	9900666085163413262	0.058222250974
1260358479933380518	9896868655372733003	0.0108433341439
1260358479933380518	9889456615595799648	0.0282842712475
1260358479933380518	9885198039547760245	0.0749531688996
1260358479933380518	9885381125467788777	0.0182391885055
1260358479933380518	9895513503036380204	0.0719815750749
6284873609645885667	9885780845103648518	0.0854357657717
1769976908755158356	9887462333434575518	0.0208469099613
3704321917887952699	9906471815818165518	0.0116326264143
4460618924423087716	9885469563141805518	0.0468807230938
1007200956765350508	9895492453390265518	0.116247638744
10524295331291900723	9895585396410007518	0.140028008403
5320732473571427219	9895701674216012518	0.0119668260725
3758213535618898693	9900541578438064518	0.0171903541043
2164510427601215973	9885479398570960518	0.0474578997876
5166429503093366070	9892181931223039518	0.035623524994
6922682223094108456	9888640610432862518	0.0136717185405
7625773870647007986	9900338688343447518	0.0127858839934
5591361558799886784	10603280930744713518	0.0490290337845
5518986334760534817	9898629308612450518	0.196116135138
3269589835859734146	9885436942831952518	0.0133061573853
7133539037460540115	9899170152313522518	0.0150927278118
11642218492030500236	9891397885016089518	0.0415227399269
1478603858026366872	9903255976320153518	0.036514837167
12030260915107856097	9906972170956502518	0.0161753862021
1499037104778692390	9897613892352002518	0.0449466574975
10581593135333674072	9892844198021084518	0.0106316822018
3269893125040851518	9907653133702460063	0.017010345436
3269893125040851518	9898014642926916170	0.0142915487619
3269893125040851518	9890526659545019533	0.0167718201809
3269893125040851518	9899670443051813720	0.0270369035218
3269893125040851518	9893384200006077413	0.0149370238316
3269893125040851518	9896119007517940624	0.0165839531702
3269893125040851518	10582751287620720907	0.0353332626669
3269893125040851518	9890251420742370956	0.0247764715416
3269893125040851518	9893553460396651407	0.0272165526976
10640804486772249326	9891278892890753518	0.0376889180722
8861646976660073187	9901593810990115518	0.0202113020864
6777896864765305409	9898145733913155518	0.0154746115148
4782704755705991371	9903944519504957518	0.0559016994375
12429508209518366199	9898286402724718518	0.0758098043579
7171102126445925518	9899066991493915273	0.0104031297322
7171102126445925518	9897798429963365732	0.021506619681
7171102126445925518	9889269166141758419	0.0431934212791
7171102126445925518	10606400167839154908	0.109108945118
7171102126445925518	9888692712746080499	0.0839181358297
7171102126445925518	9905271514188853277	0.235702260396
7171102126445925518	9884081193357620704	0.0132779762932
7171102126445925518	9898108981947165879	0.0102749367066
