8189521287874699785	9894699409134845592	0.0348790053208
13079926492460258758	9903514245504826592	0.0221403721385
6569554929149938222	9885655784302807592	0.0454545454545
14818702259398974024	9901938026869001592	0.0142047747432
17051750450985455213	9900070368842485592	0.0132129105645
6836496080042927530	9903825059389088592	0.0186663348237
6716404113086601050	9905143515565091592	0.0116697952395
1604791088768316599	9898553042816963592	0.0137934314767
16101907010019784684	9895403616345171592	0.0171852764631
3652987681866230157	9904765764601238592	0.0179953937687
7555146402130512592	9894569834322943847	0.0115170997514
13630103610344541305	9896538359570691592	0.0309344112445
3822713192971692562	9897615210964443592	0.0166574151163
10417391137641588592	9901422416009177331	0.288675134595
10417391137641588592	9889315345599217524	0.158113883008
10417391137641588592	9897017488993286679	0.176776695297
468121096024903045	9892915378546457592	0.017334381132
2836889418309531911	9880687413288705592	0.0610847221782
7917266618286340176	9891616932629095592	0.0116571020526
6923186572201075831	9893808340929535592	0.235702260396
14775344676263170481	9886860136067312592	0.0204124145232
5271024730860955437	9891725590928963592	0.0990147542977
3196075239558079592	9884069072972841208	0.0393749615479
13808479522445845485	9887803701713567592	0.0171928946133
7544695002727873786	9907504012527910592	0.0212621627781
4336264686977474385	9894391365586857592	0.0638876565
4209791549873690865	9892639663145054592	0.166666666667
3641424002920566466	9886000292119180592	0.0207345753255
3618242955036465592	9899091507138023392	0.0104330945167
3618242955036465592	9900303126136997315	0.160128153805
8578635211057711576	9901229614901798592	0.0129706159269
11029860013823770556	9900459089183750592	0.0154968931843
11598382607384335592	9909025410113781459	0.0122453059728
11598382607384335592	9904456591303551599	0.0127453185484
11598382607384335592	9898277348836460478	0.022388683142
11598382607384335592	9888003537959933494	0.0500626174322
11598382607384335592	9880490871261200727	0.0353996162702
11598382607384335592	9886222483761734233	0.011194341571
11598382607384335592	9882907533473114437	0.0367359179185
3498475714883701560	9890299459984465592	0.0346271680532
11800919761192499791	9895414259333217592	0.0194994393992
13253500732385055952	9898477125016898592	0.0132175264286
5948042125077290713	9902908749562768592	0.0176008335952
13809826599358451387	9902397455093627592	0.0364178520365
5528395117478568458	9896858759907376592	0.084818892968
4945005084672859247	9900590528052949592	0.113227703414
12995320891914526530	9901150256776394592	0.0189934294099
11903146044272710476	9897642415247772592	0.07453559925
5368202514564927592	9892496026527592107	0.0116067403663
5368202514564927592	9906034532284817070	0.0120185710216
