968375598614388389	9884582622253410352	0.164398987305
9676715184367887352	9896871812219031450	0.164398987305
9676715184367887352	9903515538274685396	0.0971285862357
9676715184367887352	9891766311597801218	0.03776947873
9676715184367887352	9907196484242313882	0.017877106131
9676715184367887352	9887947385557353002	0.0586210381761
9676715184367887352	9899337875154197883	0.0260201473941
9676715184367887352	9898359348400362382	0.0617802063215
9676715184367887352	9897535358937089237	0.185695338177
9676715184367887352	9893030092850995872	0.0966736489046
9676715184367887352	9887963697901514028	0.0613139339485
4003281882462503184	9887634557250238352	0.0128895521609
6971184807014989570	9896751823732674352	0.0293231176354
4595508893882721194	9898715757694328352	0.0122333883973
9662748560313661696	9900252810488138352	0.0127827498141
2393774292986296512	9904915538711994352	0.0417028828114
10060985490251721470	9903878042155332352	0.0527046276695
7701237837744726333	9893967615481561352	0.0288675134595
4808016336398720352	9880714153740577787	0.0183278103671
4808016336398720352	9890566563956387697	0.171498585143
2789642012556775648	9886463667622471352	0.0134742013909
11772723618969548352	9895656512615106551	0.0346896156568
11001676578447324398	9891010290065816352	0.011396057646
1444491737743201336	9906685718106027352	0.0666666666667
2481765664356033809	9907335954661206352	0.0146947637926
4321150810135713193	9897481770601161352	0.0962250448649
11896583889861713352	9895679812767515032	0.042409446484
11896583889861713352	9895711659926035119	0.12598815767
11896583889861713352	9905640971510197724	0.0140137963668
11896583889861713352	9899400482782951272	0.124034734589
11896583889861713352	9888844999333251025	0.0114384734957
11896583889861713352	9888602668722065528	0.0360843918244
11896583889861713352	9882042904975986355	0.0153483308639
11896583889861713352	9888424663803298575	0.333333333333
11896583889861713352	9892076584311210483	0.0483933918496
11896583889861713352	9891450055941567939	0.0690065559342
11896583889861713352	9892277575953677799	0.0222552173736
11896583889861713352	9886932265636463954	0.0916698497028
11896583889861713352	9895269059381703369	0.0173500282372
11896583889861713352	9895428604486803782	0.0137829461605
11896583889861713352	9881685834280010725	0.118678165819
1341050680520635113	9887996047550990352	0.162221421131
10451835813229388019	9905335543587553352	0.0398409536445
14210494121874072352	9896898818984102720	0.0677285461479
14210494121874072352	9910338746751983238	0.0890870806375
14210494121874072352	9889393801727887512	0.0165114546671
14210494121874072352	9879894240165896156	0.0432742322408
14210494121874072352	9885114850311129953	0.0103583848808
14210494121874072352	9900329011778161548	0.0613139339485
14210494121874072352	9895368169936006112	0.0185439735388
