4763577384245491564	9898898225123908547	0.0133714218475
16058407017970906039	9909437873008182547	0.025515518154
3276128146512241960	9905869579865863547	0.114707866935
3276128146512241960	9907494232848804547	0.0211856799304
10607703413826430373	9894027620475544547	0.0476731294623
5210912668403552747	9896017324196293547	0.0258543844998
15189864228045198504	9907664072999870547	0.0189934294099
7002018726210054167	9898036311047659547	0.0378777009539
2659611485994664616	9885059526881849547	0.0764719112902
7850406781363510279	9892156522335540547	0.0474578997876
7242902356848707168	9902714475356242547	0.0172260240637
3714330721312764871	9888059600277871547	0.0145896036511
6821072178773975861	9905716657468085547	0.111803398875
5847988771217247981	9885489783865027547	0.0686802819743
7700848528620033299	9902105706722225547	0.0755928946018
5393464597257797101	9910664228015518547	0.0188780080373
9940469383197575754	9893622458961773547	0.010010015025
4994812410739775737	9886912745070652547	0.353553390593
3568116276422813363	9889905693067118547	0.0183216569976
5066962605003579033	9892447738288152547	0.144337567297
5527387803889541282	9889119748434436547	0.0105898697046
5005331665332820977	9910500907555853547	0.0727392967453
17870552817796349772	9904077440329939547	0.0413449115297
17870552817796349772	9898178873936079547	0.333333333333
12714900550498717836	9899927226248475547	0.0289157465983
1191766649459240835	9888032864010434547	0.0237691344271
2106336659519180591	9900407455143490547	0.0257598526128
6708950708634063547	9883800663326089626	0.0120701137396
10157655958260653709	9884784129231586547	0.0171473370324
2859819458393892547	9889786052505012237	0.0409272754535
2859819458393892547	9893998178417136154	0.0944911182523
2859819458393892547	9885963724838403317	0.0201007563052
2859819458393892547	9894890930398340261	0.0595491334175
2859819458393892547	10213930225858796231	0.0309196207052
2859819458393892547	10602073069778068537	0.0521995750972
2859819458393892547	9904057120817855336	0.0294500032027
2859819458393892547	9893052224752650154	0.0755928946018
2859819458393892547	9904129881741552527	0.0662266178533
2859819458393892547	9890056652574078563	0.5
2859819458393892547	9889839009430529700	0.0773823232534
2859819458393892547	9894235556964033681	0.0662266178533
2859819458393892547	9884133506091103375	0.0819231920519
2859819458393892547	9887668199849755809	0.0557278212575
2859819458393892547	9902328404910724032	0.235702260396
12841839592488055749	9907445128390847547	0.0161122748174
6410720338645847305	9903376261138015547	0.0433963036603
4466566025640931307	9892046583921223547	0.0198418947533
3586330562305199571	9894253759028593547	0.0365392047621
17381531307782585814	9902188857234157547	0.0417028828114
1658671444472056817	9896526230635242547	0.204124145232
