7217857556307873777	9890811780912932781	0.0186016332951
13905922125343413141	9893862135417695781	0.333333333333
2058443186559963203	9903677037634361781	0.0123711603171
2819162389121422912	9904113595362638781	0.0150075056297
12002324463302478281	9892703846987497781	0.0153483308639
8185737995996041129	9901244454039530781	0.0214373231428
5605063707638561781	9881922968063804420	0.015849074659
5605063707638561781	9886675366533852339	0.0808452083454
5605063707638561781	9905607522355484465	0.0436435780472
5605063707638561781	9883616396409028831	0.0159821100495
5605063707638561781	9900385061196835254	0.0115033752979
5605063707638561781	9889197865331044945	0.0105833439167
5605063707638561781	9881275484533799105	0.0219634393398
5605063707638561781	9881198943935102014	0.0321246283102
5605063707638561781	9894331785798159057	0.0425628265379
5605063707638561781	9895252231565970083	0.0159637714204
5605063707638561781	9893381030286099357	0.0284785885906
5605063707638561781	9896498351829329805	0.0397464316759
5605063707638561781	9889593212755484633	0.020659216919
5605063707638561781	9887825520132643390	0.0103913281065
5605063707638561781	9898447232046797583	0.117851130198
3941863207051686153	9882592222695640781	0.0199204768222
8048617937143258395	9900735676550841781	0.0795557284176
5298502414633895781	9901633419271866113	0.0131841705676
5298502414633895781	9908094875453616710	0.0144067693143
5298502414633895781	9902869064125982216	0.0191459895267
5298502414633895781	9897918169437317293	0.0128215665757
5298502414633895781	9902702174511072745	0.0117990506866
5298502414633895781	9881169424684363632	0.0580258853186
5298502414633895781	9898119809497439985	0.0148184741491
5298502414633895781	9888032683649843385	0.0615457454897
5298502414633895781	9902749389144722916	0.0178599906592
5298502414633895781	9890887840470362938	0.0517087689995
5298502414633895781	9901513937501710704	0.0167248402001
5298502414633895781	9897421864340916584	0.0151515151515
5298502414633895781	9901643018528230682	0.134839972493
5298502414633895781	9900395046986486367	0.0198810693122
5298502414633895781	9887973773884211887	0.0237624228261
5298502414633895781	9890632457460681555	0.0710669054519
3672414892873953116	9902629941805410781	0.037267799625
11802595765103383712	9885337067643961781	0.0508328567775
10031672472350655160	9888323835123173781	0.0427960492511
5086874388834835640	9901117387421495781	0.0733235575107
222878269281997781	9902970816093712302	0.0338061701891
222878269281997781	9906631957884885036	0.0668153104781
222878269281997781	9894655621994473368	0.0215115951859
222878269281997781	9906590563023831401	0.028594780785
5476203977112399013	9887684640994074781	0.0762492851663
2940182594750678283	9899220107116298781	0.0343807082086
8657406267342699046	9896460259836156781	0.0283980917124
