7112444361644654238	9881771248222742067	0.0173421993905
3786322694693245356	9886933859098160067	0.0226804605813
5134677340742732289	9894726055157563067	0.0361314686765
10327133416830121408	9891881425234366067	0.0241402274793
3169750718657210416	9889102117656004067	0.0110803749219
6131839500577467974	9889205798056881067	0.0443678254708
17471418099003471051	9903951967059372067	0.0192023843161
5584075486657853180	9889002890992067067	0.0274928699614
2640888265340318783	9898476802829251067	0.0407231481188
5277358505798313218	9892460700443703067	0.0115709434285
8112024726717375067	9902894975584171197	0.0944911182523
8112024726717375067	9882856131275532489	0.0127869292322
8112024726717375067	9890612017731028566	0.0129271922499
13331638122515950067	9906985442420856965	0.0132604537725
13331638122515950067	9897070823876583290	0.0158910431541
13331638122515950067	9890661319596900579	0.0103114704148
13331638122515950067	9894753933769939740	0.0163038662682
13331638122515950067	9889563074969151065	0.0270765180537
13331638122515950067	9888324273311613668	0.0157387640739
7295255092433525382	9907444935193464067	0.0111490272201
2738022508628004653	9896414209216786067	0.0808452083454
3555304096193819267	9884486097150331067	0.288675134595
13043445584472504774	9885685844758579067	0.0298274993136
2449599091784460061	9897125799496662067	0.014429248294
10855869439366342210	9885407449358905067	0.0278423023195
961042771248088980	9902024368637444067	0.028171808491
4347621740339905067	9894653487427898766	0.0123749487601
4347621740339905067	9902321584658137832	0.0175763483059
4347621740339905067	9892543253995906199	0.0644156626401
4347621740339905067	9893933698161325495	0.147441956155
4347621740339905067	9889973721096807171	0.0194957333382
4347621740339905067	9900963872419730861	0.0808452083454
1689243566931126222	9898242658373029067	0.0224960635333
5197619607855362956	9886910597689914067	0.0157916610464
5594154799403412218	9905857240231990067	0.0170622628962
3627031220452269355	9895434299610425067	0.0559016994375
3849016767938021404	9882522953513143067	0.57735026919
3873267624799238525	9882099499778779067	0.0601929265429
13348512828003930870	9887963736547098067	0.0400320384513
7155580679437732121	9887123164113105067	0.0430331482912
2496497758757503005	9884077052967618067	0.0529256124025
337461433970041448	9878916632595528067	0.0113790755946
10554029231137566432	9895488042537481067	0.0555555555556
4053522085967192192	9894411685108306067	0.0323592400845
4838321953593254048	9907884830053885067	0.0803219328902
5804124768466260422	9884990528167869067	0.0448110714948
7459587883961588476	9899875793851593067	0.0517087689995
741024198056116794	9893602642015892067	0.036514837167
6516537629962003735	9887911385208497067	0.0124341182825
2722212862988828675	9899623163962796067	0.0144157482926
