5023331388982169914	9902179829253479343	0.0524142418361
5023331388982169914	9897407557911412178	0.0422577127364
5023331388982169914	9888798252919597397	0.0186468535157
8577918482962894975	9880551980004857914	0.0308901031608
9645434220730366088	9896487343974417914	0.0161542667438
1491890438415844118	9892443430342981914	0.0193094815454
13837397124764291235	9892575474830379914	0.0490290337845
15193395318301235715	9906232547434710914	0.0270369035218
4901884119300054189	9886365046586588914	0.0112366643744
7105529340234854187	9884927014235463914	0.0339422116651
5258164897629213466	9901169983619351914	0.0242964765375
12101566588486342690	9892764942991463914	0.0215315317937
5392143297409545155	9887360881995544914	0.0123138143053
5087409359450360992	9909796455627989914	0.0714285714286
5858971921372774229	9894427829793750914	0.0105880887472
9836220480990381574	9909326560431136914	0.22360679775
6459062060000040791	9894405049410043914	0.22360679775
941231044974706489	9898768083318458914	0.0119651127321
12327914577636402245	9894436239208690914	0.0404888165089
14640182240326228338	9897159639489253914	0.0146458258388
4968084134000461335	10586358231132787914	0.069843029577
1701953195521391066	9885321893441639914	0.0142653497504
5499622367415779485	9906501180537966914	0.0472455591262
4917058662155070551	9904322734388891914	0.0101876529154
7435611672323413914	10598209763932030171	0.0209564871154
6573355872174290914	9902027241891481563	0.0107112804194
6573355872174290914	9889185036234637799	0.0211477467219
6671933424870185505	9900301901994381914	0.0114452141256
1233667963524802030	9888784427515759914	0.0449921270666
10208622526109008016	9888297872098778914	0.0122535770349
4081074094715506802	9894591644151242914	0.5
8352093862001978659	9900243701017100914	0.0188645669476
5407526500770049023	9893315458949839914	0.0156556072771
9537068342519866788	9886338035500885914	0.070359754473
5148531072722591176	9883804644716783914	0.0329690236698
5683641142658721711	9899747164018483914	0.0152022038712
2911491273090689578	9889933636117946914	0.0126592420885
2461983748848501468	9902176526436478914	0.0112239171617
1489536667349192576	9893378028175910914	0.0556414884075
4634701655386464828	9899081465570566914	0.051987524491
3376147538274588579	9886240982230812914	0.032291684186
13176587209076799914	9888605992993168694	0.0132803178815
13176587209076799914	9901094606979493155	0.0221186977602
13176587209076799914	9883174925204995619	0.024922239314
13176587209076799914	10590041646828027058	0.019440394784
7927828144483182277	9890540214451555914	0.0135856524323
5187360751801727248	9887162037890999914	0.0527046276695
935866729332318701	9883014306319742914	0.22360679775
892622267179727356	9902642968493656914	0.0113489906089
6095084213989376940	9885164315433216914	0.0227155425212
