12943807124113028133	9904361101394514186	0.142857142857
2049202925740111960	9893102505968034186	0.0295914978086
3284801219339829663	9903887641412390186	0.0369106735263
3262033469822436712	9896696251203435186	0.0208559758064
9275176796240286184	9897305329133880186	0.0292103118918
9047715135418849678	9896818129432586186	0.0214669395371
7080376448298264365	9901369330188267186	0.020993398614
706622832890711725	9910055330476488186	0.0149004988771
17518010030315055811	9892355443686371186	0.0162349642535
1879649607852696504	9906180380774602186	0.0162435292576
4013047539168816014	9907521617531769186	0.0183308893777
18281896089902621624	9890354693334468186	0.0116476092969
2930129442467762134	9885731251165609186	0.0635000635001
5299184347832100972	9901513757131289186	0.0320092199832
5533204220843569575	9888021946190490186	0.0382359556451
78198491826491400	9897361417085192186	0.0131193383822
7233691630559755235	9903279027380679186	0.017674908041
2483134144165961433	9887816092603869186	0.0406557814091
6586183173933017240	9887993577895515186	0.0863868425581
5005985877754328647	9887224838907330186	0.0314658387764
4816752865837576351	9889578051512278186	0.0379594809001
12930861345525201426	9884131380141709186	0.0127775313
4846780465061122091	9896510549649080186	0.0230204627758
11754792401503486362	9891752172619026186	0.0119165897884
11788884585108357745	9882466216923167186	0.0313112145543
12693042482502228481	9883473524255168186	0.04472135955
536576092596354196	9881929268746197186	0.0525588331228
2826402697036301623	9891456665968535186	0.01203509738
7151163123676505087	9884681346397153186	0.0975900072949
5117347871424456652	9891735606833101186	0.123091490979
12544729709971875844	9894434517109143186	0.137360563949
12534544061449639186	9906393531438751420	0.0184553367631
2970987807493669186	9901076915874148558	0.0129924925084
2970987807493669186	9892549735084886579	0.0112288692542
4113382059562152046	9892109853139406186	0.0563436169819
5949195204618505702	9896289844073973186	0.0249688084719
9051521670089236736	9887397307570928186	0.0538381902058
4975791792116773727	9905969712560779186	0.0125828476797
2034290004523302472	9900821799252248186	0.166666666667
3684581325564667127	9888883770026669186	0.0382359556451
924027205614682272	9908831122981550186	0.105409255339
13894398169449993813	9897726609456840186	0.0512315519579
14108990812009849791	9903048400521924186	0.0230021853114
12549937625398195486	9903041043167674186	0.0119557024965
12147550955148594485	9887275893222551186	0.0405220449237
128481270368628186	9888233868397766577	0.152498570333
128481270368628186	9883018146002218467	0.0431934212791
4911027384852255416	9899622352310825186	0.0293863549692
12580415021566035659	9901199670464174186	0.0174024929116
3605002904366017104	9887686049700240186	0.0836242010007
