6648000853515138479	9905905232341769554	0.0195740073172
4981280957429373952	9906684678703515479	0.0188645669476
4512791353947127019	9894986849814394479	0.171498585143
12793940274905089781	9904251618333664479	0.0282842712475
9068145002852236374	9889169059039943479	0.19245008973
7280346826462659479	9888051852092743342	0.0107464774119
7280346826462659479	9895745706108888592	0.188982236505
7280346826462659479	9890622793817430208	0.0755928946018
7280346826462659479	9890433939746457618	0.0288195208852
340942403057809581	9897124283265386479	0.0221621103589
6990215695363680359	9892168930469046479	0.0138065718355
11151265610995079667	9891983241743421479	0.0104370715181
6102683373048236502	9901955421527515479	0.0107582870728
12894169521371561479	9892046816005439532	0.0190002850064
12894169521371561479	9897907268775461452	0.182574185835
12894169521371561479	9886752512820049255	0.0267739776301
12894169521371561479	9885244773131421314	0.0214917138552
12894169521371561479	9897444657785058024	0.0127205462829
12894169521371561479	9887414096666725420	0.0235375576579
12894169521371561479	9886665861815081508	0.0325300024316
12894169521371561479	9880695096995383238	0.0325300024316
12894169521371561479	9905428572556642499	0.0119908903836
12894169521371561479	9908618616637975887	0.0285714285714
12894169521371561479	9902821969717045703	0.0506369683542
12894169521371561479	9905372677868106349	0.052342392259
12894169521371561479	9894543304361181560	0.0340997169735
12894169521371561479	9887714911877729179	0.0318626493939
12894169521371561479	9891904360487019075	0.0485071250073
12894169521371561479	9894749119083984854	0.0766964988847
12894169521371561479	9879663059254730794	0.0597614304667
12894169521371561479	9901677425352249678	0.0137620470641
12894169521371561479	9906138015281349179	0.0434372242763
830174465075999064	9884526237922148479	0.058321184352
11507600703590229759	9903751946155193479	0.0440225453163
9516204572450692358	9902129767093894479	0.019462473604
8284318011473745565	9901547296519822479	0.0111978502191
8915321802468108996	9895107744625681479	0.0190140184994
2746141182275550699	9904199395773578479	0.0783260449988
2495355666948252317	9890312190199388479	0.0166574151163
14072599236595152479	9896177852831379156	0.0957826285221
14072599236595152479	9900778106495240911	0.057735026919
14072599236595152479	9896331329245932416	0.0793051585718
14072599236595152479	9888341178256553531	0.0830454798537
14072599236595152479	9900189399577006068	0.0169079166182
14072599236595152479	9896648984977922332	0.0100075084481
14072599236595152479	9896406989439405837	0.162221421131
14072599236595152479	9893152950435319721	0.0263157894737
5076851486464853611	9890877558285343479	0.0103032573746
4333029764373846766	9892186780249658479	0.0890870806375
7022482582014574558	9885830542191278479	0.218217890236
