6486879407095472773	9906329072621941815	0.0224337081913
5711179120818652815	9901133944483005579	0.018411492358
6350492381793306728	9884238874564171815	0.0230204627758
7772522556963373107	9898279599476341815	0.0471404520791
6370707006104755815	9889762047915288391	0.0460775677584
6370707006104755815	9900107232583033415	0.218217890236
6370707006104755815	9911296588906078848	0.0282391247362
6370707006104755815	9888029475213686490	0.136082763488
6370707006104755815	9896530121858402967	0.050251890763
6370707006104755815	9901309531300375831	0.1490711985
6370707006104755815	9904580836166921877	0.0114542201972
6370707006104755815	9899810175469806335	0.0186663348237
6370707006104755815	9909069197258370619	0.0662266178533
6370707006104755815	9904537272399574166	0.0316385998584
6370707006104755815	9890209325887179230	0.0153718865475
6370707006104755815	9898351780638641460	0.0857492925713
6370707006104755815	9895579937619661711	0.0311891430776
6370707006104755815	9889642819643679042	0.0686802819743
6370707006104755815	9881023554598388530	0.0190002850064
6370707006104755815	9904073471639659871	0.0415585817462
6370707006104755815	9908613780407161956	0.0169369930225
16011932784115364642	9887967228376448815	0.0177053557949
3134638622352151566	9906141287956293815	0.0404226041727
6967134004487847815	9881977750244543402	0.0134050184378
6967134004487847815	9891583625214914078	0.0105497206339
6967134004487847815	9904415677502317422	0.024961028815
6967134004487847815	9888274434475486725	0.0219001439939
3210379275515564333	9889072250367392815	0.0189015992375
1705999370522516222	9901036929846472815	0.0224393554433
12353788100855699649	9886522886557261815	0.0749531688996
6077011387234136418	9902011084212531815	0.0110216678544
14159253839962798764	9894832565996386815	0.0827605888602
14159253839962798764	9889804460614114815	0.0189865812289
11079990641886922103	9894013120711437815	0.0238095238095
7684158488169862629	9898354744245131815	0.0811107105654
4192349384130482422	9896444411498811815	0.0150704304576
17528228152625077583	9893386450415634815	0.0111455642515
5744892277450809566	9895522286291257815	0.0112794708699
8506260342994297039	9880697635269034815	0.0164666230485
18012407980638124815	9895623699042881622	0.06415002991
18012407980638124815	9893076001802612886	0.169030850946
4749699550026813815	9900017875742075916	0.0234661627232
4749699550026813815	9886910636328875177	0.111803398875
4749699550026813815	9882489126302420716	0.0610847221782
4749699550026813815	9902327138093488996	0.023236970617
4749699550026813815	9895461667128073772	0.0191882389113
4749699550026813815	9890267939270855953	0.144337567297
4749699550026813815	9895894668581253239	0.288675134595
4749699550026813815	9896719096034529658	0.013036579817
4749699550026813815	9902165715921914371	0.0514344499874
