6097806210104126503	9888642796585160380	0.0452678730213
7075672751121271157	9902173592909627380	0.019280747182
5647811463083635046	9891451683715367380	0.0894427191
4259944067878272989	9883319102990544380	0.0108166592347
703396384527523526	9904020149675012380	0.108465228909
5260875391389905095	9896580325724466380	0.0492067831305
10837910573531554128	9905074182021029380	0.0110384420824
14652900256648393516	9885711004611379380	0.204124145232
5804063045162351593	9898758458296834380	0.0445435403187
1981396408490908458	9891037374100344380	0.0292853706329
17884297357169981333	9884112147260778380	0.0109011656695
2909276577212553148	9891785960992656380	0.0883883476483
5681863288790489383	9906669135241600380	0.0393444737682
5026660832490246215	9898490435118527380	0.0168789894514
8966125501001421380	9883440139430763359	0.0735214622094
8966125501001421380	9891000909764228120	0.0135956935663
8966125501001421380	9892817693790192619	0.0139808872105
8601295486477479084	9889652186871474380	0.0170275985619
9953310137160769638	9903199463075833380	0.19245008973
6832943507024843512	9908053897221937380	0.288675134595
1379644818131441338	9898009909954331380	0.107832773203
15747192150793077943	9902799897985931380	0.0176831963922
3274415216086515380	9905567265636886602	0.0538381902058
5388020244597541028	10582139997662941380	0.0613139339485
5876546229552215063	9902103778248201380	0.0124805144075
3500841715752174467	9880209280338622380	0.0144112567056
13507323857661927621	9888920998783761380	0.0173500282372
5756662637488842135	9897729753528776380	0.010905702556
3284845495945129762	9909266684253388380	0.0114942528736
5350751735565284541	9891182123042938380	0.0182361554651
2853473476259292403	9892239062991276380	0.0120648417963
463268469844161331	9905303537492765380	0.0877058019307
11430339825846684455	9907283474459012380	0.0108541873763
2983195206030481638	9891093088304102380	0.0180129018583
11696925285673353991	9894689861491095380	0.0284440061994
8483723737987190827	9888351279971329380	0.0141167483048
6016143753101250571	9909156346471234380	0.077151674981
1566222251714726906	9896307294634345380	0.0250706105282
3970709764533165418	9908521640580863380	0.068041381744
5593952755305991380	9886113632152197426	0.0125019535829
9783423885556165380	9890857058445531952	0.0107186615714
9783423885556165380	9906139750443952012	0.0606339062591
15085008373691682719	9882625233852154380	0.0183493960854
2057539818305312146	9899527364758368380	0.0100917473663
15386433188134680177	9891317972850239380	0.0174634197038
1974446396011551975	9884955433955738380	0.0898026510134
15773234512374625519	9897671960397128380	0.0550481882563
11584856931477465413	9899079116300483380	0.0110478691682
5308013894977768334	10594505805621832380	0.0764719112902
8533617943314104380	9882492540866522812	0.0242393082782
