3980029747024677655	9893209016860095113	0.0101576512375
12997379627941270281	9887992998057695113	0.166666666667
4928406474018899042	9889722126261557113	0.046625240412
18377289048963168012	9908120928751613113	0.0163212292829
4964819018089968113	9890155166253969160	0.0710669054519
4964819018089968113	9905325789662921790	0.213200716356
4964819018089968113	9898752608564691079	0.0953462589246
4964819018089968113	9888384243944933175	0.0928476690885
4964819018089968113	9900937381104469450	0.408248290464
4964819018089968113	10592552476062714531	0.0480015360737
4964819018089968113	9887857461728923360	0.0785674201318
4964819018089968113	9896431681262862960	0.196116135138
8790078662012311535	9885158714834977113	0.147441956155
1332972971609041207	9893560212124280113	0.0390732332582
13435041400521121793	9892142606488180113	0.0426014322842
15667493358217220103	9904129971993270113	0.0898026510134
14460326476477226113	9881407026425341522	0.0122572584461
14793395976377749200	9893209016860095113	0.0143650881419
12237612396895404036	9895384173004201113	0.0200643088476
17328737303207453012	9907415415897281113	0.0357599269926
11278322293318795604	9902763188827564113	0.0386911616267
4805708300211667778	9901058026653256113	0.0842151921067
9171300221136713113	9882854267297110287	0.0105397545151
6283725344428739372	9894539219748865113	0.0142857142857
6283725344428739372	9883171613773152113	0.0138013111868
4931467699146408820	9884479474335597113	0.0115794734285
3104499419744150972	9910213608575374113	0.017077183986
9591420272228812694	9880356473103607113	0.0112119178757
5638487947639999736	9907534137403895113	0.0776150525706
6411710903508383113	9889701909754165472	0.0458831467741
6411710903508383113	9891095974538879595	0.0184459151663
6411710903508383113	9903587186961490467	0.0323085334876
6411710903508383113	9900953096249975063	0.164398987305
6411710903508383113	9901404192487159051	0.0112687233964
6411710903508383113	9890808585426845175	0.0262884956484
13839372933415663690	9900824466363968113	0.0441941738242
7053885519059732945	9893007608634995113	0.0230940107676
5035298124208762312	9885490002792023113	0.0121348143025
5079715947412865704	9886949613143649113	0.0279181522815
10634720683998022450	9887319877969207113	0.047404546314
5225910393809917099	9884426968331680113	0.014275521124
7296335865017056113	9891238571759371377	0.0324101861776
5731515953834770113	9901895493762060620	0.0259937622455
5731515953834770113	9887246129033029166	0.0100799486488
5731515953834770113	9897233135034172241	0.0259937622455
5731515953834770113	9898388167625084257	0.0367607311047
5731515953834770113	9891563151046021949	0.0119900284428
5731515953834770113	9885470525161252503	0.0377157143202
5731515953834770113	9885957295348787314	0.0144745237372
5731515953834770113	9883224570751973925	0.0239800568856
