11396587194861828730	9906236017837892366	0.0371134809513
5995912286021091560	9895848218475476366	0.0345032779671
11276994721416638559	9889939417076226366	0.0836242010007
11031426913226537246	10594758886593666366	0.0448110714948
5861904142827374913	9891020855544762366	0.0288675134595
4230631360161787898	9887370610147490366	0.0277992360875
14707432928557392408	9895381587434656366	0.0109011656695
6771421676105478300	9891222714813639366	0.0183803655523
12336543092209987946	9895748021094548366	0.099503719021
10407188197299998366	9887930867150817451	0.060858061945
10407188197299998366	9890225032482109098	0.0111386479839
10407188197299998366	9896895352927682835	0.0174342010939
11711071289001536514	9889218188970336366	0.0161753862021
4540638130549796109	9895431142811048366	0.0180775381516
8110611279866127655	9889145750185158366	0.0240981346356
2124718023795404810	9901958668415093366	0.101015254455
4626945954429874322	9898116665497232366	0.025666350117
10551851693096304244	9889014118112030366	0.0116263351069
13642046690554729618	9894447208773631366	0.0125412186092
12363226483798548366	9900928426048340919	0.147441956155
12363226483798548366	9904862362808724721	0.051987524491
12363226483798548366	9887970634217175516	0.04472135955
12363226483798548366	9902997256057725857	0.0203027376027
12363226483798548366	9889278675018530022	0.0201129496677
12363226483798548366	9896434773521654420	0.104257207029
12363226483798548366	9885293967713877864	0.022977882943
12363226483798548366	9899782902432873878	0.0323423113677
12363226483798548366	9887277460903474829	0.0171246936313
12363226483798548366	9904169618857527421	0.0208242969706
437053076369043665	9902313114830277366	0.0492664639082
5588443680757127375	9903196667077346366	0.0971285862357
7057758987197922526	9890182267489098366	0.0607456739231
5659716062461647026	9898581020296398366	0.0408930410055
4620898041527198635	9897325274915688366	0.0183432209562
11169277368348746366	9905304589734063102	0.0117097303204
11169277368348746366	9902845897019660500	0.0130343647834
11169277368348746366	9887570085479866298	0.0445435403187
11169277368348746366	9894202481543364139	0.0104098915982
11169277368348746366	9899262640148203674	0.0102819949746
11169277368348746366	9887771669935669955	0.0824786098842
11169277368348746366	9898034562996171219	0.0219317231653
11169277368348746366	9885983503200676106	0.0251497727414
11169277368348746366	9908819646895435794	0.016415515398
11169277368348746366	9895957289211547394	0.0136424251512
11169277368348746366	9884758518345156203	0.0187022097031
11169277368348746366	9890655147814063723	0.0106606415533
10137750279131146740	9897639477485052366	0.0316069770621
1836418342961478987	9902513964730687366	0.0176556137887
13418315175245814888	9886072005272215366	0.0101383177445
4650746180285837273	9895829951973676366	0.0280717307022
