3074151851233960435	9888378703435296274	0.051031036308
7456013956440700634	9891052668364444274	0.013121597027
7387419700458966274	9903100378185396693	0.0482804549585
7387419700458966274	9894593984915703390	0.408248290464
7387419700458966274	9900586430637829767	0.0683585927025
7387419700458966274	9903165962320618537	0.333333333333
3266166223216480385	9885373613444904274	0.0136691637953
4835224185098957508	9902921724724359274	0.0376889180722
1850727136228378507	9899540636265560274	0.0143739893644
8251882173458745294	9893140701107533274	0.0649569802462
13646698283672553274	9896239034794143624	0.0244851053437
10215111271768138853	9892540097232344274	0.114707866935
4592488979662246274	9886960737044936926	0.0246033915653
4592488979662246274	9892584296609472116	0.0112409231065
8760580638153095871	9904786097067177274	0.0163430112615
4354558844447072761	9897033105364017274	0.0780868809443
14178866730323150274	9880908857436605048	0.147441956155
14178866730323150274	9904173952454529812	0.0100819976271
14178866730323150274	9908127963851485171	0.12598815767
14178866730323150274	9885672573367352960	0.0101723557346
14178866730323150274	9899000453952254516	0.0194074169913
14178866730323150274	9889226375294862821	0.0174660832316
14178866730323150274	9894246010907803903	0.0495073771488
14178866730323150274	9884404952349440271	0.0162952055152
14178866730323150274	9897023557653847521	0.0323592400845
14178866730323150274	9885790856761115032	0.0171751346643
14178866730323150274	9904717407565577373	0.0451753951453
14178866730323150274	9901411914859121974	0.0242678419058
14178866730323150274	9908478321445062533	0.185695338177
4723654001221942274	9897395708058737226	0.0123091490979
6370572090596276560	9901177083253056274	0.054554472559
5392939853918976111	9898161835729338274	0.0178828222322
706897251050721748	9900714150161705274	0.0137438381289
3136513294895717274	9884645294419826837	0.0231434362083
3136513294895717274	9905348411326681202	0.0104308239847
3136513294895717274	9895407868417576426	0.0717958158618
3136513294895717274	9904674694147922711	0.213200716356
3136513294895717274	10591983616140583143	0.0209610904075
3136513294895717274	9890529713270167738	0.0154746115148
3136513294895717274	9889789780528174219	0.132453235707
3136513294895717274	9901765970485978786	0.137360563949
3136513294895717274	9901483395926658507	0.208514414057
3136513294895717274	9895457827398651927	0.027597366233
3136513294895717274	9902335298500676566	0.0154340101981
3136513294895717274	9887181829121451015	0.0102109947877
3136513294895717274	9909137225430782360	0.134839972493
3136513294895717274	9893923763776149916	0.014836403344
3136513294895717274	9889500127992480637	0.0278207442037
3136513294895717274	9901321265310814111	0.0944911182523
3136513294895717274	9888287564102532501	0.258198889747
