11484184884939539184	9880226949866737465	0.0286181903516
2559435754305017550	9903607201480741465	0.147441956155
8196426023784277823	9886441209217651465	0.0446767051609
14171624020354192231	9892308877632745465	0.0412393049421
13375166405234080151	9886699298155019465	0.0113651040597
11731625335258481740	9896407663692350465	0.0587220219515
5245337276397311465	9892325344559726317	0.0105304003934
5245337276397311465	9896192043527294619	0.0181041815531
5245337276397311465	9910550965427094097	0.0181041815531
5245337276397311465	9898784653228013361	0.038490017946
5245337276397311465	9901050514772177894	0.0430331482912
5245337276397311465	9883371450110223892	0.0178685422473
5245337276397311465	9906255134771250493	0.0125540596192
5245337276397311465	9893493713175711766	0.0351364184463
3737549720310582837	9898652918008941465	0.0113249484256
18341882412824678524	9888351322895652465	0.204124145232
4979570667861134332	9882858042582701465	0.0345032779671
1159970452367587465	9896549552339297413	0.130188910981
6309582366539487116	9905194183273624465	0.0151133980719
8467420467403572465	9905057444432822249	0.0134194947038
3934693630555312358	9896124715579080465	0.100503781526
8506485599446145816	9892517020464302465	0.0140859042455
2165320870796382791	9905030978868322465	0.0224563228222
3055890504600496829	9897113498642681465	0.0270369035218
14720010171737280088	9881910667204916465	0.0116200539962
14486302228239375234	9907827539383277465	0.0246332319541
11050652900731388495	9897139380053675465	0.0633724250524
8731585588581956706	9886283141511655465	0.0230632802007
11978188983047432465	9895314646153095250	0.0101190942278
11978188983047432465	9901398501746388102	0.0156632872419
11978188983047432465	9906442077458116874	0.0472455591262
11978188983047432465	9883334560568092086	0.0200481734941
11978188983047432465	9893924214879842163	0.22360679775
11978188983047432465	9894109272025849678	0.0990147542977
11978188983047432465	9886134707470571954	0.0315912011803
5997780518736237174	9897711813429773465	0.032686022523
5997780518736237174	9905143335163471465	0.0129013464548
6411062647255395803	9894146677000664465	0.0309492230295
1760352496296352350	9897254803051482465	0.0349215147885
3799022072941417152	9895361379601780465	0.0632455532034
9150446840721994035	9906477738574717465	0.0250313087161
9150446840721994035	10601248968766784465	0.0252538136138
6264731713634393364	9891913779260149465	0.0461265604014
14461090131506081552	9886551443811665465	0.0129684343415
11277154296800508192	9900018004570324465	0.101015254455
10861281424240450655	9895268621156291465	0.0527046276695
4467933337145120232	9891231940379436465	0.0404226041727
12501696039227365701	9888050868462793465	0.013036579817
13238724909380650060	9893603466686345465	0.0246932399162
6474167595784993160	9893454955249330465	0.0241402274793
