13585682889257710701	9883758349280323434	0.0712470499879
5865204657615638434	9898857272641703657	0.0261622379926
5865204657615638434	9898158653187401270	0.0924500327042
5865204657615638434	9903592130392260079	0.0962250448649
5865204657615638434	9908673660909994788	0.0101618460142
5865204657615638434	9903473499101623700	0.037267799625
5865204657615638434	9907325620985677504	0.0391030943503
5865204657615638434	9901436933092847283	0.0142176901343
5865204657615638434	9904560426533964115	0.0156040613294
5865204657615638434	9910740132917913801	0.0394668518982
5030316464322668982	9888022981292338434	0.0154968931843
9604757006162985195	9885364555420238434	0.0662266178533
8967422302127389266	9889655459737992434	0.0162908803113
13451070890551788754	9901910513368389434	0.0158590369924
4042360229932994909	9899064521910793434	0.0258371194664
1007136618179896396	9901295521159067434	0.0208969189764
6587928996365519876	9886416272692093434	0.0107334697685
3298637840165375602	9880459865918466434	0.011083777463
290857345208902876	9884496340654249434	0.176776695297
11041475804035995879	9888229144024217434	0.0164265852728
18322194351307686797	9896735163646396434	0.0554700196225
6054426777413561485	9890126424393021434	0.0113082818258
5724126500678607990	9898024345239422434	0.0218844054766
2365809806394219753	9888195681837577434	0.058321184352
6616593101731217434	9894026984715631223	0.0145880511527
6616593101731217434	9891312380848154024	0.0171397792548
602847592633820107	9891650918765552434	0.0120003840184
17732207721123958841	9893841051511913434	0.0353553390593
2376903332902362434	9905855183118557440	0.06415002991
2376903332902362434	9896277221301637759	0.0188210808768
4580414802393482160	9894593830401911434	0.137360563949
14487028671248639698	9901282056559205434	0.05
8450213364572611367	9895313546475734434	0.138675049056
4615850042975280956	10603217949302171434	0.0283296349835
6557283670543868016	9903229484783596434	0.0101681479348
2400920949240664986	9888026666413010434	0.0237289498938
15943496423222002959	9896999677736981434	0.0185952000826
11843759913720383226	9901474226240451434	0.196116135138
2875038929680891881	9900924728126241434	0.0188444590361
22183840552799434	9883924143583800225	0.0103561627667
22183840552799434	9890280965813032497	0.0187120297141
6839091047525343655	9889512600562368434	0.235702260396
11582412823090012108	9897448317032456434	0.0675737378399
12794068243746267680	9886042361429878434	0.0152145154863
5099869635476281967	9891209262954455434	0.0102259325102
11288611661108056712	9890244991309805434	0.039405520312
5499731476855393533	9903097711012975434	0.333333333333
5855044266937133621	9897401390295856434	0.0297745667088
4580713511307281242	9902030368656926434	0.169030850946
6085290860027525802	9894026830311743434	0.144337567297
