2721146178668397085	9905269405366571833	0.158113883008
3157283107689334507	9895112774005888833	0.0205368685347
4613886263816072219	9886818483501539833	0.017811762497
7174255624582171806	9897544000377151833	0.141421356237
5226921901015572434	9898590761330264833	0.0137934314767
2026243335866065734	9900606608471226833	0.0362738125055
6993627188434989833	9889258896787936958	0.0117266257455
6993627188434989833	9909683102795569793	0.0176942656868
11186532575594429046	9889662211420869833	0.0109718003113
955501971564108990	9892546140227793833	0.0469840985735
3478947234845128089	9890507138922964833	0.0134815462818
15055323853433356003	9906841861618107833	0.0203278907045
5529009719136141284	9897530239329886833	0.377964473009
12897934304320001262	9901726323634982833	0.4472135955
2078315873319490781	9892273603066427833	0.0230510222779
12758047911902768833	9896758691376547118	0.022086305215
12758047911902768833	9904580346646440327	0.012880994781
1681598696849717940	9896070822298917833	0.038096965888
10786689927085329853	9900513446403984833	0.301511344578
6730618268766150089	9906127346570388833	0.0387783367165
12362773079858768833	9892817423160770250	0.0629940788349
12362773079858768833	9883473124828795216	0.0308166775681
12362773079858768833	9899848834500011873	0.0666666666667
12362773079858768833	9901700089959832789	0.0101665713555
12362773079858768833	9904206989381033899	0.0112687233964
12362773079858768833	9904379432300866920	0.0325300024316
12362773079858768833	9896715746008996984	0.0104990131391
13864488288930449860	9885162812225134833	0.0343199111527
11473097227299858508	9886980244808786833	0.0281383303942
11678816973243107209	9897748874661148833	0.0135024222142
4235732254726046571	9895252051248511833	0.0175411603861
4291290920912601024	9890467144068592833	0.0454545454545
5722009088611858833	9893693111199211253	0.0226688026723
2742254238901174302	9888302940118581833	0.0271362677065
2164913325701790251	9882897680726303833	0.0620173672946
3633721123583876432	9897642866264454833	0.267261241912
13609870499936486653	9900206811418168833	0.0707106781187
13864283800735993141	9907259259353150833	0.0727392967453
6296965911600768595	9908272468022554833	0.277350098113
61175215471817408	9897748874661148833	0.030192333932
9601582083161979750	9907551201290604833	0.016638958141
2443227291833150788	9897705319342881833	0.0194037631427
1217916600170419127	9893524237387864833	0.0519174131651
5245587751701729484	9898159739875570833	0.0576390417704
14190226145836091877	9907094435795562833	0.0140028008403
2197916438077315833	9893183260056347847	0.0343401409872
2197916438077315833	9886655420806314942	0.0110377696422
6768586586504056771	9897940730817217833	0.140028008403
2052080619815973786	9901331985487787833	0.0126836572358
3091961276565394963	9895474178295438833	0.144337567297
