5456480086394388391	9891302124422853073	0.0390434404722
5456480086394388391	9899961968278504740	0.0686802819743
2091855064534149818	9887010343939893391	0.0408248290464
13586025669645050247	9890101681097310391	0.0677285461479
6936314710699327302	9884477301106015391	0.213200716356
6741109242040489391	9908851403838671525	0.0953462589246
6741109242040489391	9909793169869545917	0.0827605888602
6741109242040489391	9908672703126155958	0.0288434872269
6741109242040489391	9904941244029080320	0.0181548310533
8770956672703411391	9887275171643614499	0.0369106735263
8770956672703411391	9905215890172616649	0.0331133089266
1276938793120734191	9884032269450452391	0.0110236767249
5256547493919226391	9886982392378004183	0.0506369683542
12207122162091533623	9882881613279507391	0.0219369996536
12530580830574456362	9888042746782293391	0.0285714285714
1750599949431535995	9891279382579277391	0.408248290464
14954397164289580935	9889430021184581391	0.0140386313114
8766530572009493954	9898588240020993391	0.0536828127095
2808372231104476391	9898362152992651100	0.0109896745566
2808372231104476391	9883207601334168706	0.0304290309725
2808372231104476391	9894506801379560190	0.0481125224325
2808372231104476391	9884120608274910414	0.0106358907453
2808372231104476391	9894565943076441226	0.0350070021007
2808372231104476391	9886917027161556909	0.0275240941282
2808372231104476391	9892258364479698639	0.0125868340089
2808372231104476391	9886003668101903611	0.0114707866935
2808372231104476391	9894824495853496882	0.0124766282126
2808372231104476391	9897904421274539207	0.0298807152334
12303949329800671930	9902348093163399391	0.0137646542531
5618273652101416641	9880857979335703391	0.188982236505
5292270913401985684	9897377278299077391	0.0312347523777
5109416277343237372	9899991552029119391	0.0106376959374
275259179738108123	9887409049929076391	0.0138052561094
10452235119376622610	9887946857215032391	0.0159923255252
342541585892222270	9901570167111118391	0.0218426014165
11242355078139121993	9886890445561244391	0.0135581536137
5131266284408529391	9903288536385708554	0.0124688667013
5131266284408529391	9894385438456946572	0.0304855380425
5131266284408529391	9890843499179639283	0.0208695967782
5131266284408529391	9903248773495948199	0.0107933222944
8569565077636487391	9890172036797553057	0.03175003175
8569565077636487391	9893911669259709853	0.0112253313767
8569565077636487391	9906219666903104834	0.0990147542977
8569565077636487391	10589167844233526703	0.0193818833051
8569565077636487391	9881987061854859272	0.0279290386739
8569565077636487391	9887840475218709815	0.0980580675691
8569565077636487391	9890261561102247994	0.125
8569565077636487391	9893748774005966620	0.0597614304667
8569565077636487391	9893670356448806155	0.0185695338177
8569565077636487391	9885294654779409267	0.0451753951453
