17252954237446286183	9885853838185731062	0.0672672793996
17252954237446286183	9897881808258973690	0.0693375245282
17252954237446286183	9899070461789685188	0.0148249863332
17252954237446286183	9906361581246864934	0.0716114874039
513438773046766183	9896057525056439866	0.0509647191438
513438773046766183	9891858013407036755	0.0135024222142
5873830655846584317	9893858476052702183	0.0376889180722
5324047484612506971	9890712554232928183	0.0237557169073
13948729905529805183	9887747588005093866	0.0344622758398
13948729905529805183	9895957495312318825	0.0308020551817
13948729905529805183	9891149266595689327	0.0611990061362
13948729905529805183	9908219536847213450	0.047351372381
13948729905529805183	9896807976166541499	0.0573539334676
13948729905529805183	9888397734388308807	0.0172980352278
13948729905529805183	9895897773787313944	0.0178828222322
13948729905529805183	9888904802447511346	0.25
13948729905529805183	9891662313243769861	0.0860662965824
13948729905529805183	9906296319271246832	0.0131727269663
13948729905529805183	9885348230191956103	0.0263614687121
11906556796825123183	9907283435827481920	0.057735026919
11906556796825123183	9900843441502787093	0.0233762291106
3483778271482289861	9893597114399459183	0.019896804233
10108257602856146260	9888643754427988183	0.0355784033482
11734576768638537610	9886331039023718183	0.0883883476483
6244663627175454487	9908693387676923183	0.037267799625
2832249844072877278	9906540840278079183	0.0207256668072
3493481014727333646	9883517053723786183	0.0418853908292
2172832841897576678	9904684490835968183	0.115470053838
1244269205549471183	9899725796645705658	0.068041381744
1244269205549471183	9903723577991523072	0.0366617787553
1244269205549471183	9903905272312120073	0.0468292905791
1244269205549471183	9906369999328011799	0.054554472559
1244269205549471183	9904519628628186865	0.0104713477073
460296816220148266	9902036695164819183	0.070359754473
13951709636677382183	9904927521686267357	0.0132779762932
13951709636677382183	9910064504475525343	0.0625
13951709636677382183	9906944038891674901	0.0111331242305
13951709636677382183	9890088289313736920	0.0334824765091
13951709636677382183	9888296527842418062	0.0137777124614
13951709636677382183	9906914352077609614	0.0126390034791
13951709636677382183	9892993319320917876	0.02326210526
13951709636677382183	9890749314998660229	0.068041381744
13951709636677382183	9904897834872202070	0.0110297099335
13951709636677382183	9888248187892199955	0.0406894229386
13951709636677382183	9902524633525774800	0.125
12082954291662542035	9901792139646750183	0.0117557602643
13086667005178388183	9887979997187616996	0.019462473604
13086667005178388183	10605222290236827989	0.0208062594644
13086667005178388183	9905541281127828511	0.0121285649955
13086667005178388183	9910087954909624021	0.0912870929175
