13669356886035620799	9892116011960689393	0.0230449006413
4342877026875032750	9898345853627276799	0.0201537550448
3779728262466871294	9896102205647624799	0.0329332460969
4057986873308464463	9895893818163402799	0.258198889747
11106806584676021898	9904892114007991799	0.028171808491
6190824480938249712	9893397252389825799	0.0346064270103
5839550384422347898	9895782209084833799	0.0325128044381
1368917531759543168	9898236254647747799	0.0731272424127
6651543179383480606	9891367669935555799	0.0230204627758
4119972914821955566	9904690168861597799	0.0280386077046
1671886569291765353	9884599411306723799	0.0785674201318
12968767992095225384	9893814912270379799	0.0150755672289
10631805930018352936	9882782317954964799	0.0257172249937
11771752390696001006	9901902309916282799	0.0104234549806
3615205743173602886	10593130664453172799	0.0124980473326
4880293013976246066	9906521628930808799	0.0753778361444
6481760729521740783	9892123794600750799	0.114707866935
6830575987602870203	9879831254556710799	0.0158910431541
13217952412813604558	9898447399512850799	0.0613139339485
11164344993468890091	9898820030895450799	0.204124145232
5666237789112045192	9892873884895694799	0.0485071250073
4669782277730482343	9887834591080243799	0.0370624658331
6791314373380633651	9911269479029566799	0.0717958158618
1632157785768198863	9897079864783017799	0.160128153805
10997412457766511119	9884089641584870799	0.0318788356532
5399211055429372799	9903081205491258571	0.0166458723146
5399211055429372799	9899056748009826069	0.0279946255478
5399211055429372799	9899504313599984296	0.0336146322726
5399211055429372799	9906544499648364688	0.0962250448649
4221283224889803499	9895621847997964799	0.0214422506968
13382790045270452280	9882686883769822799	0.0368855556782
2537748111626866256	9903163707500065799	0.0174077655956
5083589548187950525	9884434072210679799	0.0205325390588
428021774923115346	9883692713670659799	0.0200360974925
4048461047837665248	9893570468519682799	0.0115316401004
3798152822278528500	9883766565496504799	0.0386333704643
15246005672698608270	9905388577852893799	0.0213980246255
9226326088530914799	9881764767169157109	0.021281413269
9226326088530914799	9898798259701921024	0.0261981258531
9226326088530914799	9906402958980867232	0.0289520805351
9226326088530914799	9888365251589918541	0.0121348143025
4366385909066410126	9909249066355093799	0.136082763488
12022779880295819505	9891092779112694799	0.03125
2525922053187050607	9892126564809718799	0.0123796892118
3964825896262529097	9895176416913572799	0.0261086816663
8791849258379394911	9897904743388344799	0.0350715311916
8017085523341088799	9903941452933473274	0.0611990061362
6121092332669289319	9893418284890081799	0.0108875889077
2088973845635429319	9880983272136471799	0.0111296760549
5066869046825095799	9888662377511297912	0.0529998940003
