18157176382532079488	9898190113776983919	0.0193166852322
6535832588539396919	9903123081318918498	0.010913493272
6535832588539396919	9902653692958461199	0.0163255787112
6535832588539396919	9901398695014354351	0.03194382825
6535832588539396919	9887923677357602286	0.0137829461605
6535832588539396919	9897563727191873131	0.025515518154
6535832588539396919	9891380709399422423	0.0222828258911
12325188222711362671	9896272050117854919	0.0121125395778
5362729221090543293	9898967417074525919	0.0454545454545
11408942699290867720	9891076595743781919	0.0557278212575
18318110674548959919	9907611180459554875	0.0413096192386
18318110674548959919	9904832057469981153	0.0152392287195
18318110674548959919	9906249315060984314	0.0132383578465
2811077115389493919	9881190242251313744	0.0215816168388
2811077115389493919	9897232928874158418	0.258198889747
2811077115389493919	9905438609941737345	0.0365392047621
2811077115389493919	9897099668834050457	0.0594438298278
2811077115389493919	9889301429828361226	0.0214078289901
14364857875943753760	9883003062134714919	0.0136019805926
4226272473037243947	10592526272484259919	0.0193202901002
2318257935238623945	9898080265762599919	0.0301511344578
13871393857116965929	9888217594882818919	0.0203278907045
11924981606481528008	9900195468380461919	0.0111276086868
7092198069012458654	9891004208348975919	0.0419590679148
5114056065951397017	9892801626436327919	0.0334637240705
6179007105608233671	9894080847980476919	0.028171808491
4500231185616909307	9890574702878774919	0.0137568371275
3239123766093617389	9891976593243088919	0.0278207442037
14662613845759712583	9901723256903284919	0.141421356237
7757835289890120919	9888258418543002647	0.0785674201318
7757835289890120919	9896306104932507070	0.0226921364949
7385027136564361922	9903117205834162919	0.0512315519579
11717438138931684919	9902796612398430293	0.0627455805138
11717438138931684919	9899758738925438321	0.0504433272305
11717438138931684919	9898533213030477148	0.0575435337648
11717438138931684919	9907103687062131513	0.133630620956
5482360019421623093	9897854698366658919	0.0309344112445
10761150604529793919	9903756034976087556	0.0153501389961
10761150604529793919	9900286105107956934	0.0398726111414
10761150604529793919	9888473897106253612	0.0330589802454
10761150604529793919	9879939281513358592	0.0162843989582
10761150604529793919	9902696067093538222	0.051031036308
10761150604529793919	9897399083982743323	0.0509647191438
10761150604529793919	9890092507042887234	0.0112615754582
10761150604529793919	9887547433935088544	0.0821994936527
10761150604529793919	9902679458439637580	0.0733235575107
10761150604529793919	9903094038824501581	0.0379049021789
10761150604529793919	9901507340404025524	0.57735026919
10761150604529793919	9906458802092132632	0.0131556172994
10761150604529793919	9902106767567088897	0.0228694676873
