13681560515686383290	9905392585077185575	0.0116690007002
6683098634194133228	9884486539466142575	0.0627455805138
1184672801923136925	9883545692533884575	0.0495073771488
15546258707490709456	9892021295211651575	0.0124082467797
4593001594978619938	9902960843209220575	0.0239525252383
3088373988650524013	9883711718895947575	0.0482804549585
5622238830093688575	9891128311405881208	0.103695169473
5622238830093688575	9887704861659210779	0.0309048513608
4258081121148071279	9904982883754356575	0.19245008973
1467002285258922938	9896116409135779575	0.0108280672104
923956905579018089	9892464321049453575	0.102597835209
1897479833391818242	9886301365068298575	0.0387492129146
4456634063758979079	9900443193591156575	0.017828739558
5811638405356410967	9904514234083284575	0.0159111456835
7823434154226445333	9887689399833406575	0.011671384805
13271646909309214894	9885261600750522575	0.0531494003453
7773546824550522474	9894388298857102575	0.0118912873539
7277465007279210856	9887629124173832575	0.0235702260396
6529080187738674910	9889963387386653575	0.0161416347074
3965907197792579146	9894770426486671575	0.0350931203172
4557576644651862183	9905249601258983575	0.016064386578
12254665155936934072	9895723222040842575	0.0409960030845
8189847421105587906	9895984983115605575	0.101015254455
3032056983598396660	9894084030547671575	0.0700140042014
3540672078398211188	10601540442347615575	0.0126592420885
2908926731117670331	9885792694832919575	0.0109213007083
12320129833201039908	9896279471748389575	0.353553390593
12959614986254361166	9898911599647823575	0.0112112132333
4281156735135944133	9889702257662587575	0.0331133089266
15121407696590646171	9893601400850067575	0.0975900072949
4366891914412279662	9907664979081179575	0.0330049180992
13681865556920652675	9889177584506685575	0.0453609211627
11068061065513333644	9908037082324072575	0.0402911482013
7616124892403945091	9900223548972942575	0.0415227399269
9773747502441587669	9898189529682987575	0.0492664639082
1731132572254403198	9894029664759026575	0.0572598334314
7157214967335463976	9905523908028727575	0.0124688667013
7405290895829668632	9897020723070089575	0.0729324957489
14110048675485723819	9893488730936576575	0.0753778361444
4454506455782052496	9896549629624712575	0.0399043442234
5440363535571214575	9888627854378443433	0.0196078431373
5440363535571214575	9890903959374984302	0.0505721737424
5440363535571214575	9901501091302547703	0.0990147542977
5440363535571214575	9909143332751261988	0.121267812518
5440363535571214575	9894306041720233821	0.140028008403
5440363535571214575	9899670816607845096	0.0990147542977
15077929971362418831	9903337859720973575	0.0177331725533
5816333289408802006	9902594186179798575	0.0415227399269
10339790291147523575	9897661961605369124	0.0100361955738
10339790291147523575	9884563724226588277	0.0753778361444
