162115289152366940	9904859489461016505	0.0595491334175
162115289152366940	9905508849819859588	0.0179489539654
162115289152366940	9890601971690200801	0.0686802819743
162115289152366940	9907533518905293416	0.0539163866017
162115289152366940	9893859910516453276	0.029514066805
162115289152366940	9879125617081738539	0.0172260240637
162115289152366940	9883626047213856946	0.0665190105238
162115289152366940	9881123288017263521	0.0870388279778
162115289152366940	9902184742738001096	0.070359754473
162115289152366940	9904948549903212366	0.0404888165089
162115289152366940	9891865439490360614	0.150755672289
162115289152366940	9895967043151179588	0.0237289498938
162115289152366940	9895183194343880907	0.0489115988045
1190437241644677465	9888476576987776940	0.0253673144716
1569450449612592545	9911236674143367940	0.0123297157774
4742342485118799517	9890894686655270940	0.0131876094679
14711614650490635259	9887310523445443940	0.0821994936527
4188519280891169018	9902659950807862940	0.0883883476483
7636784474482933940	9881264141531061564	0.0228336688639
7636784474482933940	9904194649852806180	0.0648203723552
7636784474482933940	9906902330491242429	0.0148593167219
7636784474482933940	9903644026502178740	0.010478818827
5149361615062411278	9901092992114183940	0.156173761889
5810744090641368352	9889976620077346940	0.0142915487619
6874098927497829245	9897684647737348940	0.0400320384513
652144647269699940	9889707677934311620	0.011993477322
652144647269699940	9900359085122309336	0.0668153104781
652144647269699940	9889454051524255103	0.0108875889077
652144647269699940	9887132106275193153	0.0270765180537
652144647269699940	9893643581687620058	0.121267812518
652144647269699940	9898103072054070473	0.0104302565833
652144647269699940	9886837033460693311	0.0344214195411
652144647269699940	9891464413919830991	0.158113883008
652144647269699940	9905087698155445576	0.068041381744
652144647269699940	9903110183555609794	0.015096166966
652144647269699940	9889648420271805815	0.0202444082545
652144647269699940	9885377710899543125	0.0181848241863
6485905862394608940	9897153042469128092	0.0113344013361
6485905862394608940	9901044342911629460	0.0144307506365
6485905862394608940	9905080392350642775	0.0109658615827
6485905862394608940	9906670827468462800	0.020203050891
6485905862394608940	9888546078333606022	0.0668153104781
6485905862394608940	9895736055432027715	0.0398409536445
6485905862394608940	9906955407742935017	0.0166712982262
6485905862394608940	9903843373098919083	0.0243975018237
6485905862394608940	9878616697793970832	0.028171808491
6485905862394608940	9891013549908871901	0.0534522483825
6485905862394608940	9900580477840242221	0.0141847539091
6485905862394608940	9904852935220621492	0.028171808491
6485905862394608940	9905448415395284192	0.0223495078134
