1809012926492810597	9896308823640629445	0.0524863881081
2721280889664072597	9892283717650826261	0.0195142848063
2721280889664072597	9899236342122190239	0.0326685760192
1476701729266967881	9893331320459127597	0.0883883476483
3894573523280182156	9901756113469442597	0.182574185835
10245045577037484925	9886265261577604597	0.0127082141944
3939373219756217499	9905991380881579597	0.0295656197995
11310083358462487597	9903329334223088069	0.0175519649208
11310083358462487597	9885594881577269693	0.0172980352278
11310083358462487597	9888347921323527835	0.0101839541746
11310083358462487597	9905504529115540657	0.204124145232
11310083358462487597	9907544513970683318	0.0325817606226
11310083358462487597	10596787923736647239	0.0217597069945
11310083358462487597	9885901336084182455	0.0890870806375
11310083358462487597	9888370349685508146	0.0104438998286
2899125190198936349	9882844139722891597	0.0401609664451
4732606460286600521	9892487591149156597	0.0193964616323
5188754223358998349	9898722303219690597	0.0337099931232
4918226920579811329	9890650023849909597	0.0286887655275
10666757459471472969	9895932013226956597	0.0213103872964
11275125333592204321	9881833843256317597	0.019245008973
13960380430774501217	9903579997174280597	0.013215217892
1357064050719279521	9910441778713573597	0.144337567297
7348102040181104929	9895411093869683597	0.0672672793996
6589094448752482597	9891805584755325532	0.0110756166244
12688116801043675868	9897864632610679597	0.0123598158302
3803133768639568136	9904862001965417597	0.032897584748
699697064356804739	9893122000860180597	0.258198889747
2539512740874450744	9902315185078906597	0.0119557024965
3929726116159479263	9903955613474565597	0.0851256530759
1853502267580608287	9885307913406516597	0.0107682623063
4932989159467969893	9882818305529920597	0.0114602360695
4314893912885789611	9905474236680946597	0.0324784901231
11876457508362330684	9894077485029042597	0.0198379900215
18158663351550414309	9908868996070753597	0.0898026510134
9852661615286321793	9905296708465053597	0.0155794238212
7184277637692926063	9904557952695146597	0.0586210381761
6663385293530045580	9888761943300966597	0.0160292640909
3004693827924462184	9898504651347284597	0.117851130198
2947832584592939845	9904557952695146597	0.0414513336145
14215363387194224293	9895755485777263597	0.288675134595
7077667852225067693	9899633566319415597	0.0138675049056
6185862058823871200	9894407767985704597	0.0153302846132
4712543418334914610	9885070105378030597	0.0187382922249
926566789694783328	9900619514806876597	0.0851256530759
10528357378255977052	9896159921493899597	0.0381801774161
12330030350806863462	9908635963991470597	0.0387492129146
5168387488624882523	9893515093330424597	0.070359754473
1157381308084111641	9883028819008175597	0.0235375576579
1638255125008997045	9899402561646943597	0.0161164592805
