2627740538883000720	9885248458192338666	0.0104200591653
11163551946111846999	9902908208372272666	0.0428746462856
12424468968071108355	9885171844600513666	0.0144412801896
13121048334181677666	9901842949176132914	0.0118678165819
13121048334181677666	9907266646745438682	0.22360679775
13121048334181677666	9888059484273731975	0.0134839972493
13121048334181677666	9905752039432025533	0.0830454798537
13121048334181677666	9893775806556950555	0.0652328073053
13121048334181677666	9895461551160190600	0.0803219328902
13121048334181677666	9889295764776248638	0.0306425706518
13121048334181677666	9909582218273628430	0.0269679944985
13121048334181677666	9898920838149019954	0.033903175181
13121048334181677666	9900596326286627384	0.0975900072949
13121048334181677666	9898001852432781227	0.0217442691018
5263031172921457666	9901683520015543256	0.0345444267927
5263031172921457666	9885483757984246223	0.0104291220582
12251382989551295339	9891953555023092666	0.0456435464588
7850873556684270987	9887083427110011666	0.0150978874249
1275021304823499250	9899520587326760666	0.0147027030464
1646306242453927627	9907487610056142666	0.0194074169913
2058573384366327666	9907144081346784034	0.102062072616
2058573384366327666	9908995452676067129	0.129099444874
5207553561927998120	9905599941683069666	0.0348155311911
14867669723197178927	9883559595382463666	0.0446767051609
6187307815983235772	9881791026574766666	0.0101242789872
3778440298374970640	9902106883532713666	0.02387729942
13422680085584686293	9890654267161724666	0.0102967010536
12008539697156243022	9903709391691098666	0.010989010989
2535126170836382827	9910623571826993666	0.0269974623578
966949212210831486	9892070695937153666	0.018062786996
7352736420318044987	9889616237977167666	0.0877058019307
4423355939697115797	9904686947661481666	0.0175763483059
6370241813862433471	9906394656751310666	0.011903918403
6386936999621145693	9909415479102035666	0.0155530211956
5149109480480332666	9894322830799071890	0.0130188910981
5149109480480332666	9893338548718817274	0.012770236106
5149109480480332666	9905234023385189094	0.04472135955
5149109480480332666	9899586377612551746	0.0100060054054
5149109480480332666	9880392267387753833	0.0213200716356
5149109480480332666	9892640281580247673	0.017823075145
5149109480480332666	9908700603269629383	0.0134938145038
5149109480480332666	9903336317967327253	0.0392837100659
9916706068138587094	9885036200843565666	0.0171852764631
4286761709523644535	9896453907567254666	0.0104684784518
3892833814259371872	9903020436010877666	0.125
7102728118246036193	9880694826435861666	0.0443678254708
3859029446967216762	9893433678073394666	0.0101383177445
3665800890999380242	9884949743106836666	0.0142638984711
4183845348677854001	9903121951685339666	0.0469840985735
4537412481815839349	9895821959016297666	0.0286416575063
