18151338151422737603	9899186670764337819	0.0599760143904
6679655926602353155	9894732149707813819	0.0230204627758
9887237682115645292	9897305509494945819	0.0124437414697
2150085017103288723	9902530663540662819	0.0625
13076520006580946819	9887374514208918049	0.0468292905791
13076520006580946819	9894804292205366318	0.0175763483059
13076520006580946819	9909734002397186271	0.0298142397
13076520006580946819	9900229772413287214	0.100503781526
13076520006580946819	9895192226616351852	0.0298540717013
13076520006580946819	9909167354467999375	0.105409255339
13076520006580946819	9889579606296805144	0.0118196373838
13076520006580946819	9888373313213026285	0.0376621788577
13076520006580946819	9881194275207111876	0.0629940788349
13076520006580946819	9894380473512880739	0.0453609211627
13076520006580946819	9898230056951343474	0.0266595583987
13076520006580946819	9903634105101829150	0.037037037037
13076520006580946819	9888355085357883130	0.0160623141551
13076520006580946819	9881943510802741596	0.019687480774
13076520006580946819	9887149462243578375	0.0261891400439
4666156479101910034	9894331708480102819	0.0103032573746
14716076906088505819	9892780258944662879	0.0198889321044
11155173906284385267	9905013605734044819	0.0204251842551
12533122508907482819	9890818365116863864	0.0353553390593
3777198531235523081	9890891126058128819	0.0425628265379
4932422335564578692	10602402755811654819	0.0169515875905
2348846223653611548	9882026180406678819	0.0301511344578
8996125848654823680	9893747309379559819	0.0389840587793
6081335323835657079	9900478828924718819	0.0564332647983
6214274953727208205	9901053010184267819	0.0143399575337
5788796987381179113	9882808010467167819	0.0412042821715
13200972960596341219	9900604074258743819	0.0219899748567
10677695463517282210	9903623655407733819	0.013367837176
15189077319700827819	9901484766100669124	0.0283069258536
15189077319700827819	9880903540365550485	0.0196116135138
15189077319700827819	9887371215677730276	0.0980580675691
15189077319700827819	9883768944932551226	0.054392829322
15189077319700827819	9909071563864007391	0.0245145168923
17984579900020268819	9890345356020680029	0.0172516389836
17984579900020268819	9885920040711495883	0.0195366166291
17984579900020268819	9906530648354859963	0.0197796943032
17984579900020268819	9900944570831697581	0.0235702260396
17984579900020268819	9899256575682699180	0.0198575367697
17984579900020268819	9885738247667145260	0.0377964473009
17984579900020268819	9901887977461189657	0.104257207029
12850782945472534353	9899538686197580819	0.0105809738923
4824843972551439128	9901418279940538819	0.0169882397146
4466796564381284504	9893281803647993819	0.0348155311911
6024867996856032806	10602638957565965819	0.25
5175275456158042629	9889268289871953819	0.012074512309
3788836929940520971	9900447282336948819	0.0314037146511
