5698506256938307871	9905202515469327300	0.0197565194923
1708545455290637183	9900019013977099300	0.0148184741491
7672835649234830300	9897040372608831181	0.0150142703385
5297352669507840724	9886238216228310300	0.0293863549692
1318862088846895633	9898587462702847300	0.0118089188656
11380267715056331657	9903034278639266300	0.0302613766334
993229625029690024	9882337084483248300	0.109108945118
1838648618972267087	9883736994625934300	0.188982236505
11830372093128837475	9910335138982848300	0.0119250598938
5461537900714794300	9902044198391299290	0.0138728416404
5461537900714794300	9890049290965865739	0.0372937070314
5461537900714794300	9897902664537388737	0.0985329278164
1228549203967106648	9898803353574721300	0.0106268785498
9391203869406247199	9900597537572380300	0.111111111111
3312946075843067455	9904723927312310300	0.0450834817334
4210693112418063432	9890440304947540300	0.0326164036527
14283671886896710986	9888420708190341300	0.19245008973
4641252919319667102	9901312945885294300	0.0176721478461
5129141670516679410	9901378280978002300	0.144337567297
4737646553973292179	9897948478986283300	0.0165114546671
11027829315992195170	9900758907931929300	0.0199920047968
12689730873758963456	9901176284368771300	0.0905357460425
4496812282670988300	9902368438418813841	0.0189015992375
4496812282670988300	9886864366564610943	0.0727392967453
4496812282670988300	9890220930806445484	0.0353332626669
4496812282670988300	9896133687869177105	0.0205803144655
4496812282670988300	9908286396640905700	0.0199323448464
4496812282670988300	9901073617411340350	0.0111172890994
4496812282670988300	9897405242887195559	0.288675134595
7366824662114241300	9893586432770105624	0.0178685422473
1649408320785474063	9883893748148627300	0.0611990061362
14343656899686197319	9907358735105370300	0.0226107815823
5013347907454205853	9899914740786229300	0.0275032662068
3178775496814434954	9889784308689161300	0.035114749361
11006307282874085654	9901103703711672300	0.0498754668054
11006307282874085654	9891407857938919300	0.0158431062631
11006307282874085654	9897186659112320300	0.174077655956
4759884599561874153	9893252580701629300	0.0115973700147
3898966175757855674	9895826872457721300	0.0324442842262
6332015110160014022	9908110358752847300	0.0490290337845
13815122617349731096	9894464410068457300	0.0149520434672
11568220759907242526	9906433526163272300	0.0119608325986
12661974840594312300	9899838436391288915	0.0423333756667
12661974840594312300	9888145662718780953	0.0408248290464
12661974840594312300	9891841881474389775	0.0665190105238
12661974840594312300	9889506196749511569	0.0273383275907
9560669767117531898	9897775714012457300	0.0161796200423
6727346126255912300	9892281973852194657	0.0944911182523
6727346126255912300	9886420889749603764	0.0215967106395
3588280094949578571	9897669383461690300	0.0800640769025
