2844701374609913702	9893785934031237493	0.0116263351069
13541924287518040493	9893106410105204448	0.0172516389836
13541924287518040493	9892329068215820648	0.0235702260396
13541924287518040493	9906525004723686395	0.0131761569174
9895848958311267799	9888688782775202493	0.0131692996924
8339313164613187242	9907385561565333493	0.0493263623667
12874774901535311745	9888192319023112493	0.0949157995752
14182251727626637493	9892165825166232720	0.0953462589246
13335367265896478101	9902974814758445493	0.0132686223109
8326765918483373217	9899765778372581493	0.027066598098
15470115482775648633	9891486700679642493	0.0218426014165
10785725428041871493	9901097841033252602	0.0104834243954
10785725428041871493	9890977291811564932	0.0116051770637
18385987986110538071	9908016552385627493	0.027196414661
3960428533514442646	9888696539468325493	0.0260377821962
6303411035198804827	9895487488496737493	0.0109369659815
2626701575134896303	9899378995134285493	0.0133797973083
2295285542190968653	9892612703637756493	0.0240981346356
8220778526538356268	9892113512452232493	0.0287598654272
9095603794074342574	9903031933603261493	0.0105274823341
8813915094271990416	9881638701351800493	0.0167225015523
3045811226991454945	9905277630191239493	0.0646846227353
1281798381446339985	9911313081511130493	0.029260286799
1281798381446339985	9884486462246848493	0.0380142960635
3034357763896105286	9903849841344186493	0.0800640769025
3813924525528431158	9893900674182687493	0.0617802063215
5484564443179797676	9895047164028162493	0.016638958141
5140611814498397493	9890949271350087039	0.0148675258363
11704583027634728493	9897953499802142285	0.0344418295159
11704583027634728493	9910848469160288487	0.0117387387802
11704583027634728493	9881371193574838738	0.0116571020526
11704583027634728493	9900587783645133068	0.0134158712409
11704583027634728493	9891678535284440527	0.0126897831271
11704583027634728493	9897703816137448702	0.0924500327042
11704583027634728493	9885974019817061854	0.19245008973
1231362081897983832	9904820881985532493	0.144337567297
5935193764589877141	9902398099493270493	0.288675134595
8803012302089169779	9882637921132808493	0.0182940433316
4045111433386804488	9906328840685314493	0.102062072616
7387483067561424293	9887287979225667493	0.014363606212
3571712224420153657	9895060177907046493	0.029617443888
633720621100696641	9891056186055038493	0.0533760512684
5712428869870647955	9907924790454291493	0.0219634393398
11721199370706263632	9889261641307021493	0.0289157465983
12182302412307355264	9902420944331550493	0.0111001534052
11160761779299460233	9884655860051154493	0.0198029508595
6755890228295045721	9884953947956176493	0.0527046276695
5602468966838344587	9902510859498465493	0.0154672056222
1035923644731511948	9889953723709647493	0.0105738733609
4646705320475512207	9910029006560498493	0.0125441784216
