17056102657663733227	9882121708993759657	0.0346479464338
9620725990042609214	9905776044023263657	0.185695338177
4619328855134582036	9899437930732059657	0.012515654358
163284602209221414	9893661989949454657	0.0962250448649
2193077565085139364	9909126788513024657	0.0183586704839
5028089970922919894	9901086291905671657	0.0170374810924
5715129713629462640	9881317536633126657	0.0133132307396
14456732980549825137	9900689007347907657	0.0286887655275
3924021489888048657	9904649731699096865	0.0286299167157
3924021489888048657	9906360906829243058	0.0117867501821
3924021489888048657	9904198596945714239	0.0272975545216
3924021489888048657	9889265365052865818	0.0219581437546
3924021489888048657	9881055273002539782	0.0162607000122
3924021489888048657	9898231092032749132	0.0261354186745
3924021489888048657	9897683973422989592	0.0126775402076
3924021489888048657	9896829176099126651	0.0108992230221
3924021489888048657	9901610681595977264	0.0125550490238
3924021489888048657	9897566922569467564	0.0138065718355
3924021489888048657	9898015875530074071	0.0108992230221
3924021489888048657	9883400234827111098	0.0108992230221
3924021489888048657	9897014100243749630	0.0286299167157
3924021489888048657	9897745498791451226	0.0138065718355
3924021489888048657	9896284660148581023	0.0106697399944
3924021489888048657	9883810352825134107	0.0251100980476
3924021489888048657	9879782699832102534	0.0452678730213
3924021489888048657	9898915065669274169	0.0108210913837
3924021489888048657	9886791425191645767	0.0102511546013
3321544110272013994	9904620470209611657	0.0668153104781
17934119415368800928	9888059162083448657	0.0808452083454
13556803066726028905	9885875154026347657	0.0106262785511
2922323343974784729	9894980484624089657	0.0157720074469
12719423103986538653	9897579768876624657	0.0422200330921
899662874490786614	9889374641846597657	0.02484519975
2002774265046221835	9909442850829939657	0.0192879187453
3457407906119864101	9889553501517811657	0.0181130889001
12210466571256467371	9911260524116290657	0.104828483672
4949426907286175184	9890990434359874657	0.0298009977541
9661720610150316292	9901335322737997657	0.0103930115942
1067162965103609515	9902212771691880657	0.0349641800638
4598051844820341808	9903481414831071657	0.0180304611494
18249005012265878657	9887765021330781097	0.0169030850946
18249005012265878657	9897880816033779336	0.109108945118
18249005012265878657	9895259176583330435	0.0248145833493
18249005012265878657	9885348024084539902	0.0116977067724
18249005012265878657	9908974875534906888	0.0944911182523
18249005012265878657	9898768547106021250	0.016145842093
3127732289240799246	9893119346538251657	0.0125808559349
6803938806316826189	9884555641241193657	0.0218948940492
12385875693482541823	9891265183392028657	0.0202444082545
14264451426687410135	9908282312048162657	0.0110735792298
