1522461301905408189	9903637416606105789	0.0121001191868
17488138141850262019	9887731121108847789	0.0154931728882
2556577792651199420	9899604485183195789	0.0128820635215
11342924250320442171	9896824404387867789	0.0101797319712
4821018513740340697	9895923736891228789	0.0171903541043
673769967194100042	9905696415265807789	0.408248290464
12362773079858768833	9901700089959832789	0.0101665713555
5107003112009762658	9882735416828547789	0.0402258993355
15300120647107439669	9894763116445635789	0.0197642353761
12549686970104930858	9878844322473551789	0.0800640769025
12312813818517277515	9892602228184816789	0.0241121411085
6340069129500146692	9883800349745913789	0.0375029300309
11622328897325525789	9905295858101432636	0.0330049180992
11622328897325525789	9904247606760154349	0.0170251306152
11622328897325525789	9904159156289436606	0.0353553390593
1518567215011184107	9903167538571327789	0.0265372446217
3513790225964354456	9885780080638911789	0.0178145886394
13415967894633230165	9883652783356998789	0.058321184352
3489605018231218101	9901066474964441789	0.0147027030464
14672221957345113227	9887626147836839789	0.0426401432711
9523413760778107886	9881718007816926789	0.0260820265479
6869309484765381789	9888476744609774603	0.0531494003453
6869309484765381789	9898424902531331498	0.0450834817334
6869309484765381789	9895159408743430476	0.0219475640653
6869309484765381789	9896516541197846533	0.0154358487841
6869309484765381789	9902163074473605783	0.0313573622795
6869309484765381789	9902334559666194690	0.0371134809513
3292103318377929072	9894473919087935789	0.0632455532034
5901427780052998339	9883229123377628789	0.0536056267419
8713992107728020209	9882360625272057789	0.0171675400875
12732943853009198614	9893885134988925789	0.0140028008403
14321525842000855258	9895358068140954789	0.07453559925
1642982097400298789	9896686188095867618	0.0249299827472
1642982097400298789	9896650226342276708	0.0883883476483
5602982038810982390	9910743921042281789	0.109108945118
6055137423168389180	9896812825225144789	0.030758312596
16607072382245230357	9906087412008516789	0.316227766017
7112227277021197157	9896208819647576789	0.138675049056
12046424975249861427	9896164100344785789	0.0180657343382
13318898573285672551	9893384367471777789	0.0559892510956
2811312179005461042	9900139341800460789	0.0173604832115
6796626478714621894	9907517142149812789	0.0196267167995
4320834087119581453	9900442016639108789	0.204124145232
3006816388574217963	9883371591794327789	0.0364178520365
12608793189772739365	9891593018294124789	0.0341593492843
5386929394571596662	9903540053973309789	0.0154524256804
1065830120570680789	9890362303876582962	0.0606339062591
1065830120570680789	9901795219193066692	0.0606339062591
1065830120570680789	9906030808522274256	0.204124145232
1065830120570680789	9891756587630445216	0.0507673082567
