348130588898768871	9887226209035342015	0.0160375074775
348130588898768871	9890354787693999322	0.021110016546
348130588898768871	9900703842148108784	0.0115841341143
348130588898768871	9892419451474377111	0.0197796943032
348130588898768871	9893335486434329196	0.0120912708352
348130588898768871	9885692029502655618	0.0161627045959
348130588898768871	9897454257035723012	0.0430331482912
348130588898768871	9909398406551494706	0.0314970394174
5517587162748130029	10584080455329387871	0.0229657606087
3318583126188593332	9886642136365233871	0.0470360434192
1474920550270189349	9892862902599588871	0.129099444874
3214545673425117871	9886549816068948842	0.0186338998125
3214545673425117871	9885268004608012112	0.0197526649377
1402346852384643512	9893702667657102871	0.0450834817334
8063779899713936103	9893408024196039871	0.0501254707117
3311486683913379871	9905621064458895217	0.0332411247657
9169819518668923871	9893524005476543708	0.0193891683582
14506225465426369903	9893662312002516871	0.0563436169819
10887724609843603311	9907229649972963871	0.0156941205144
1909401181512512145	9890288645254439871	0.022360679775
2591946290311821016	9889056973186221871	0.0167859915566
14150792296837767942	9882350613591920871	0.0365636212064
6707010778984915867	9886546362913086871	0.0111859342536
9175614407486896214	9893148294669690871	0.0436020720197
5852432692548057754	9902394324222644871	0.242535625036
5319823148541057728	9908925449014577871	0.0226455406829
15213307001005179907	9901004034685183871	0.111803398875
3314430826168915871	9889980073343017328	0.0274928699614
6828030068387617871	9897066322663055861	0.0207927620517
6828030068387617871	9887161883300526992	0.0416305447122
6828030068387617871	9890953828302208012	0.0228575160441
6828030068387617871	9886354193190129934	0.0238704958013
4130492198385166060	9882788038834283871	0.0327034970084
4792062087049296010	9911177583927474871	0.0508328567775
3084471716386696392	9881694853699630871	0.0370116605099
13635636285719429551	9892020534936815871	0.0154635066611
10915912638255003918	9904166775514505871	0.0554700196225
4748307273358773230	9888117668206236871	0.0766964988847
7206157297535784388	9907683606464847871	0.0735214622094
3713142552203544591	9880737539777777871	0.0135831456231
6112328516767983493	9908709816010455871	0.0105059638272
16502329047561258299	10599064067461243871	0.068041381744
7618219891206583871	9898769363124311482	0.0518475847365
11271849748076277178	9888834768818324871	0.0130912033758
3243155599085862623	9902488388274518871	0.0191354707147
15101066483365015441	9904080403733711871	0.0297745667088
17914026176356059722	9890698818859514871	0.0433554984762
6571505368596621774	9900146312595966871	0.0541530361074
5046577260209116871	9898941531291149305	0.0261622379926
5046577260209116871	9899806576268084594	0.204124145232
