5469170006251970609	9890002673471914937	0.0741249316661
4100328402152263937	9884088993056809803	0.0287717668824
4100328402152263937	9890330959326421774	0.0276289481998
4100328402152263937	9910249557434537415	0.162221421131
4100328402152263937	9894987365319602757	0.0259412318538
4100328402152263937	9910302243795937571	0.208514414057
4100328402152263937	9903181986856111876	0.204124145232
4100328402152263937	9898852303262657961	0.0272772362795
4100328402152263937	9898213757668962110	0.0154450515804
12881647352008932937	9902217057985356378	0.0119659693103
12881647352008932937	9908390906024229584	0.0152463117915
12870540449450214162	9880297554809694937	0.0305708920258
6843730308667902356	9887338101523646937	0.0472455591262
5012727149429125346	9898156067538444937	0.012051692101
13502691548619913998	9880297554809694937	0.0683585927025
11689459870668231795	9893543294261758937	0.0571661950475
6454343943146536141	9900792851106947937	0.235702260396
4568208573445197058	9884261165415583937	0.134839972493
5135292032924264498	9888784620631329937	0.0130979392669
12267398531247542225	9906956206609125937	0.0298540717013
7783888646709302524	9891596084873653937	0.0217442691018
3535123592777038375	9908733859200630937	0.0177892016741
3902819993238605241	9907180408065039937	0.0472455591262
12322567342799322497	9901736000182767937	0.028149476495
7088020231362269727	9895249216531278937	0.0411693484796
3576852871771818095	9901116524106131937	0.120385853086
4914034983294373848	9891470985303056937	0.0136999156088
4251392242167077437	9893799012244681937	0.119522860933
1337438135818225656	9883659741188522937	0.013960436343
5372231761771159937	9898878008674262452	0.0962250448649
5372231761771159937	9893511120630244765	0.016956460837
5372231761771159937	9884224894372011864	0.0211006155139
11981493072893677069	9901397999132928937	0.141421356237
3901532557567680684	9898940886910714937	0.021790681682
10118166687179049527	9890566667207265937	0.0110283683644
6073612855467452450	9902370534338315937	0.0132546283302
12823696317997543844	9907604738047575937	0.0243975018237
16253492365585710368	9900312776892355937	0.0139863559716
8113154230074891299	9902735675298894937	0.019641855033
9163735633268135937	9889139101650298139	0.0553001263609
9163735633268135937	9898894368263687064	0.050251890763
9163735633268135937	9894917851218936568	0.182574185835
9163735633268135937	9904694124593935912	0.0408248290464
9163735633268135937	9895421191320231018	0.0180952873342
9163735633268135937	9899637522055803774	0.0514344499874
9163735633268135937	9880805280121143796	0.19245008973
9163735633268135937	9898706545029669836	0.0152303887462
9163735633268135937	9887119427591199283	0.105409255339
9163735633268135937	9894496051066191370	0.0645497224368
9163735633268135937	9904912188713064470	0.0586210381761
