2841191136809612113	9887878129296713081	0.0860662965824
4981672859675207323	9900190524949410081	0.0423333756667
5752602490644603081	9889373946041507928	0.0101966523767
5752602490644603081	9897904421285493897	0.0100442925461
6864574661037102674	9890473341777020081	0.012830005982
2900247643142249081	9883132430818154212	0.0175249909308
10464475261466269391	9908849333709501081	0.0286534127531
11379762105218564493	9890660241530445081	0.0123297157774
4638081569982839715	9886304998697125081	0.102062072616
9155619090632677771	9908164118858907081	0.0195515471751
6945320956731861566	9893878357517470081	0.032686022523
6313898467893976417	9887936922888911081	0.0147250016013
199088479987043028	9889308632423238081	0.0167741795845
10404866574543803285	9881685177086099081	0.0151064985517
5554070508075695081	9899181898995015282	0.0155080701733
5918080738909219737	9911221809185161081	0.0232495277488
12150465344029153566	9886788693589348081	0.0316862125262
12458357145765196081	9887596628483967107	0.0102967010536
12458357145765196081	9911123991352727364	0.0115841341143
12458357145765196081	9893078213551863213	0.0170996392014
12458357145765196081	9893715539634331935	0.0202113020864
12458357145765196081	9899291785774627540	0.0120912708352
12458357145765196081	9883122908862912310	0.068041381744
12458357145765196081	9900368710181943613	0.0122535770349
12458357145765196081	9902136067751153166	0.0382359556451
12458357145765196081	9881919888472383682	0.0416666666667
8330354807336966502	9900441488396870081	0.0218217890236
3822087407111162081	9893692436937655820	0.012868190608
3822087407111162081	9900450735540276819	0.0628694613462
3822087407111162081	9882731225077119194	0.0805822964025
9607155890011588104	9891404546493157081	0.040756957297
4280505726818833022	9892778665389265081	0.0118048041162
6501972982916109916	9884301727064144081	0.204124145232
13599774181322789343	9893638174197398081	0.104257207029
1883715374554536841	9881922787687486081	0.0656532164299
3240350098576424583	9889890570497686081	0.0278639106288
12648065881367837386	9894821184410359081	0.0141804747334
3644636684135801333	9908588027702151081	0.0114094011123
8355988842386357142	9889397847587251081	0.036514837167
8237416254741271990	9900581693356623081	0.0648203723552
6607298362459124668	9901611613645458081	0.0496903995
14907796307992580249	9895146820123340081	0.0100503781526
10449085144795247124	9903219511997274081	0.301511344578
5755582349474774523	9887603174010817081	0.0277350098113
453163051817862035	9896853739101373081	0.0485642931179
8892316000317811081	9910723833514916920	0.013366642926
4814282042769980925	9901849687970685081	0.013653865342
4814282042769980925	9893954120640377081	0.0629940788349
12341148484100539949	9902969407394733081	0.0143414321553
13079767707965039118	9883562507332493081	0.0124082467797
