17193288655020727632	9908805808505893192	0.0505076272276
1426435368340270945	9898005043653766192	0.0304290309725
18107317613913140577	9906121367998395192	0.0199204768222
6925859547484448870	9889328243362568192	0.129099444874
10915334384641908714	9884563582648058192	0.0141947537368
3453872778533836369	9888846412533623192	0.0406894229386
1660687652695385502	9889216376529756192	0.0300964632714
5043305787306571222	9901989016666621192	0.353553390593
2347807700863211762	9904524735324697192	0.0769230769231
7951110926161941334	9886189176252345192	0.0790569415042
14121319248784965529	9903359446175462192	0.0559892510956
3336308861429405725	9893145876668089192	0.0547175655165
15154952440162424404	9897822125293574192	0.0103550522458
4585904131373278130	9899335521502261192	0.115470053838
4761944563288710355	9890113539440962192	0.0280056016806
10185746396501671058	9887291509685661192	0.0318464877649
15650008684513252192	9886148172148299705	0.0522708373489
15650008684513252192	9897684428694913217	0.0258716841902
3433196290820241680	9889581663561678192	0.021868700842
5197332033348011772	9906065138247914192	0.0142973903925
9837924340881948305	9893484719453061192	0.0830454798537
12165818392356561192	9897841010253761511	0.0707106781187
12165818392356561192	9905798579717910052	0.0101222041272
12513442448556590726	9891275156254943192	0.033903175181
6027746059210506253	9906033475751351192	0.0980580675691
6058009966072296192	9891750922738667925	0.0131578947368
6058009966072296192	9906558831847499706	0.0635000635001
6058009966072296192	9908151092227888259	0.0589255650989
6058009966072296192	9881202178038683794	0.017397225016
6058009966072296192	9902269572610403390	0.0253184841771
6058009966072296192	9891320584194489809	0.0215365246127
6058009966072296192	9898069841855016817	0.0610847221782
6058009966072296192	9902217053699989695	0.0307147558417
11887036756156934639	9901479839739898192	0.0128938372515
12193037823937346312	9898146081829702192	0.019702760156
4542177820725529300	9908017651865074192	0.02484519975
9813044004493299935	9908215383634196192	0.0140608180203
9478985935362061225	9903265485294947192	0.0517087689995
6177606817818093374	9888729838408654192	0.0436852028331
6638113975582582322	9902645025745061192	0.0446767051609
13837434803124369245	9898454086722639192	0.0620173672946
10231725550844710745	9885718443540646192	0.055131784642
5402143458357519192	9907830202352904968	0.0920574617898
5402143458357519192	9898822668073064659	0.0262251388789
5402143458357519192	9897004127353067481	0.0113975379418
5402143458357519192	9892848115110108001	0.0143325912428
6564366781360082971	9907315944445828192	0.0137153695512
5324293612364089995	9897980832817095192	0.0137063484004
11364352508029667811	9900208366169481192	0.0645497224368
7228888466975226495	9883678278251244192	0.0150431227469
