603839730128286908	9891989787391005605	0.0151203070542
15082445077092106085	9890768577883860605	0.0277777777778
2159165083242794371	9900456748441521605	0.0649569802462
6457051113115982917	9895960952761167605	0.0314347306731
3301788250226556311	9899703505760933605	0.0298142397
4927767671143922259	9904057752101038605	0.0483368244523
1343864948315452864	9896120571014168605	0.0543125446594
2162725315111549962	9903771947872197605	0.0863868425581
13670797602726267449	9903035064692322605	0.0110404601406
8603443465854399107	9897243034850564605	0.0385758374905
14389851196247224997	9900279443638114605	0.0125185961031
4378971898855603287	9905394891367586605	0.0159272827522
10286175054236113579	9906600742198421605	0.0501254707117
13246461504344633284	9885731766511985605	0.0165407923395
2310541707695292282	9902428172764640605	0.0124321963228
4387135024651528606	9892801549043929605	0.0170177332085
1326316181187614289	9900243224205040605	0.142857142857
7071309127981226141	9888665469745283605	0.0186924051364
2318349603836632874	9885609914037135605	0.0146035984779
3905819154135849607	9885022182168909605	0.0122306431255
4177638926379848601	9884897533632689605	0.0210491333987
8477365885962799004	9888870511425225605	0.119522860933
10414653186332493605	9899637406142756504	0.0146900064093
10414653186332493605	9897030180494863678	0.0208062594644
10414653186332493605	9897675280335435434	0.0146678662212
10414653186332493605	9886476552415895155	0.0101818424163
10414653186332493605	9885930687929467732	0.0271362677065
10414653186332493605	9892640011064431303	0.0621369766001
10414653186332493605	9885505967237611688	0.0266595583987
10414653186332493605	9882002119918284425	0.0108612274467
10414653186332493605	9882361037560008434	0.010656403572
10414653186332493605	9908233104648868446	0.0132557928045
10414653186332493605	9900201769122962911	0.0387783367165
10414653186332493605	9886797777443683651	0.0121734159916
10414653186332493605	9900905349218332141	0.0147011141662
3766652208550291512	9907961216072937605	0.0936585811582
3797747003275160533	9895166856236233605	0.0392837100659
12125835125643852605	9888786441743390095	0.188982236505
12125835125643852605	9904993904677696807	0.0335767138937
12125835125643852605	9887887406441773801	0.0316069770621
710725015833522843	9904108900913524605	0.0366126012969
4276963254755545026	9897772312218158605	0.013146519361
6540340240076726386	9886527022702909605	0.027565892321
4152322328571454628	9898537160026173605	0.01456482299
14544094626712128320	9890749327783636605	0.0975900072949
11921881499234503033	9906209745565600605	0.0259762166733
3939765346108877544	9890224873608530605	0.0313419570404
12626361583377143142	9891252259856861605	0.0324784901231
5790559044506499474	9897274890661709605	0.0134255403385
13369649002957527236	9895706909703733605	0.0172158099958
