2438128352193832518	9905054274812455952	0.0498754668054
10677119855976279714	9898289520789753952	0.0192664280213
6741278939824366266	9908985415491329952	0.0291854202709
14634713385160874123	9896376851592736952	0.0924500327042
5999898310927474738	9900008006000280952	0.027066598098
2224998170179955325	9889787517088014952	0.0108657146303
6522153767529448952	9900148331193178869	0.301511344578
6522153767529448952	9898126702924361056	0.408248290464
6522153767529448952	9886681525513559444	0.188982236505
4914576555373259662	9897776383976972952	0.020659216919
232683570361414590	9881890476508815952	0.0126693979202
6405610523795688311	9903207069353990952	0.0230387838792
14074958199648691391	9904078737309556952	0.0182059080475
14330345867439254891	9881890476508815952	0.0126693979202
3678800196288865547	9898692758159764952	0.0166068055348
371311535957337481	9883608828662176952	0.0751646028003
2439547716532985213	10589691211742408952	0.0227980376294
654364569065970528	9897335157559273952	0.0172542067649
3704613931236375854	9881122149847621952	0.0894427191
6016067291162612952	9898017099602587295	0.0388075262853
6016067291162612952	9881903838223090878	0.0811107105654
6016067291162612952	9901830154498873000	0.0328266082149
6016067291162612952	9901532641938845992	0.0621369766001
6016067291162612952	9901355216848202884	0.0578314931966
13855142654524258253	9893795958531920952	0.0140193038523
10152947380658915589	9890742524527126952	0.0778498944162
13418208592406145707	10601581807246408952	0.0288675134595
10770466805587208096	9902528550504189952	0.0103351237615
11764759291011650810	9894637681877850952	0.136082763488
6683912634294673960	9899732389374510952	0.029310519088
2017139367294988948	9888473613505603952	0.0152145154863
5962068479782608952	9895179934448689401	0.25
3878966874816121698	9902647740053768952	0.353553390593
10272922538732610952	9903259197542418764	0.0304713817668
10272922538732610952	9890361616706294808	0.0124863505146
6606169611370442062	9894597528340594952	0.0731272424127
13263249443745910640	9897913620946281952	0.0625
4101894658524031388	9889082042931448952	0.0127143757531
8841507484978569952	9883973582974895089	0.0177892016741
8841507484978569952	9899613551873486533	0.0795557284176
8841507484978569952	9904868495931349329	0.0137127902621
8841507484978569952	9892781964000328668	0.0236227795631
8841507484978569952	9886366781716736618	0.014950372381
8841507484978569952	9894974325732310989	0.0650944554904
8841507484978569952	9889583278541240671	0.0153646270966
8841507484978569952	9895682630291900528	0.0220755392844
8841507484978569952	9886514008993803037	0.0507673082567
8841507484978569952	9892692323730008962	0.0175519649208
8841507484978569952	9892633645895627002	0.057735026919
8841507484978569952	9900871603603533197	0.0212525571021
