696251614160910953	9885933432394234660	0.0555555555556
696251614160910953	9905878740985780937	0.0476731294623
696251614160910953	9902169907836389300	0.0141055088538
696251614160910953	9897603219415275659	0.0159739517488
696251614160910953	9888213806621746262	0.0429536779588
1838046377328468458	9901940148497167953	0.0238365647311
4318126011609574996	9882043059686528953	0.0129684343415
18187348540973043701	9905921956957042953	0.0102662695294
11602507020836920664	9904809302674589953	0.0144157482926
11602507020836920664	9895423807054341953	0.0124168526622
10898174934455802773	9900226100126181953	0.0184805317739
10397014233325409071	9895245776334760953	0.229415733871
13041543987538940527	9890159409741040953	0.0266311820646
4635035860119506545	9897780382483454953	0.0163824395728
839034561913374027	9886275118512768953	0.042409446484
5214743257666394515	9899079451271214953	0.0458349248514
5532532280038363555	9892499728767512953	0.0105106052959
3069815690328225881	9906610302688639953	0.0313112145543
7456310159495905142	9906507494161657953	0.0117411658946
3914545677005123877	9900640353982347953	0.0201783578068
4090545941909815060	9902604794640878953	0.0162650012158
7646025890474362953	9882065543747161613	0.0366371652724
7646025890474362953	9890787849239708709	0.0119225169659
7646025890474362953	9908232743850471307	0.1
7646025890474362953	9888068684043143869	0.0324442842262
7646025890474362953	9896188573178686451	0.0279508497187
6377993950673110557	9886281187326498953	0.0501885613228
675707279819437996	9882973285082791953	0.0133250447722
17975080948454346090	9885023771212399953	0.0127932060529
2995522265065606812	9903768803986280953	0.0591312395989
13824990558494637953	9902133568196179179	0.0224846875207
13824990558494637953	9882661930053970650	0.0128226205908
13824990558494637953	9891733326282682123	0.0268028133709
13824990558494637953	9884725236660513903	0.0282616709472
13824990558494637953	9888622137784814648	0.016475560158
13824990558494637953	9908038465271941369	0.029488391231
13824990558494637953	9885263804079884112	0.102062072616
13824990558494637953	9902125794165493917	0.116247638744
13824990558494637953	9903301730510244444	0.0318788356532
13824990558494637953	9889380697709629448	0.032075014955
13824990558494637953	9896970510703517138	0.0145156381371
13824990558494637953	9881831047153735663	0.0671156055214
13824990558494637953	9898791920419556504	0.0391630224994
13824990558494637953	9894503863661108421	0.0376354964747
13824990558494637953	9906976062240989612	0.023453251491
13824990558494637953	9890348074716977783	0.023649188492
13824990558494637953	9886202434893320974	0.0593390829097
13824990558494637953	9882930223715228594	0.0154672056222
13824990558494637953	9903788685266186408	0.0159071190744
13824990558494637953	9900490369462543327	0.0295656197995
