3838692795049089039	9894600530448315397	0.0144851494705
9558615381341235175	9883473176369774039	0.0426401432711
4090546041415750300	9907186884920779039	0.0159434690194
7625520493385015850	9905765491281401039	0.0115701689083
481797770450640633	9909886289014999039	0.102062072616
8836597869408751039	9893461359154292894	0.0153212853259
8836597869408751039	9892679258403419435	0.0102382519472
3959895981509197647	9880465986226064039	0.0396525792859
3961389081824748343	9883099767578717039	0.117851130198
6432042445765704778	9890091733998205039	0.0415585817462
1227231563923685113	9905594457125685039	0.055131784642
6197680971319990117	9908594702230349039	0.0148708132936
3904929735529914988	9888878272389132039	0.0147828098997
2996068293276099017	9899945488463896039	0.0177920170895
2871884426718306888	9891761140471196039	0.0916698497028
9227542475123266612	9905523572901036039	0.0256579002895
5413549528539544236	9903789303812593039	0.0244997978775
3199848106058512209	9893208965322165039	0.154303349962
6753100769292658389	9885003619218530039	0.0266880256342
2070434125111347134	9900844115843686039	0.166666666667
11565716606190994177	9908279090866317039	0.218217890236
3002022449695843462	9892892653836024039	0.0696733014292
12870129163545667896	9907968212561930039	0.0131317753844
5224453467572287325	9894547109603138039	0.0536056267419
5663637827700802210	9893680797691593039	0.2
4874402032056307690	9889725527858013039	0.0254410925657
13649813799517778247	9880053849726524039	0.0117590108548
6844373363507252039	9898509590604695253	0.0136411557932
6064833235263605351	9888347504685641039	0.0249454912916
6473595593385093371	9902786446072536039	0.0749531688996
12033328539385447093	9896941648504738039	0.0766964988847
202049941333391600	9904844890762497039	0.0308313207989
6093224102048637039	9905501166194576152	0.0160664598034
6093224102048637039	9902100234834007929	0.0334450031045
6093224102048637039	9896497110792716876	0.0144821111591
6093224102048637039	9897834997328283330	0.0227214053533
5209758670928906039	9895129202301730645	0.0122757154035
4118928570637918071	9896891320024319039	0.0117041147196
10105349475831192047	9903355980248484039	0.0396525792859
9882293376499596592	9892864427369350039	0.0141648174918
10422510523200511794	9904193936944541039	0.0111469490517
6778271971140267188	9904237088447827039	0.0339422116651
275305839721270613	9898168561683987039	0.0514344499874
11070762537151032738	9894908187583443039	0.0980580675691
10411782378431357139	9905070239043838039	0.408248290464
5154040281386646277	9903304457848475039	0.107211253484
10647696629486899151	9885827127716770039	0.0269190951029
5124678841544281786	9885389547788199039	0.0221948380809
13915696793163513142	9905846580242113039	0.014808721944
3819071633565182894	9892891099054954039	0.0553001263609
