3499237245076209388	9905719402037753972	0.0175682092232
4745724022135755318	9911217952371456972	0.0177025813131
2091335077937419982	9888798824035862972	0.0213394799888
2195940729102010576	9882370559484484972	0.129099444874
13204651302903323920	9908033586232528972	0.242535625036
5802376463118333773	9902378398418662972	0.054554472559
18335413019396857741	9910874780181740972	0.111111111111
4986128526875905972	9899851347076265489	0.0117720402337
4986128526875905972	9898999886908292233	0.0235180217096
4986128526875905972	9898676548922947887	0.0111248539872
4010446008743512725	9898917526556721972	0.0150414209399
18383853112218534972	9894365909196924326	0.018983159915
18383853112218534972	9896123418463645982	0.57735026919
18383853112218534972	9896599738934050392	0.0261711961295
18383853112218534972	9906576076126902962	0.188982236505
18383853112218534972	9886440122691861609	0.0286416575063
7371812781005045416	9895682488550282972	0.0105164157918
12443273744379618455	9886396258123485972	0.0206901472151
7798691887351231253	9905734962623236972	0.0125323517266
6974371772008365972	9903848561513513570	0.0601929265429
6974371772008365972	9904642254172865166	0.0962250448649
6974371772008365972	9900822434860380969	0.0113577712606
12925608934105432040	9907892243137111972	0.070359754473
7329490044597382774	9900699083342506972	0.0289642223182
7255932609198566680	9889239041224187972	0.0223830740518
2978956979728094724	9896828102233685972	0.0592348877759
13681926068512852660	9897259682095696972	0.0547996624351
11184549793673831972	9903603954459556818	0.0132662869025
6372637121274916671	9903033243538515972	0.0273998312176
1993364459232688752	9883052892270822972	0.0842151921067
2018578773181799066	9887003115468427972	0.110431526075
5224362096167804962	9885092963210989972	0.0180421959122
18401332229374953972	9906402340469633193	0.0239731650743
18401332229374953972	9906580229422775377	0.0653720450461
18401332229374953972	9885675279154257468	0.123091490979
18401332229374953972	9901318636576604873	0.051031036308
18401332229374953972	9906432143249323249	0.0421075960533
18401332229374953972	9903451122410540293	0.0171903541043
18401332229374953972	9888347556274558924	0.0402258993355
18401332229374953972	9883102537889289587	0.235702260396
18401332229374953972	9887888325403846205	0.154303349962
18401332229374953972	9906461714097763767	0.0167789013804
18401332229374953972	9906461327492766818	0.0187712763945
18401332229374953972	9897938544645657730	0.0122260717768
18401332229374953972	9893749134778909687	0.0142133810904
18401332229374953972	9893806154763757950	0.166666666667
18401332229374953972	9899526926752532451	0.113227703414
18401332229374953972	9888288298612053119	0.0459315212175
18401332229374953972	9883596463437057255	0.123091490979
18401332229374953972	9885296849510472451	0.0536056267419
