6212215716521002891	9888606379610100602	0.0160354454386
1063948589704991658	9890165684635735602	0.051031036308
11958952331620803403	9885890834896040602	0.0319764739696
10691494435618747031	9890080618548849602	0.0674199862463
415377513946623953	9900327744751914602	0.019440394784
11272173419703430127	9898483786473196602	0.0391930900835
13990425899360627288	9894931457764729602	0.031265269974
11547614766367904483	9905338764784399602	0.0113621692361
11273345727960250338	9886059975071277602	0.158113883008
3303415066196549695	9889607751161648602	0.0662266178533
6738185043542628467	9905338764784399602	0.0196798544011
6487595811361456212	9897901509111515602	0.109108945118
9195336679230116349	9901925128998844602	0.0690065559342
5014383267378951602	9882645037934098561	0.03194382825
1344356711595293482	9907004731062923602	0.012661271301
15279204981024056425	9904868379945118602	0.0187120297141
15245995292274783655	9884675006959093602	0.0990147542977
10076596138148366213	9890162102653892602	0.0168073161363
298820958473093199	9902488169179233602	0.0341195596967
6908271154171671623	9904441769387534602	0.0466760028009
4262119532079913159	9905520351720152602	0.0501254707117
12434723740396561602	9884209123327138316	0.0100687015555
12434723740396561602	9902057431311160151	0.01706971855
12434723740396561602	9901173565536848649	0.0102836258724
12434723740396561602	9907359147549925072	0.0173135840266
12434723740396561602	9894542578554723586	0.0408248290464
12434723740396561602	9891761514096514696	0.025515518154
12434723740396561602	9900718500944246124	0.0106697399944
12434723740396561602	9905882761100047011	0.0912870929175
12434723740396561602	9907534579717680087	0.0139211511597
12434723740396561602	9897179946043718526	0.0208333333333
12434723740396561602	9893312096087612741	0.0169515875905
12434723740396561602	9903888311403011211	0.0159882369848
12434723740396561602	9902206410723789870	0.0176336403965
12434723740396561602	9892752225560912266	0.0180421959122
12434723740396561602	9898610191730369546	0.0138568498868
12942147029310467524	9897785377641416602	0.0137024876384
4921569013781875829	9906415882485424602	0.120385853086
2204218022391453669	9889566901763855602	0.0122489799321
5347969967882430310	9884585388195988602	0.0112210903345
2177682619793463405	9893868461860316602	0.0283410100633
10833165785490507424	9901646694973278602	0.022032632462
6010459433895409408	9888460522566072602	0.01355068287
4339562274329682044	9890189264106255602	0.0144412801896
2003906512290105849	9907146606757030602	0.0396214425875
3434975905970625257	9898882157630563602	0.267261241912
5340882879267547811	9898154581565467602	0.0700140042014
6577741213193114828	9906375535579434602	0.0123231606552
3289485306108944602	9909329021449801264	0.017674908041
3289485306108944602	9899435911986943629	0.0110688296781
