7285805077506748041	9887689610175992445	0.0169224360856
10605994288338460390	9886665200323317445	0.0195740073172
2706787247293549174	9908876898725803445	0.0102291419884
2725081312946421340	9909342447459422445	0.018537599944
665305264718489048	9883292091921687445	0.0120185710216
12445590238301535754	9889011326287741445	0.0104690521142
1216627785534550445	9904779474078261574	0.0232244338097
1216627785534550445	9894944651800937391	0.0342192955415
1216627785534550445	9889691481602174471	0.0113504526367
5971494030646454284	9888373197277699445	0.0202361164629
6186479834176848445	9886293307724586394	0.0778498944162
6186479834176848445	9899418500213984337	0.0489115988045
6186479834176848445	9888202575294131976	0.0710669054519
600635520801919299	9883257659166254445	0.010597597585
13018984750367344405	9895291324450627445	0.0587220219515
3499437860723880918	9902411697279648445	0.0201007563052
8984151858336607445	9902620458520511865	0.0263889906985
8984151858336607445	9896991113666408200	0.0402584841114
8984151858336607445	9896361896605101315	0.0499376169439
8984151858336607445	9881456994063984973	0.0985329278164
8984151858336607445	9900980906274566988	0.031265269974
8984151858336607445	9891616584732221285	0.0114317447614
2129794524962175731	9886352419370874445	0.235702260396
6351782935996945060	9900477213940913445	0.0241684122261
17571173243613749963	9907395521654369445	0.0785674201318
3542977627240073063	9901719103846699445	0.0385758374905
13305283441740927445	9905535976788285966	0.171498585143
12089985496326758726	9888328606866454445	0.5
3572646097916531178	9887728402414488445	0.0141477958744
11888902921822173416	10603494102781921445	0.111803398875
2821353228602511068	9903166116881113445	0.0104713477073
1906504114107871445	9885976455063198975	0.0920574617898
1906504114107871445	9903875194620305912	0.182574185835
1906504114107871445	9900258359524327198	0.0539163866017
1906504114107871445	9889476381037429118	0.0123787406856
1906504114107871445	9901888016224172669	0.0512989176043
13944983060153724722	9897493890978317445	0.0198185008822
7926398264142623261	9889655743133301445	0.0121608075823
15175637951535973351	9883176411250439445	0.288675134595
12926046269379832563	9893280351993750445	0.0631194403098
5225408612585671928	9888585879685766445	0.0181848241863
2301812048872503982	9886735182612593445	0.0145864991498
3985147320027104987	9881797262951459445	0.0431934212791
14512816295264036533	9884181274802965445	0.0199442341078
8202448439733797696	9908651537507990445	0.103142124626
2897318073739904745	9903892893998489445	0.154303349962
11157412310104845280	9896088040750560445	0.0213784562405
1401890704859465560	9896510523945290445	0.136082763488
6437597603949775781	9884818111108210445	0.0335956570342
6813622317720114041	9886987614944598445	0.0183339699406
