4483784142003345823	9906302014320264627	0.0645497224368
4831775508657026986	9902550416174369627	0.0155118012139
12716189437080005660	9894407871105929627	0.0350070021007
1896851046898189627	9899320437431905198	0.0755928946018
1896851046898189627	9899332557888576274	0.0894427191
1896851046898189627	9908141119362946530	0.0396837895066
1896851046898189627	9898197552640864507	0.0373978796003
1896851046898189627	9890936596886742882	0.0860662965824
1896851046898189627	9888809608852521438	0.0273690275752
1896851046898189627	9895805633891437482	0.0313112145543
1896851046898189627	9900047150251705864	0.0272165526976
1896851046898189627	9906431456023588872	0.0434372242763
1896851046898189627	9891795998422981204	0.0755928946018
1896851046898189627	9905362820888475603	0.169030850946
1896851046898189627	9893345279047845709	0.0206724557649
1896851046898189627	9891024312963609509	0.0538381902058
1896851046898189627	9889950051486678820	0.0317820863082
1896851046898189627	9885361076499258617	0.0597614304667
1896851046898189627	9889208744468450746	0.0214669395371
1896851046898189627	9889350753284292841	0.0845154254729
6228248879840256339	9895078963918131627	0.0136896419548
6219194776086292386	9880989070320205627	0.0157759322964
4271759154807389627	9894610825600473708	0.0758098043579
4271759154807389627	9884619034894471858	0.051031036308
4271759154807389627	9911498241914627884	0.0292352673102
139986218658198514	9886039011273390627	0.0145911566452
5636707519048721344	9900330343253842627	0.0291234685554
3424637804488766939	9893772469383041627	0.0108122325273
1730869715867947434	9904108213688180627	0.0140859042455
5971802993087538369	9884485087786126627	0.0877058019307
3377626521777994350	9902427528588584627	0.0130233065268
2639431826731396877	9890252077940854627	0.0632455532034
7316936794015963398	9897391623440985627	0.0116059586361
5921687180719074896	9905778359020361627	0.0430331482912
11584823372728281192	9884529884279530627	0.0132791469325
13102125170285813508	9904581858349866627	0.0266880256342
13776769530122204465	9902462476739686627	0.0798086884468
13776769530122204465	9907464378516154627	0.027307730684
7988302275117058671	9880526936100369627	0.235702260396
7810320751609667423	9901196371902284627	0.0100185514963
11104490931400837478	9888268417207346627	0.0148413044299
11104490931400837478	9883893022263759627	0.111803398875
11289741125559161627	9904162167116194387	0.0214917138552
11289741125559161627	9895646372232329309	0.0177053557949
11289741125559161627	9909087450959954694	0.0148905839383
11289741125559161627	9901454486502086153	0.0141776241002
11289741125559161627	9902669446897143923	0.0220594198669
11289741125559161627	9890176044088142743	0.115470053838
466484120582066951	9886287861649538627	0.158113883008
5602742738954407627	9900507768304277197	0.112508790093
