5647081593528950830	9889385727141955093	0.0106497540867
5315187735680661210	9886013834234504093	0.0924500327042
8337360578345673326	9887466602639336093	0.0274204248554
4428775933014951093	9898083615829072856	0.0220970869121
4428775933014951093	9895897954152101919	0.0125868340089
4428775933014951093	9899804145299865436	0.0581238193719
4410776146840628093	9902481146917487053	0.0168358757425
4410776146840628093	9900867617994825727	0.0131351734373
4410776146840628093	9909548094782428469	0.0102189889914
4410776146840628093	9882582803773450082	0.0209980262783
5914059648938400419	9902550815501694093	0.0677285461479
5267862887339664093	9886705315380542710	0.0188780080373
10740206951983738093	9905049356996368722	0.0220809202813
4462327428084179624	9905988507429445093	0.105409255339
2131270074033794960	9887820993334597093	0.0147042924419
6003435714459767976	9892060774538216093	0.0110471950038
2056199925242107533	9884055530980636093	0.0445435403187
7436645106231264599	9896941223241769093	0.0146741817721
11311283967297245890	9904236882378519093	0.0125540596192
419690579937826093	9881430721760356214	0.0346687622641
419690579937826093	9888831508946925874	0.0130677093372
419690579937826093	9890901863412458894	0.0113169682553
13279841524314751882	9899768634620148093	0.0131114423006
6403119264012213802	9903713063951800093	0.0180893651323
5574066945379439751	9886903253215344093	0.0833333333333
5574066945379439751	9887751943107261093	0.0378505582052
13477115086125728131	9902342436695917093	0.0260289603148
5389486979987890715	9893493983636745093	0.0440225453163
17240385756558161093	9895993083486170516	0.0402911482013
17240385756558161093	9906453837115763890	0.0246033915653
17240385756558161093	9906306631330394741	0.0121392840122
17240385756558161093	9889139694370637271	0.0384047686321
17240385756558161093	9891214605899557780	0.0191459895267
17240385756558161093	9887779263289550650	0.0295398095634
17240385756558161093	9882533897007407006	0.109108945118
3759521283852326457	9890669557353280093	0.0104978560318
1564984155126114136	9899104336218498093	0.0449013255067
18398196881392162892	9904636460381099093	0.0307002779923
4993930673879066777	9891497618454987093	0.0220755392844
6280020996797377093	9893838736449177890	0.0845154254729
6280020996797377093	9900239564757283788	0.0148347707274
6280020996797377093	9883713011640230676	0.0898026510134
6280020996797377093	9885562171194354569	0.0601929265429
6280020996797377093	9881974060929051346	0.0136032390448
6280020996797377093	9898047550961220247	0.0276924387811
6280020996797377093	9888102545548500914	0.0610847221782
6280020996797377093	9898417789915127926	0.0668153104781
2170011679360418721	9907316086206061093	0.0193746064573
12715296106650816093	9885119673625190702	0.0140998991861
12715296106650816093	9898464510699661877	0.0238909241284
