11168088808696130369	10592273393333700801	0.0629940788349
13454434493194804296	9910584221301166801	0.013676832331
2945860245682840154	9888824886007176801	0.114707866935
7241921507594204033	9898941054491265801	0.111111111111
8693324805233439793	9898289005554704801	0.0857492925713
8469153428352183438	9893655328484208801	0.0128649955265
2833700585239326169	9908011454208012801	0.0175953835769
6804605006956877350	9907279673391873801	0.0133297791994
7550523183630194589	9898382902073927801	0.0377964473009
12678580149930872154	9896499649039152801	0.0367607311047
1367515659484853801	9903228814784237240	0.0162650012158
1367515659484853801	9893984207048541786	0.0816496580928
1367515659484853801	9895851555607153066	0.0194846278213
1367515659484853801	9889755966200764269	0.0101681479348
1367515659484853801	9900854801646456667	0.0147795804491
1367515659484853801	9900950587973183960	0.0710669054519
4938304278322323957	9891184764476709801	0.0143178926529
3374910518231184801	9905146131103221885	0.0214768389794
3374910518231184801	9899337514342299127	0.0470360434192
3374910518231184801	9901583374239049533	0.106600358178
3374910518231184801	9900087351270101197	0.0175465601586
3374910518231184801	9894763593091943136	0.288675134595
3374910518231184801	9887093997044848310	0.0410997468263
3374910518231184801	9886906371332001225	0.0171397792548
3374910518231184801	9892905938104602880	0.0334076552391
3374910518231184801	9900783174551809777	0.0472455591262
3374910518231184801	9904130435890274564	0.0203447114693
3374910518231184801	9888001081124973371	0.0898026510134
3374910518231184801	9905153617291683765	0.0118578001363
3374910518231184801	9894371883554425995	0.0151515151515
5062468862463406930	9902159260625380801	0.0727392967453
4657153613636541417	9895519786577164801	0.0186728421743
6928638792171209801	9896803913049175671	0.0124495261178
6928638792171209801	9891643050363452306	0.0174714139454
1464243420571022222	9904017899166196801	0.0178685422473
5829337848227623588	9901909345148485801	0.0109448239391
9443531314891474044	9896937834551355801	0.0154156603995
2713033351015348269	9898475531644691801	0.0701862406344
7668881301632046930	9899762286538159801	0.0601929265429
18408603776099223364	9895331486705083801	0.0154468941156
7216652452888075430	9904392059464277801	0.0224563228222
10322624389663134531	9887612773318412801	0.0203111115926
1463856813200808315	9905216817897614801	0.0235506087028
486809077664739801	9901745973090643456	0.0180893651323
486809077664739801	9905263594257388536	0.0137412427482
17369048697399646855	9882572298353335801	0.0275449694396
17599939820930383473	9886502202079987801	0.0405220449237
16805511737307533824	9906226869551538801	0.0350070021007
5053346716745800173	9897699486823454801	0.0138197498206
6722407063894983547	9903025284942763801	0.0112112132333
