504731122624412424	9907065122693698457	0.0244924483055
3236861086294950661	9889536944451672457	0.0239387949275
1966190900684353406	9898017335916468457	0.0190692517849
13257798383305994873	9882450965551410457	0.0350070021007
4614830459529008768	9908759358285029457	0.0554700196225
5944851738394189531	9902676224376997457	0.0456435464588
5172193064760592575	9892334385536479457	0.0595491334175
4108295090395042337	9900617539091771457	0.0721687836487
14891845934407345990	9896240082550327457	0.0386333704643
4203516801350092457	9888650089506242971	0.0100281181515
4203516801350092457	9885555986381511290	0.0731272424127
4337481373129414487	9905913135023839457	0.0467780269725
4357217741160815887	9895245840795570457	0.258198889747
1243165389788054889	9891864842412036457	0.0144277464206
10613148564270092550	9896007011984888457	0.0386045718241
4896115033312980586	9905964580210084457	0.0118478090096
4005309491813580524	9906252523343477457	0.0936585811582
11075289377616071446	9894014129938692457	0.408248290464
1256369047777370430	9899083591614203457	0.0154820280556
11564339004748672457	9900384726223900395	0.0184805317739
6154617502394458320	9895922542828356457	0.105409255339
7493216461789727450	9904306048520512457	0.0278964176326
4987220088797186684	9898408048968033457	0.0512989176043
6749242651258562062	9893795507571070457	0.093250480824
5939435342491241519	9894470581965052457	0.0219581437546
3044283111403317201	9903314757233490457	0.0152463117915
12779112424329158281	9901593514698723457	0.014282799726
5613041858011105353	9884458051016350457	0.0317340407988
5188354048313886045	9891655213650465457	0.0117557602643
3371180313193624457	9885570541966032451	0.0833333333333
3371180313193624457	9909938060631350416	0.0121285649955
5701622533343983452	9905928296334270457	0.0126622862733
5296673884192420695	9891037142194893457	0.0144337567297
13052537878819480305	9904670905889062457	0.0610847221782
6259101795802524904	9905294797268369457	0.0170996392014
13702700173972528526	9881164047231974457	0.0119865825371
13950634805614231788	9903618660392318457	0.0266311820646
7104720321371855109	9893226231050253457	0.0131103154524
3450160333183088780	9890536220089833457	0.0427178828858
4099285778839326066	9886279323377275457	0.0202818478579
13189256944803702280	9896142681532408457	0.0292352673102
8736391945030522825	9900623835509551457	0.0518475847365
8736391945030522825	9903853242983448457	0.0163890387431
6962617743609202080	9893930502715152457	0.288675134595
11484459699336546091	9887195023249441457	0.0568880123989
2238134834198639491	9884903095541708457	0.156173761889
18338245249225784650	9899893811409809457	0.0250313087161
11378855004197395870	9892682801787668457	0.0359675000633
9010277872918542974	9882139082130106457	0.0171071439809
3024153500774535941	9893841532485806457	0.0110559687801
