17168129788756745730	9890559709252729396	0.0268607654675
5885497785602899460	9893358133789848396	0.0101807870297
2584614214447526233	9898244698565314396	0.0122757154035
4703683802840649186	9898616879018874396	0.0225761820493
17907931935111972396	9891568687252524994	0.0287479787288
17907931935111972396	9909428557208367030	0.0548821299948
17907931935111972396	9897347527106433320	0.0990147542977
17907931935111972396	9907418611413604413	0.0337483653531
17907931935111972396	9894025838076806770	0.0287242494811
17907931935111972396	9887242405332957873	0.0962250448649
17907931935111972396	9904937571913048717	0.0384615384615
17907931935111972396	9900898107884498988	0.0115209208257
17907931935111972396	9910720457618352383	0.0242821465589
17907931935111972396	9885016461195597562	0.016699168903
17907931935111972396	9895362028115272885	0.0380693493813
17907931935111972396	9892169291149819730	0.0870388279778
17907931935111972396	9904465765352839191	0.0127890204791
17907931935111972396	9888341775309811454	0.144337567297
17907931935111972396	9900809047442303127	0.0203869467472
17907931935111972396	9881488738147120121	0.050251890763
7287874796724276396	9911242519596006299	0.0167694617726
7287874796724276396	9902139430738567801	0.109108945118
7287874796724276396	9905094166411803980	0.0980580675691
7287874796724276396	9901506163612448215	0.0102901572327
7287874796724276396	9893886535094006881	0.0253510063282
7287874796724276396	9891484901034484513	0.0555555555556
7287874796724276396	9899285626754198224	0.0174024929116
7287874796724276396	9885066974350628958	0.0737209780774
7287874796724276396	9885066858385004189	0.0737209780774
4064755804967878396	9888785071698252956	0.0132129105645
4678966274574912396	9894825633969920199	0.0540738070436
4678966274574912396	9905729645501203633	0.0287598654272
4678966274574912396	9888829997051075528	0.060858061945
4678966274574912396	9903215178302200541	0.140028008403
4678966274574912396	9895166070306468316	0.218217890236
4678966274574912396	9891166897370942882	0.0491473187183
4678966274574912396	9909606446142425696	0.0133191338263
4678966274574912396	9901080884468865698	0.010493809167
4678966274574912396	9902957519006101350	0.0167647479393
4678966274574912396	9886711276849749903	0.0224055357474
4678966274574912396	9892934048752041125	0.0143843950667
14095956050146438604	9899160853703462396	0.0148054754851
5952249841350591199	9889071438573613396	0.1
2590046433165250689	10600411978368691396	0.0690065559342
11149062855442514396	9895431671037668066	0.0461265604014
11149062855442514396	9888844728749882483	0.02183218778
11149062855442514396	9902891689989571972	0.0276712266456
7750179071451381392	9888152581866863396	0.0171549048167
13358860973042697396	9907296372284334135	0.204124145232
13358860973042697396	9887003617983942024	0.0231558422324
