3171774082168179521	9906279710490737491	0.0302475302009
3171774082168179521	9904709646663486196	0.0585205735981
6425806746311331521	9892860055016316611	0.0117444043903
6425806746311331521	9903997476505819987	0.0123138143053
5221917409715001952	9901070396183242521	0.0104530251251
15028426598628833521	9897994619889510688	0.0329332460969
15028426598628833521	9889447428699613302	0.0242393082782
15028426598628833521	9881840968524354701	0.0117073226448
15028426598628833521	9901448495045844720	0.0108350565453
15028426598628833521	9904086859001384902	0.0224733287488
15028426598628833521	9884992052895668325	0.017902871851
15028426598628833521	9887626238030699173	0.0265372446217
6895139499671732297	9891100007529390521	0.0132943934741
360408972846084521	9897165252987535112	0.0271863623914
360408972846084521	9887676115454499892	0.0119013889731
4909624589351625521	9905379588396664391	0.0271163072273
4909624589351625521	9897395630689327162	0.0337099931232
4909624589351625521	9889447055032331411	0.0123702137499
4909624589351625521	9893434141866058621	0.0638876565
4909624589351625521	9887224607020499238	0.0277350098113
4909624589351625521	9903537077569093881	0.0278423023195
4909624589351625521	9897986832968573077	0.0134291716437
4909624589351625521	9896255527385650950	0.0204337107361
4909624589351625521	9898662439939654507	0.0912870929175
4909624589351625521	9884052335532646276	0.0516397779494
4909624589351625521	9888963969995291320	0.0975900072949
4909624589351625521	9890470481267340293	0.0277885007188
4909624589351625521	9910392171821401087	0.0130968158963
4909624589351625521	9905049786537749603	0.07453559925
4909624589351625521	9898699368037136770	0.0246182981959
4909624589351625521	9890602615873005461	0.0103528322753
4909624589351625521	9906582467024975626	0.0325300024316
4909624589351625521	9907203326129916571	0.0376621788577
4909624589351625521	9890869681233968275	0.0237356331639
4909624589351625521	9909262067099904709	0.069843029577
4909624589351625521	9892486066444615829	0.0331496772066
4909624589351625521	9896273896944875192	0.0113409595425
4909624589351625521	9884038157856795886	0.0105030660299
4743257239306865673	9894126421857196521	0.0197565194923
15801497596505374267	9885675201848509521	0.020203050891
3347956295981366682	9883794852224732521	0.010494387004
5676697224101612426	9886917181788568521	0.0139441401083
5680824133977362345	9893199417651989521	0.119522860933
2625776593050501228	9890690177331863521	0.0653720450461
5140127828036796668	9905829142787368521	0.0113753938798
14254744224425658720	9905663945334028521	0.0211666878334
15456679449197492161	10606648318240152521	0.0257172249937
9762393746194665092	9895043736762727521	0.0183803655523
2844910191882018004	9888761595417859521	0.0119267560832
4696455751688682706	9892421440112958521	0.050379272186
