16719519513215859907	9904852132146879375	0.0194994393992
15625598755430354869	9897646864816659375	0.144337567297
865140691764812170	9890879911983402375	0.0148872833544
2911492971232695747	9893018917281329375	0.19245008973
5034059903702362375	9904979194394011704	0.0236956180191
5034059903702362375	9898882015848311803	0.0105508949781
5034059903702362375	9888887377864819497	0.0232747032058
5034059903702362375	10589725708977346689	0.0100145316139
5034059903702362375	9897551297485875098	0.0227980376294
4356175459898413158	9895507691991839375	0.0167859915566
1438232961049572910	9888886643398964375	0.174077655956
9307230357172928375	9891118428681023039	0.0226339365106
3624734508407578773	9898120599689042375	0.0129738903703
13973051122874365328	9886487646398416375	0.0270963907302
3772846505794678243	9903941891125659375	0.0122868296796
6660448845689072930	9889195344138169375	0.0289157465983
4052318328407240754	9902146105015943375	0.0105661972268
6024032905102473375	9889251900307384970	0.0305708920258
6024032905102473375	9899569678797255884	0.0493864798325
6024032905102473375	9883456696519880172	0.0138013111868
6024032905102473375	9903121135745972654	0.4472135955
6024032905102473375	9892169845285335615	0.0152961713886
6024032905102473375	9899919800247786702	0.0274307391024
6024032905102473375	9900113971472390453	0.0120648417963
6024032905102473375	9901385462099034846	0.0107094375128
6024032905102473375	9885512770415274218	0.0717958158618
5277982160354905009	9906227049952638375	0.0214867521297
11103226001270949353	9886586589639219375	0.112508790093
7241699980707540158	9888080671293109375	0.0431934212791
3636833983475726375	9894818491518080483	0.0109265149844
3636833983475726375	9903295326690545856	0.0944911182523
3636833983475726375	9905778556478893377	0.0119883051185
18257729147105033215	9892189610657340375	0.0949157995752
12928626635229610580	9887632061979529375	0.0144337567297
8385276681525624834	9902759890305249375	0.0753778361444
4562339083028445875	9902180576557299375	0.100503781526
13387714130422604375	9899278810787958607	0.0101118489285
2764230162627552338	9896699523885444375	0.0195254411396
2935710185371864076	9903404839839260375	0.0690065559342
14193781720321453375	9899745652211094593	0.0112253313767
14193781720321453375	9887089702037161444	0.0142915487619
14193781720321453375	9898304334167789843	0.0272772362795
7187940000130971404	9892452522705775375	0.0219264504827
14936377314249165042	9886385937360509375	0.0324272217563
2967398862421271463	9902242617326101375	0.0111372662747
4197917425960641541	9899683508201375375	0.0419960525566
1872367339940968220	9906770998869269375	0.0164979667509
2778063763297765834	9890363287506253375	0.176776695297
7625326549786773991	9887794656442684375	0.0737209780774
3434713146142894633	9906536699913051375	0.124034734589
