11284068060188887846	9897040720393874222	0.0395284707521
2728966132275352584	9890892796829070222	0.0827605888602
2759977249133627705	9901600489638773222	0.0183308893777
4233076929740550222	9897680146608769764	0.106600358178
4233076929740550222	9905563748130587449	0.0721687836487
7161935162722396992	9895901420272835222	0.0174156836154
13077666364175742358	9904815345768823222	0.0362261778001
7373356049303131222	9898077366642545649	0.0152587309689
7373356049303131222	9887754584422169602	0.0208378559283
7373356049303131222	9900183463919655576	0.125
7373356049303131222	9888867638175097836	0.0243324127745
7373356049303131222	9902229603658088028	0.0114738065137
7373356049303131222	9891354346935849614	0.0122655537681
7373356049303131222	9899355931099181348	0.0264350528573
7373356049303131222	9883721197813242879	0.0521995750972
6340277123696934736	9888427382571327222	0.0250784931288
7913014880290819348	9886490725843569222	0.0139699689057
14947837722136236651	9898903490773603222	0.0469323254464
2493945276978093607	9901901781505977222	0.060858061945
3416033115184526222	9895338057970584433	0.0219264504827
3416033115184526222	9904421836449704186	0.0417028828114
3416033115184526222	9898848953235683640	0.023186944788
3416033115184526222	9899978164612562863	0.0254000254
3416033115184526222	9900061469625200125	0.0102490007711
3416033115184526222	9887494515536292946	0.0406557814091
3416033115184526222	9905408021165478210	0.0129586308116
3416033115184526222	9893155823659630705	0.0346064270103
3416033115184526222	9898262110383084621	0.258198889747
12047247656190204360	9882942979726753222	0.0170054255963
8353203603070154200	9886745207089211222	0.025213645283
5408852854860485510	9903497198705542222	0.0168645814339
7125027006335015273	9889948952054120222	0.0912870929175
8307309127389879478	9887066663834259222	0.0150824244352
4235795652313600843	9895984570848420222	0.0103930115942
7618088460222118159	9886566656652690222	0.0563436169819
14190979689461832053	9882231737548155222	0.0140028008403
621369523223247655	9886736552566011222	0.0668153104781
4495679373162798635	9889070334860856222	0.0208877996572
4584155776454229864	9907457459252221222	0.0468292905791
4570240585490006222	9896911188547746700	0.0123016957826
4570240585490006222	9884890962291075544	0.19245008973
17818408925383996135	9886457083398208222	0.0158590369924
6524952613204273959	9892427740884143222	0.0291978581237
3574628842312720937	9905709480582566222	0.0111775458502
9628301860783547896	9892064670094892222	0.0136436948636
4626334726470959847	9885410773547899222	0.0124805144075
5216006915829223602	9884992546834828222	0.0405553552827
1277287235636607222	9884360173016736879	0.0258026929096
1277287235636607222	9895710440236745306	0.0154931728882
1892258194818774186	9901242126144776222	0.0161669284832
