11492600073877982070	9889786443255079606	0.5
10704974674367572606	9889916984605895209	0.01014562013
2358162215043546855	9904650041032341606	0.377964473009
2479310055410813831	9907682910718870606	0.0132163720091
10526529702641616606	9884188777952837082	0.0104279879032
6959475537274214606	9906299540442314590	0.0169882397146
6959475537274214606	9888821471605270698	0.0131351734373
6959475537274214606	9891824654375688157	0.0506369683542
4599805360356795993	9901156286997413606	0.137360563949
13727671925215689731	9894791652233729606	0.0225417408667
6561054033977056119	9907935111247040606	0.0762492851663
5956855733981745223	9893932688745268606	0.0288434872269
6897835399230085528	9896354693866786606	0.0675737378399
15187654342443708070	9885551717128539606	0.25
3412969327003039606	9903882543196494896	0.0208695967782
3412969327003039606	9890453563523617855	0.0118578001363
3412969327003039606	9908288780273143364	0.0248145833493
3412969327003039606	9898973975380469425	0.0150346194831
3412969327003039606	9898818334374684442	0.0334076552391
3412969327003039606	9888791604417666770	0.0252538136138
3412969327003039606	9899693326526077203	0.026207120918
3412969327003039606	9905584509945395150	0.0668153104781
3412969327003039606	9886245006600509869	0.0181848241863
3412969327003039606	9890955584952134394	0.0160872363022
3412969327003039606	9906366597761552039	0.0100442925461
3412969327003039606	9904095006667494892	0.0345032779671
3412969327003039606	9888762033569226252	0.0117201807735
3412969327003039606	9882422738917096845	0.019090088708
3412969327003039606	9883883526131732973	0.0123016957826
3412969327003039606	9901956585360215260	0.0243975018237
3412969327003039606	10603293996101492145	0.0225876975726
3412969327003039606	9890944564039156353	0.0103717476706
3412969327003039606	9882874767216322419	0.0472455591262
5072959775350888445	9896523009393050606	0.0146789237925
9377550357956772132	9891410293064651606	0.017989569074
5192427900799750976	9891327791098076606	0.0144639213535
8835084596979667428	9889874597444955606	0.0504433272305
5750303468525268014	9883155108178170606	0.0103252025696
2493346337145297229	9901259056901834606	0.141421356237
11311353620584430156	9896202415797693606	0.0155530211956
6308794740330477311	9899802513223951606	0.021412736229
11990419827420661842	9888006553021403606	0.0471404520791
13897738576966279606	9911490425123878258	0.105409255339
13897738576966279606	9883897781186920868	0.0216371161204
13897738576966279606	9900888689019759861	0.0227155425212
13897738576966279606	9906852298424727535	0.0592348877759
13897738576966279606	9893331217291725144	0.0213540710879
13897738576966279606	9895736184319035068	0.0190037155896
5915351660728483494	9907574445609180606	0.0268607654675
11495510942146515620	9888841005078952606	0.0459315212175
