12762321657740701860	9887006877860664344	0.111803398875
8927790649477474859	9901010837917824344	0.0187120297141
5065808100481309054	9889291572920183344	0.0516397779494
9256624121977176732	9897357538684047344	0.0108280672104
6201791242749648344	9899947923718709242	0.0385185607886
6201791242749648344	9883053034092240875	0.046175709654
10882547769048479774	9901897512439276344	0.316227766017
4296237206739820947	9894764774218654344	0.0132662869025
5287707293653178257	9906685533452597344	0.0678844233302
11462121429462249423	9887837966994814344	0.0422577127364
674462637455280424	9897599353978490344	0.0149403576167
17274804358419424730	9886228823067937344	0.0122979741986
1817991329405558509	9884324121000198344	0.018827751471
11329905008067739066	9894038344923599344	0.0953462589246
4197318120252396545	9905436492471887344	0.0870388279778
5831603157025007620	9898460529289540344	0.0263340326575
7187686072825288419	9908371823515292344	0.144337567297
5279610441353327046	9895143392847997344	0.154303349962
13907095661206168847	9903093858444260344	0.0542326144547
6158982997373146920	9903356366802877344	0.0340799088295
10233647093330436779	9898025431879516344	0.0337099931232
13935085280943080344	9886166034989957200	0.0905357460425
4301071325567538344	9909285504718183329	0.0273587827582
4301071325567538344	9898240171661251615	0.242535625036
4301071325567538344	9903716143274958150	0.0108344205919
4301071325567538344	9907208295410427940	0.0217700172092
4301071325567538344	9890785160636653551	0.0148201013906
4301071325567538344	9883370947523731816	0.0132499735001
4301071325567538344	9893428296431372931	0.0139171060772
4301071325567538344	9889426877157606919	0.0121770256036
4301071325567538344	9903811646155284404	0.0298009977541
4301071325567538344	9910279179788166530	0.0389840587793
4301071325567538344	9904220196378980464	0.0245885119802
4301071325567538344	9898659631037184960	0.0785674201318
4301071325567538344	9894239400924277064	0.0123175502927
7447413675394173571	9902760860938393344	0.0351364184463
2317849330924081797	9888877482217060344	0.0360843918244
7844335833971489255	9889900002102162344	0.0480569331332
7498004563330581027	9898425031383458344	0.0182089260182
2013857075446856211	9902720295013471344	0.047404546314
1850699072824057669	9887540643521729344	0.0350070021007
5004590692367125623	9885351902497795344	0.0125748863707
5949222594120846868	9901937197821118344	0.0557278212575
13256079559319843787	9907715930438457344	0.0226455406829
11272326886789843720	9897266249169411344	0.0111317445757
12604735358558816489	9889453639231456344	0.042182454061
9832929505544159663	9885799369313294344	0.0130432316993
13943574798305894344	9880331145658253054	0.0538381902058
13943574798305894344	9901834513911092477	0.010976425999
13943574798305894344	9897689226073422392	0.0716114874039
