5339731123097966976	9888664163961844188	0.182574185835
6357767193402530548	9904713164158356188	0.014747401921
354699903897536764	9910190299806833188	0.0348790053208
354699903897536764	9894636530787301188	0.077151674981
3158260994005155676	9894127508494893188	0.0167412382546
15031073712005984507	9892993005739055188	0.0112787534147
10123674257540393114	9901043024282916188	0.0421075960533
4723058655536646691	9900014139235842188	0.0309789105404
14482720059132076467	9890162618032172188	0.0234274928325
3558451177989951659	9885613173836000188	0.0117892072054
12100995994051609054	9903650237009733188	0.0239525252383
3684182569729113933	9901570828604560188	0.0212142641753
4642830716996613322	9885288066402161188	0.0103197031271
9235478603579773188	9901222034362170477	0.0714285714286
9235478603579773188	9895474577795318189	0.077151674981
9235478603579773188	9893649504528283457	0.0110263569284
9235478603579773188	9882870721219396281	0.0191144849975
9235478603579773188	9903928400571587366	0.0299745324665
9235478603579773188	9894756635234649613	0.018827751471
9235478603579773188	9881079217408718077	0.0102377153934
9235478603579773188	9891989722808049091	0.0104110198583
9235478603579773188	9886311522615738270	0.0309640561111
9235478603579773188	9885318689385481026	0.218217890236
9235478603579773188	9893738796901728856	0.0198107212938
9235478603579773188	9893785547496912097	0.0190415750624
9235478603579773188	9892147597300779878	0.0381801774161
9235478603579773188	9886306617793533249	0.0468807230938
17679403021451991534	9887133008188577188	0.0188712839024
7681791441841588418	9906802923484490188	0.0120081683326
15256488186232855006	9901352566989851188	0.0719815750749
12219815399323010389	9887030379990513188	0.0635000635001
7767442262524276779	9892217308874586188	0.01327329683
10050877361689272680	9904240232404197188	0.0169515875905
13175918061904085483	9900246277841057188	0.0154857403271
5920147202637705929	9907001432536727188	0.0524142418361
3614328255064684557	9900369345749517188	0.0785674201318
10977318393017351596	9884296100651026188	0.0102983389604
844165356003193460	9888722051585392188	0.0118163362701
13442756554990679006	9885573372426372188	0.037529331252
10660994938683589188	9894013584570464670	0.0112794708699
10660994938683589188	9895272422366627632	0.0300150112594
10660994938683589188	9898510883459884404	0.0333333333333
10660994938683589188	9894856124013016659	0.0198614530575
10660994938683589188	9887931150629913207	0.07453559925
10660994938683589188	9897620266156692792	0.0114670152692
10660994938683589188	9888317714829998600	0.0247309683415
10660994938683589188	9884695833201654414	0.115470053838
10660994938683589188	9885220884443684365	0.0563436169819
10660994938683589188	9887159529493355571	0.0408248290464
10660994938683589188	9884460795508556687	0.0269190951029
