11296019233760242361	9885810944208507662	0.0147042924419
18029385802198868143	9885155532247273662	0.0172516389836
3591190102728376816	9902511014189891662	0.0368105086916
7667406290395466240	9892813566273790662	0.0125629726907
4060137674856640136	9900162830877357662	0.0165839531702
12560810172095049662	9897703820395548795	0.117851130198
12560810172095049662	9901511802762393827	0.0166945140824
12560810172095049662	9898553755782441470	0.0429141075423
12560810172095049662	9895931278782155945	0.0379049021789
12560810172095049662	9886065670139186002	0.021790681682
12560810172095049662	9889707978524893021	0.0901669634667
13108024193624621868	9902970803368267662	0.0103522775057
7564957400174592604	9899872740286404662	0.154303349962
13958218141415559019	9880989534136275662	0.0172825282455
5846365046090984235	9904004370036220662	0.0126897831271
3662572282905424351	9896126510806939662	0.0173135840266
4536575962022578280	9909908618649189662	0.0170473808498
14156635249943281842	9893360826736898662	0.133630620956
4885836545434301200	9887076830056651662	0.0615457454897
14311524537708344662	9883297615254259258	0.0295785503139
14311524537708344662	9902099912738155088	0.0363696483727
14311524537708344662	9900007786890495481	0.0924500327042
6629472381338535608	9902004216591636662	0.0100250941423
8229547006823451477	9888087775124035662	0.0130067717875
7578092898519400117	9890424404844989662	0.0727392967453
2952724995251809373	9895854931513539662	0.0675737378399
2196991053417970256	9901592363542471662	0.0640184399664
6031487258916338771	9889735023880776662	0.0453609211627
13881082442720044899	9908362859848285662	0.0247309683415
1974685203805591662	9899960211571996877	0.0114227915596
1974685203805591662	9890670162960474224	0.0836242010007
881029397704324080	9893098700627194662	0.0325472277452
3796105575495660514	9883804747861032662	0.0184146137435
1345755184902621933	9898083577125667662	0.0209381042284
10216116438717338974	9893710145009795662	0.0174183253573
5026353653587133414	9884578872766968662	0.0384615384615
14262823960627095158	9908461725714891662	0.0172722133963
5167279115534635566	9897353179304245662	0.0369610635477
8615699479699441794	9892613171639362662	0.0225017580185
6469373769659044278	9892110239641751662	0.107832773203
2362049103596373332	9886642497228915662	0.0280386077046
11846068634194075583	9893499880645453662	0.011448964073
7327685070774135643	9888805365526798662	0.0155530211956
5524646348443075573	9900862326526894662	0.0143120258661
4246462689717799662	9886390906564757104	0.0165748386033
4246462689717799662	9886943016013221718	0.0769230769231
5156006461885769207	9882253053386284662	0.0126714320212
4292835468804290923	9898387274338741662	0.0524142418361
11295424952595546300	9890635575590593662	0.016689863152
11536714707097786662	9905321687956404766	0.0191389750588
