13119617221246817447	9899266106283251232	0.110431526075
4992211086855931845	9893145232212102232	0.015541746804
8813731875467995085	9884111618930085232	0.0147457985068
5957448992943817161	9879475833015798232	0.0356009427254
4968183023300675963	9896176388373484232	0.0213686921585
9007908197831938741	9898940654994133232	0.0367111549107
3641244715083662327	9890484049047232232	0.0833333333333
6330104781397017968	9885523284632168232	0.0225992307353
2661676059624343186	9882785423272702232	0.0147409914004
14098522873022579800	9906219267478981232	0.0130677093372
2549557711627563600	9893579397728438232	0.060858061945
6520055503791953232	9904507624214794171	0.0197642353761
6520055503791953232	9901437396819292991	0.0395284707521
6665008503809046232	9893573251690974302	0.0396214425875
6665008503809046232	9907345695596794251	0.0269288537021
6665008503809046232	9900801183409891032	0.065795169496
6665008503809046232	9898653819956180312	0.0172696375685
6665008503809046232	9907856178386666715	0.0379868588199
6665008503809046232	9890080077428848399	0.0284901441149
6665008503809046232	9887517618162781096	0.0242964765375
6665008503809046232	9889674903022862112	0.013576884666
6665008503809046232	9906620146821054099	0.0353996162702
6665008503809046232	9905788864439488609	0.0212285997536
6665008503809046232	9884427745688839548	0.0427960492511
6665008503809046232	9901392084963957230	0.0246556836361
6665008503809046232	9900398178018475444	0.0439374775164
2711829144818507232	9892381574212037943	0.0115193919396
2711829144818507232	9884451290759894557	0.0118644749469
685882972839111672	9903024241172091232	0.0132129105645
18278481891525568696	9889184701160451232	0.0162221421131
11303394411922140418	9899862131667928232	0.0243612768567
8487301845939476634	9882831564053321232	0.0221403721385
5061834744031267616	9887780779508787232	0.0629940788349
5506839249877495236	9897841100482678232	0.301511344578
14169619430344718158	9900666226963814232	0.0522708373489
6072397753947828477	9899815707443478232	0.0441941738242
11346064693880947075	9886980347905264232	0.0404226041727
9871167397805638934	9891212973701324232	0.0138675049056
11629973333917374063	10196458908703912232	0.0188578571601
1340218178511857911	9901391788479510232	0.0207972582702
7252625961126478465	9891175422884754232	0.0519174131651
4744655674382266489	9889517501114647232	0.0205846742398
14526267801934368908	9883873669233021232	0.0141990458562
6271391757991047722	9885291871695247232	0.0306569669742
6165423447149738532	9882719452541663232	0.0130799999477
13517794345278930048	9898590142789170232	0.0310086836473
4941959087711252605	9890409698976356232	0.0204379779828
8006158439910014866	9885078983001429232	0.0581238193719
12257456459802262671	9902887678388535232	0.0193347297809
7880849925315600111	9902073666183740232	0.0115531687178
