6301779401231939161	9890454413774865443	0.0450834817334
9266740996812999238	9901657363573408443	0.152498570333
6065221605850243891	9896381674912328443	0.0962250448649
5975197210914848047	9883043761210868443	0.0310086836473
8393758178179304935	9900199776164314443	0.258198889747
4688040760509213817	9887059538519221443	0.022360679775
5281005830501897535	9905745476769589443	0.02119519517
3434813332983022443	9889838352348222149	0.1
3434813332983022443	9885330805533760002	0.024961028815
12299373666152783133	9894711697032014443	0.377964473009
7453452334908194156	9901956551066571443	0.0144277464206
3514524129116838443	9903699766587550248	0.0435194139889
9472214434721051000	9904137771630143443	0.0573539334676
4677258143888629423	9896341744576182443	0.0282166323992
4486404153198701344	9902725483365891443	0.1490711985
1725649943339774440	9908554123443865443	0.0690065559342
1407562058800226443	9900398049143314266	0.0276289481998
1407562058800226443	9901738873474097301	0.0360374985078
1407562058800226443	9901216034313423732	0.0114482137887
1407562058800226443	9896427119973528550	0.057735026919
1407562058800226443	9895534028764746752	0.0107026883178
6330283262993901855	9886176278502648443	0.0944911182523
6422964661405508045	9888731650892692443	0.0123541552777
4625046996900026206	9882629331275188443	0.0415227399269
14214723453186657463	9891756029367374443	0.0115470053838
7664868772411494641	9896236371774388443	0.0766964988847
6121880781205617892	9899921870424434443	0.029310519088
7000908506827930511	9889820231897101443	0.0650944554904
17690456101956116276	9888470211947928443	0.0516397779494
3797092046840403692	9898921533965745443	0.0219740420145
1074242200877876974	9910677602429124443	0.0465242105199
10302792991685373024	9890073325669769443	0.0349428278907
6051807548142785651	9899635688117837443	0.0364178520365
14554341094011995286	9903497727023859443	0.0555555555556
18351333612440972022	9897074186798536443	0.166666666667
5451803119802405304	9884248924850460443	0.013148792076
6521383390877869443	9906421070914576666	0.0273895517832
7322603635731819443	9883572145304636907	0.0808452083454
7322603635731819443	9887656143846972935	0.57735026919
7322603635731819443	9883364221640555129	0.4472135955
3997830749193096200	9897405126941528443	0.57735026919
3640304492314310646	9887702593939117443	0.377964473009
1098738394102424707	9887553966622468443	0.0842151921067
12135823809693988371	9901723566331725443	0.0172439425125
3566378919064742809	9895213074489565443	0.113227703414
2571033811822877831	9902249008234843443	0.054554472559
2875807396248170328	9900991291554816443	0.0165407923395
3173164333893831503	9893854597745976443	0.0381246425832
4986322738541676434	9893178591368049443	0.0145064713296
10293098895229358108	9894671779687607443	0.0391930900835
