13741298031080720175	9890050686895903193	0.027066598098
10276858687019860237	9893064061805795193	0.0279072786093
4923423734736268193	9903558110015646610	0.0104438998286
4923423734736268193	9885374425279763739	0.0690065559342
4923423734736268193	9885748800383562103	0.166666666667
4923423734736268193	9908425673750723207	0.0210351580956
4923423734736268193	9903015183178021778	0.0493864798325
4923423734736268193	9891222109247474282	0.0606339062591
4923423734736268193	9891649647423338158	0.0392837100659
4923423734736268193	9910061180116711792	0.144337567297
4923423734736268193	9903325610550502750	0.123091490979
4923423734736268193	9905815909899070566	0.288675134595
4923423734736268193	9904788527916945233	0.0729324957489
4923423734736268193	9895576987000377379	0.116247638744
4923423734736268193	9904725984649793311	0.0329332460969
4923423734736268193	9889059872218283466	0.138675049056
1590655307117069883	9904228103338129193	0.0629940788349
6861337752960049895	9897136524029532193	0.0134534558799
12335915771864902444	9895095856196087193	0.023087854827
10912035585710131428	9896888936307027193	0.0217597069945
3436212076594607892	9905537905255541193	0.0404226041727
11326223170079422407	9904918115700253193	0.0936585811582
12186527454044717732	9898699561282954193	0.0224733287488
13846997639527922403	9887043316400660193	0.0172825282455
2391658766928241247	9891155489894611193	0.01315106597
4140532850136744255	9906568431113197193	0.0739221270955
2781005128946588312	9903382561841657193	0.0573539334676
1472277444533274247	9899958592302749193	0.1
9379316468611220193	9886715455769636123	0.353553390593
7373056788127527042	9902750419970165193	0.0224733287488
2639623845463756193	9899004396629544803	0.03194382825
2639623845463756193	9887950941767477437	0.0805822964025
2639623845463756193	9893659284021438990	0.0459800489872
2639623845463756193	9893689086846385495	0.019744962592
2639623845463756193	9902468077347304523	0.0104302565833
2639623845463756193	9897318471617842908	0.0783260449988
2639623845463756193	9886947865089191537	0.0196798544011
2639623845463756193	9901143273265440419	0.0590281336101
2639623845463756193	9892715245900705537	0.0595491334175
2639623845463756193	9895225882007691526	0.242535625036
2639623845463756193	9907034598268049950	0.0270765180537
2639623845463756193	9880785411578754326	0.047404546314
2639623845463756193	9892749236376832890	0.104257207029
2639623845463756193	9897259329920961872	0.0520579206295
2639623845463756193	9891818972215854314	0.101534616513
2639623845463756193	9887970642779091556	0.0890870806375
2639623845463756193	9895746170059877106	0.154303349962
2639623845463756193	9898619662123649277	0.2
2639623845463756193	9885308493145541667	0.103695169473
4863101905196141992	9905114382858077193	0.0105216534857
