6373816199114489845	9891672286172352559	0.0198497111392
15918598475938302269	9899948722554891559	0.0100585095278
2641012830035168606	9890510347202380559	0.0143591631724
5848184598909382102	9896221962263253559	0.0187120297141
5381643524220248559	10598218401239836607	0.0451753951453
5381643524220248559	9888794293000731428	0.0567961834247
5381643524220248559	9909477468327652565	0.0126289205071
5381643524220248559	9898768173468096661	0.0193166852322
5381643524220248559	9901485075270211600	0.0228814380978
5381643524220248559	9900725883982604832	0.0493864798325
5381643524220248559	9895843446668884089	0.0418853908292
5381643524220248559	9901268784996274696	0.0160128153805
11750386211568649559	9895153430213971703	0.0816496580928
11750386211568649559	9903570526687179730	0.0645497224368
11750386211568649559	9888052307339414868	0.0110905919595
11750386211568649559	9892988362923638872	0.0690065559342
11750386211568649559	9884665381959302757	0.0129099444874
11750386211568649559	9880237944966091779	0.0300150112594
11750386211568649559	9898990068667572612	0.0778498944162
11750386211568649559	10585541096553326444	0.0263523138347
11750386211568649559	9900714605318375165	0.0106843460793
11750386211568649559	9902390724972933807	0.0124951200467
11750386211568649559	9890340829134228300	0.031083493608
11750386211568649559	9905785694863213283	0.0187317162316
11750386211568649559	9893703122790051545	0.0183959092046
11750386211568649559	9903278383128099400	0.0241825416703
11750386211568649559	9889762292733285217	0.019518001459
11750386211568649559	9901126638877002168	0.0235702260396
11750386211568649559	9884847746314060612	0.0975900072949
11750386211568649559	9887091127971585754	0.0224733287488
5905956270842022675	9885343806428210559	0.0839181358297
2816285816060639559	9895222119569438497	0.0196760445367
2816285816060639559	9896047668098671598	0.037267799625
2816285816060639559	9886021767035438377	0.0990147542977
17866780079245555021	9903883874646432559	0.0118904467129
11798934882321658356	9894725823266073559	0.0200481734941
1007193114236367846	9901269274734524559	0.0139373668335
3122025102492532559	9893645286732574479	0.0845154254729
3122025102492532559	9884955601404907693	0.0487950036474
3122025102492532559	9893614517628168018	0.1
2846566498834501559	9892235261904143183	0.0186598342716
6136700040168252345	9887372727613205559	0.014808721944
5591111716324908102	9887308066778170559	0.0289036656508
2204290401716114138	9892901321114306559	0.047619047619
8117763736114290559	9899010748963818185	0.0245440346837
8117763736114290559	9896392296231064574	0.0737209780774
18396707240420416	9892420898951709559	0.0171221832313
10119603742196047413	9902550892875733559	0.0248298773929
5016686101637866255	9896732225821049559	0.179605302027
8493512453852812805	9894205908792819559	0.0793051585718
