10834874056961128056	9897166983856432757	0.0158450949792
3295206837678212603	9896437015529493757	0.0135357783564
6963786583919152899	9885248071647974757	0.0337099931232
3452870332921356569	9880704490116669757	0.0222552173736
8625642179352140857	9903912723927146757	0.012503908082
660317235701409440	9893534107246356757	0.0116468192803
8943797976527665322	9898564334434544757	0.0187382922249
2288777065987447753	9899838578092199757	0.0980580675691
2172180165029606757	9900352063011590828	0.03318616558
4597172214101696098	9903999117175323757	0.0102286068655
6142320070332091383	9891726316824082757	0.0459315212175
6014259154635029757	9886734963530722485	0.0218217890236
6014259154635029757	9910821990741275581	0.0206724557649
6014259154635029757	9890633376548486506	0.0313112145543
5329197768635164116	9883749153758092757	0.0259762166733
7915766970364458065	9899020335243531757	0.0211335742105
11567951773284386000	9885379729483407757	0.0411693484796
4070679057134202668	9900500784690406757	0.03194382825
12577263929013767764	9893324761914865757	0.0195852664537
4606703377612777340	9887241215674379757	0.0595491334175
3779986280761338757	9896254883200294286	0.0207613699634
10842421178167997890	9895347644276701757	0.0492664639082
5721068592182976872	9906106868165354757	0.0181012153564
1853449860343891757	9897089567117496797	0.0132244593042
1853449860343891757	9902315893673864271	0.0171146586503
1853449860343891757	9904961773999733151	0.0362261778001
1853449860343891757	9888705713568879234	0.0170996392014
1853449860343891757	9900213047629706616	0.0147122471584
5040848217956993759	9891782340382510757	0.0413802944301
5254323987754681828	9902186138503453757	0.0115818030681
10117638282968347606	9906603576814444757	0.218217890236
7265855402366554914	9906937776817099757	0.0581238193719
14664615591882858138	9886192968642585757	0.051031036308
4068539739199492593	9904875144537869757	0.115470053838
12732664014203326195	9888416657953812757	0.235702260396
13274417987708714699	9896472289964323757	0.188982236505
8580587174289650757	9901425289299875599	0.0137724847198
8580587174289650757	9891324170320070038	0.0294372404705
8580587174289650757	9904496225304134162	0.0198418947533
2586024507095088636	9898517368819450757	0.0851256530759
10591252869664171693	9893824666108781757	0.188982236505
3760433727256983022	9894523809430087757	0.013870172503
3655772348733784668	9891341320375018757	0.0733235575107
4148197523144274981	9901402148129740757	0.179605302027
9188014811313847852	9891797359881771757	0.0343401409872
12849705730579298757	9910150472567056131	0.0157173653365
2811312179005461042	9888867818492586757	0.0131351734373
15175568446711243542	9885410464384979757	0.0120771537599
4320834087119581453	9893802568478619757	0.0833333333333
8712294600168863964	9891040234496947757	0.035805743702
