10579423597306708144	9891210929411469116	0.0329332460969
5074260153934788856	9897613634620848144	0.0518475847365
11977715569425379264	9884755374436043144	0.0105497206339
6418538867503155814	9880288123087180144	0.012509777084
10462140598044880503	9899155923146953144	0.0160375074775
14410652180953321882	9903302065510320144	0.0105146716313
10672517401647174538	9890235211674879144	0.0470360434192
6166614178479359436	9893647344051895144	0.121267812518
3486939156443470634	9900336218711188144	0.0453143254429
3284268840758698354	9895928869308538144	0.0197874373821
4980243274935954636	9906326057558807144	0.0529998940003
5748392467930171060	9902753035545565144	0.029514066805
2959594548226035144	9880934038938989155	0.0276394996411
3238972689656520850	9896202145257785144	0.042409446484
6322997993286114346	9899723026316816144	0.166666666667
10367576057809135366	9895169587898072144	0.0614295116834
13680057148635759144	9895844726551960017	0.0790569415042
13680057148635759144	9906160770034062266	0.0222497079745
13680057148635759144	9908750626749100308	0.0870388279778
13680057148635759144	9898937987912538743	0.0127806616413
13680057148635759144	9895804976696843866	0.0105234011235
13680057148635759144	9909127046182147721	0.0805822964025
13680057148635759144	9895848514867338906	0.129099444874
13680057148635759144	9904245446472762467	0.158113883008
13680057148635759144	9899623086663692603	0.0606339062591
13680057148635759144	9903388149537151227	0.235702260396
13680057148635759144	9905959134132624779	0.0733235575107
13680057148635759144	9888602982196436930	0.0485642931179
13680057148635759144	9897514300736243957	0.123091490979
13680057148635759144	9905676868926393357	0.0257684036015
13680057148635759144	9897645335889060440	0.0741249316661
13680057148635759144	9905793017665609688	0.0567961834247
13680057148635759144	9906393179274540679	0.0406222231851
13680057148635759144	9903438791472997908	0.0581238193719
13680057148635759144	9888612899270686873	0.353553390593
13680057148635759144	9893076298117112570	0.0615457454897
3075108090684576088	9900581173681563144	0.0114265195032
16867717294990612763	9892080475594671144	0.0863868425581
8973218335468140240	9906236778065563144	0.0944911182523
11610113220728654161	9905405328215101144	0.0305281255436
8467266256637005144	9893080150620719838	0.0622572806365
8467266256637005144	9897987790711747157	0.0263340326575
8467266256637005144	9901549950714305554	0.030303030303
8467266256637005144	9909839375202739578	0.5
9505050126372013987	9895513954052411144	0.0452678730213
7172198308854723805	9886258278088206144	0.0138528605821
11573844943468521464	9890941368610583144	0.0830454798537
3184731025580579611	9907107668595590144	0.0615457454897
4781505897533161963	9894134625302618144	0.0142653497504
5529643832124165486	9886111862604919144	0.0291482018665
