713801037677186785	9889682402011980803	0.029514066805
713801037677186785	9884877768167994476	0.0480015360737
713801037677186785	9880966276921268493	0.0269974623578
713801037677186785	9907006955908389560	0.0185312329165
713801037677186785	9901000517138431427	0.0458349248514
713801037677186785	9902708548287704570	0.0284901441149
713801037677186785	9900514288119470012	0.0374240594283
713801037677186785	9898570789667217826	0.029160592176
5285823164930541979	9903281432550071785	0.0350931203172
6334726629818733785	9899292365669731923	0.0132233030674
1575844907070278004	9907974745151241785	0.0201537550448
4326111274647674670	9900473863852144785	0.0192414460721
9957787481900247785	9906017421147121825	0.0101388388207
10158743305022613516	9890742640471284785	0.0203111115926
3029090814974258999	9899225802179542785	0.0107223578741
5043497843996027262	9901693428527339785	0.0380693493813
10200253090206605785	9886893344806741882	0.0171675400875
10200253090206605785	9896802100673544801	0.0105638387006
3692024402883222489	9897119228206766785	0.0106941168596
7353728336573372032	9894388067024084785	0.0114587312129
9013729441651053240	9883525463177573785	0.050251890763
13619919905408186924	9882298223676768785	0.0250784931288
5815335844001500013	9889908295766084785	0.117851130198
6547073071762349548	9882550153531071785	0.0108210913837
11082106809562762733	9895993444208751785	0.0181848241863
18339168047108186095	9905316229138305785	0.0321412173267
1151494325911353847	9905816442494845785	0.0498135481387
4309358037110971653	9904833062456328785	0.0275449694396
4415543727852495785	9881807222949147254	0.0108439716683
4415543727852495785	9894969708611458539	0.011593472394
4415543727852495785	9891929739329342264	0.0811107105654
4415543727852495785	9904796572469318416	0.0101977127056
4415543727852495785	9893258155653240097	0.0210912270305
4415543727852495785	9886281638281660479	0.0635000635001
4415543727852495785	9887818794272455609	0.0144457999164
4415543727852495785	9901074274659124981	0.0154894552702
4415543727852495785	9905192607074929744	0.0234146452895
4415543727852495785	9907551136835833531	0.0656532164299
4415543727852495785	9895646320691666361	0.0397778642088
4415543727852495785	9891654977427036753	0.0753778361444
4415543727852495785	9896494366258708749	0.0625
4415543727852495785	9896493902396209673	0.077151674981
5972360832197968167	9896762183155944785	0.0353553390593
5139732170775803679	9900926733716521785	0.0392837100659
6812159610146559309	9896315072810398785	0.0134219119775
8204002507540759255	9900191933594873785	0.0102232602514
7714720105424768156	9909021712230836785	0.014808721944
9681903272305477069	9905173447202672785	0.058222250974
5322652542950673785	9896103627238307789	0.0187120297141
5322652542950673785	9882753928139065770	0.0325990683319
