17783045396996701284	9901143286101197269	0.0287242494811
4902347013258695630	9907264177224359269	0.0282166323992
12758227477887393268	9888835571906163269	0.0121536203431
6992419946354609193	9890306289039086269	0.0107958379272
4143921433369680269	9900175445236396274	0.100503781526
4143921433369680269	9908770233230842752	0.0628694613462
4143921433369680269	9896921805687980296	0.0785674201318
4143921433369680269	9887305708932021652	0.0241261720327
4143921433369680269	9902177316676543837	0.0121644059867
4143921433369680269	9893629249395220410	0.0496903995
4143921433369680269	9898643512067678608	0.0379321620905
4143921433369680269	9891080010205232542	0.0231931803521
4143921433369680269	9896371250888015821	0.0223662720421
4143921433369680269	9895494150011529513	0.0833333333333
4143921433369680269	9908809158583450747	0.0299476374118
4143921433369680269	9886010226475794093	0.166666666667
4143921433369680269	9896093422420707043	0.0851256530759
4143921433369680269	9892692388136976068	0.0739221270955
4143921433369680269	9908881288153220485	0.0125590089826
4143921433369680269	9899702629489144513	0.0533760512684
4143921433369680269	9890987019843852926	0.0229295083989
4143921433369680269	9885699064736280677	0.058222250974
4143921433369680269	9885159127199957446	0.0235506087028
4143921433369680269	9907451313209257877	0.0395284707521
4143921433369680269	9890950967955755280	0.1
4143921433369680269	9904289130612961923	0.0532246295412
4143921433369680269	9890526981574709330	0.077151674981
4143921433369680269	9900468031270133146	0.040756957297
4143921433369680269	9896543728330131894	0.124034734589
4143921433369680269	9886310577758786295	0.0412393049421
4143921433369680269	9896440455869845137	0.0184710715573
12553823571371320682	9891464156263011269	0.0494468176434
7222041171374741937	9894305912856797269	0.0857492925713
4251543323864085928	9898328523497621269	0.0202485579744
4142094704044841258	9883738171643226269	0.0117851130198
5166358773931901331	9881216720687904269	0.0347524023428
3097752911398974863	9892021956535705269	0.0486792383511
10875635530108981563	9887019758509291269	0.0137542343771
8392824510868925851	9896785324524916269	0.377964473009
12916543658516682839	9892663319879401269	0.0111594355254
5697415180443299424	9887685315187646269	0.0155230105141
7365639474852193941	9895076116516955269	0.0218582498494
5781514089016304269	9902388448720952706	0.115470053838
5781514089016304269	9886387075533890210	0.0112281614111
5781514089016304269	9893871438287796553	0.0436435780472
5781514089016304269	9897702136848078428	0.0184427778391
5781514089016304269	9905803802385390007	0.0120595767549
5781514089016304269	9895759003366122438	0.0331133089266
5781514089016304269	9893992942958781404	0.0163692651118
5781514089016304269	9887917879141367247	0.0220594198669
