10001690040226892690	9880490587814989693	0.13130643286
10001690040226892690	9891491343499263862	0.0327736762672
283165650843611854	9892145475589060690	0.258198889747
4673134942431859690	9890080837511151888	0.0808452083454
2298676572739119170	9886781297674852690	0.0149973756889
12904507412861913866	9895096307154515690	0.0805822964025
3814862568114409893	9909210583343995690	0.218217890236
12382011931486885690	9898419031266813166	0.0527046276695
12382011931486885690	9893183414519392318	0.0428352936878
12382011931486885690	9895027514656751793	0.0211999576001
17917615265029196357	9894567557996926690	0.0194440693696
18375219610115941343	9886294561928953690	0.0256326007926
17218277603718251133	9888427240795808690	0.408248290464
5243300485068741811	9892229815871363690	0.0642824346533
14355961623772932192	9904136079478800690	0.0117484562808
7130636909238648284	9881038574054386690	0.0189117368618
6408484594327443160	9900447449839531690	0.0201537550448
1777783587623163591	9894332159455965690	0.0118845672135
10147076380261852690	9900066696650097894	0.032897584748
10147076380261852690	9898960600787657659	0.0139890927598
10147076380261852690	9905421421486646280	0.0472455591262
2160354755075907311	9887419336549637690	0.0559016994375
4766245725768197189	9890225831377478690	0.0159475233027
4729609046743315846	9902024381460122690	0.0334450031045
2849122486913049565	9910269735175597690	0.0555555555556
4045050935872097995	10588598851188322690	0.0542326144547
4958212741641887756	9885335203693563690	0.0505076272276
8704367241379671961	9892194257884482690	0.0550481882563
5039366211475672522	9895755498716905690	0.0325300024316
18317746169505014744	9881764329143460690	0.038836781869
7857588089957664690	9893295942592597020	0.0208062594644
7857588089957664690	9895304866421499752	0.0406557814091
7857588089957664690	9887547253542517462	0.0252780069583
7857588089957664690	9902107192642748874	0.0620173672946
7857588089957664690	9891893910847640355	0.0113482598069
7857588089957664690	9897389214133666828	0.0191040179975
7857588089957664690	9890132789532612356	0.0352453688425
7857588089957664690	9900163840258295589	0.0210351580956
6571750675332519739	9884307898986440690	0.106600358178
10735276922796062690	9886167860286231385	0.0266500895445
10735276922796062690	9904715470528641124	0.0735214622094
10735276922796062690	9890582889207214396	0.0455487518674
12785682771135597234	9900570814224252690	0.0721687836487
3956806379368813090	9897961673073456690	0.0533001790889
8111891476934833502	9903442167375238690	0.042409446484
5859183044869922797	9888323835169227690	0.0390434404722
14493175126374901967	9893413770895765690	0.0678844233302
2501056111061442282	9896544986760924690	0.0202361164629
5103845872843840127	9900358028698294690	0.0123128808394
14566612612804787881	9898135395993121690	0.0191741247212
