13360510757213348541	9894466819504352223	0.0106990123128
10820371019418868534	9894036648471652223	0.0188044353611
1843837853090178849	9902937817959109223	0.0369610635477
3652911884284177223	9892500321424880975	0.0615457454897
9079377360391316255	9897907423361179223	0.027066598098
3494668864059911630	9898788815117908223	0.0481125224325
6919875057849162686	9891183596167884223	0.0123996587661
3745452524589578257	9889543412572966223	0.114707866935
1332051679901431921	9886700616660665223	0.010550307757
4409643281676588791	9906226122227640223	0.0845154254729
12009969602534893993	9889334247654743223	0.046625240412
16301361720483020494	9893976501776610223	0.19245008973
4564540585991817051	9902242475472734223	0.0587220219515
5759777886430133354	9898414568782398223	0.0112182656421
5745121010083392607	9888199431409526223	0.0245145168923
14380535545587219341	9892881190589801223	0.0150584650484
5299059267382148223	9900235828189933432	0.046625240412
5299059267382148223	9882506718524497860	0.065795169496
5299059267382148223	9901064881552980848	0.0222332042947
6898930065303237223	9904143423835903686	0.012171612389
1826823190096374431	9893632612352021223	0.0444554224474
7222716018989111833	9888546516315288223	0.138675049056
4058712307921687015	9892166624020884223	0.0308606699924
11344241737171411223	9892280109777533951	0.019518001459
17116562028826305468	9899418268286503223	0.0173919619013
1966759026873309573	9890159216427857223	0.0198810693122
8271803095669801085	9901072698311740223	0.01610391566
10886231970794235155	9892913273978360223	0.0519174131651
5461330264147916284	9881622230131757223	0.0235702260396
3237681223343229472	9887850718772623223	0.0662266178533
5746929151909656296	9898652466992712223	0.132453235707
13004803368830111533	9900888366814972223	0.0990147542977
4647932416152974901	9896827689932677223	0.0244120371255
3301932229107392825	9891265106055327223	0.0471929178183
13003638187113116317	9900702987536661223	0.106600358178
1360080675751094044	9886591185152762223	0.0839181358297
9508510623673786826	9891397897922716223	0.101534616513
12340752750047033188	9883552457227925223	0.0566138517072
3143776076048524419	9900338263187208223	0.0252538136138
10236111851551069805	9895374792883497223	0.0110330659993
10821267974379895437	9900762515790063223	0.123091490979
5978275537000487491	9890940878953308223	0.032756089104
2278760131554766223	9898461160651405747	0.010353387134
2278760131554766223	9892377863471010107	0.0121080993344
2278760131554766223	9900289094355908104	0.0205195670417
2278760131554766223	9903074157383097065	0.0278207442037
1494768203185074225	9891292409318692223	0.0110539422071
13675523045869169833	9905418006971395223	0.0430331482912
5651144664384531662	9892828117639858223	0.0246332319541
16032223344021574625	9896434412847188223	0.0161101838078
