11051876495211630034	9886887559415949667	0.0226339365106
17364150540625315034	9896855293799847265	0.0205325390588
11345011273510952994	9899662797919131034	0.0182361554651
15114576384103575372	9904207015181625034	0.0101149521506
1494281391753937229	9903010398483371034	0.0512315519579
13342458941989192191	9903517840386804034	0.0148675258363
3850669097857272621	9886054662153537034	0.0130744090092
12723118149249079954	9910087748881334034	0.162221421131
17606155459467747068	9894715386524023034	0.0811107105654
6311380528531562639	9908205238927083034	0.0827605888602
4951451649802309242	9881704787930792034	0.0912870929175
12227347239339377393	9887533217589882034	0.0106873965707
1705754559645117284	9906256002375851034	0.0422954934438
5406738345917125445	9880868845560798034	0.301511344578
900309424788734680	9891371406625882034	0.0149671085022
526938361992140034	9884116609683665439	0.0342997170285
526938361992140034	9885530272429217351	0.0178799634963
526938361992140034	9883268744511019209	0.0217803420935
3835342762977496366	9887013384829066034	0.044280744277
1979998610515005242	9900990827599585034	0.0102339618771
4942736612009633034	9903732520024950737	0.204124145232
4942736612009633034	9897981928251935520	0.0147828098997
4942736612009633034	9901107672212135793	0.0103784484881
13677205293556567575	9889784772547938034	0.0142857142857
3489988329277825034	9899646683264663519	0.0200643088476
3489988329277825034	9903600630193976030	0.031083493608
3489988329277825034	9886728598399087765	0.0695048046857
3489988329277825034	9883250778651624949	0.0117484562808
3489988329277825034	9897612702652643492	0.0148184741491
3489988329277825034	9893449083983963961	0.0127608749054
3489988329277825034	9890968182164053760	0.0219793491132
3489988329277825034	9903562366383421191	0.0166945140824
3489988329277825034	9905342076248916211	0.0132140640772
3489988329277825034	9892685752416484684	0.0195291641716
3489988329277825034	9892834186486811119	0.0227507877597
3489988329277825034	9904796314690013890	0.028375217692
11046263375502294602	9891013433962334034	0.0341992784028
6221697513405737034	9910627089427370452	0.0170275985619
3894845664806319034	9894493517074731527	0.0219528519979
12474699880395788493	9883185374872641034	0.011194341571
14865417187972767584	9896047088289933034	0.0112154430818
2070134035510333006	9887964058652051034	0.020632815353
3957621293756305591	9881764148666875034	0.0122508181523
5346573204815996379	9886586009712687034	0.0691714463866
2141712721148425881	9902778882658842034	0.0253673144716
3954745701382156401	9884591946662362034	0.0462250163521
11518911498631295954	9886857370059739034	0.028171808491
6168207522858521365	9903957842632120034	0.0263431684887
5895715100589200034	9897130661366342927	0.0107845314085
5895715100589200034	9899851682159501183	0.026745234758
