4126603408001513849	9904112096476928247	0.0705345615859
5242018260151237400	9904179866685724247	0.0949157995752
5349945899605204485	9902282393031001247	0.0102706003752
2303940940359729045	9888674308746459247	0.0148249863332
2641442347545799991	9892429085039579247	0.0811107105654
6702963077493495500	9907964720700864247	0.353553390593
6463616149730864421	9902298885736788247	0.0592348877759
10698109567258083656	9886516250887948247	0.057735026919
4453068023257638735	9886719630494804247	0.0575435337648
5625847990394108738	9898481716224713247	0.0431531852002
13964211192002964935	9903925733481200247	0.0101818424163
850005226278460775	9898233149342298247	0.0160046099916
1050636970196755530	9891016577777138247	0.0936585811582
12204532213705762919	9896298489908878247	0.0790569415042
12852277054619568553	9906484546170356247	0.0149403576167
6741303571497112567	9882586153868170247	0.0105175790478
8713440531727110928	9902191146278495247	0.0126592420885
6785150227299925429	9900458028365304247	0.0184647728115
3088198593349669202	9902845278609727247	0.176776695297
2412560152342905247	9893110434468843650	0.0305566165676
18365950984608742153	9905803840984238247	0.0175899386183
13532971208141038991	9886682702319464247	0.0498754668054
14056746889640290004	9890373853175561247	0.0389249472081
1313246788713629067	9891427468687692247	0.0975900072949
2220772575482271923	9904723772631772247	0.0121018911893
5869585208832312157	9898304475902182247	0.0162757691754
4445757866415555247	9905289699089698869	0.0560772154092
4445757866415555247	9890477026872078675	0.1490711985
4445757866415555247	9898990867534050167	0.0304713817668
4445757866415555247	9886284640576219029	0.408248290464
4445757866415555247	9899259586507094511	0.0460287308949
4445757866415555247	9886001185548572529	0.0346271680532
7464167491119898023	9901789189037495247	0.4472135955
12678170277292545942	9908681095489590247	0.333333333333
2841780517834917919	9889108925015170247	0.0135457092296
2666839194057234247	9894981051660823792	0.0580258853186
4160329271362367440	9890457699522611247	0.0521286035143
15060346723092119494	9880572303817143247	0.0342594354914
15031524898495617824	9894892210375237247	0.0408248290464
3285191190998799213	9889010201016395247	0.0209335160605
859674908077443216	9908605306497004247	0.0912870929175
6684255488284063646	9893390191429454247	0.0314658387764
12005492327444428933	9903905980976802247	0.0428746462856
13236987833125549077	9907726564791050247	0.0113798123666
11469727724744709773	9905803325652222247	0.0315597201549
6302184994155432668	9901483915664027247	0.0127984438038
2154253487570675608	9897821764491671247	0.0114783407192
11120130341730009627	9904668930278825247	0.0456435464588
1552743488651581383	9896888858987075247	0.0710669054519
4749673342592851387	9894669567819132247	0.0287242494811
