14164823446417535217	9892317415982792844	0.0243612768567
17035996987893197874	9903050745507795844	0.0672672793996
1016974859000453033	9887233153992631844	0.0650944554904
3854200369050879844	9884814335713861300	0.0339617805406
3854200369050879844	9906207142751308588	0.0450834817334
3578620352549527158	9893201874404756844	0.0262161252547
619588508272308621	9907702959713033844	0.0217597069945
14044220947657994844	9907571842917527566	0.0404226041727
14044220947657994844	9897876246175932342	0.022733144649
14044220947657994844	9881991992352967190	0.0284785885906
7741447205351900716	9888908603480104844	0.0164621599442
8583591218653952844	9893904642576176951	0.176776695297
8583591218653952844	9898399613674266531	0.0186338998125
13671328220240253060	9889181647494931844	0.0198107212938
6449562893512502574	9886016759068666844	0.0151133980719
6571300526827348356	9893720002057701844	0.0273998312176
5424914606616421550	9881055066831184844	0.0383482494424
5028846404709608883	9899507496275616844	0.0369863360728
1387709297884534430	3292900395980058844	0.0333333333333
17950114793339521400	9887685173608162844	0.0313882410287
2223170154758639471	9886179499727991844	0.034794450032
2827713520481993152	9898691890504370844	0.0119745452229
7442723782776893585	9888798291600159844	0.0199800299501
5668388468327684392	9905497532547478844	0.0146678662212
5436581940792412986	9893665430180762844	0.0690065559342
1800212252610948345	9880515799326209844	0.169030850946
5506460388915384844	9901589468767324555	0.0164354573152
5506460388915384844	9891915784865008947	0.174077655956
8335435896431706751	9883459904934447844	0.028171808491
5325305162339854342	9889279280688085844	0.012630935171
4373406814830672319	9894493697498432844	0.145864991498
5020522905002454844	9883838355985111876	0.0528516422582
5020522905002454844	9883736049745649614	0.57735026919
5020522905002454844	9902445391331328119	0.0187745843998
5020522905002454844	9893445072653174681	0.0795557284176
5020522905002454844	9886496159013623427	0.0476731294623
5020522905002454844	9907365177672182668	0.169030850946
5020522905002454844	9893623077571941634	0.0741249316661
5020522905002454844	9895236254367496046	0.0405220449237
5020522905002454844	9901163566959640424	0.0282729643227
5020522905002454844	9893563819909435829	0.038490017946
5020522905002454844	9910472264452478352	0.0196342815393
5020522905002454844	9894517289671499538	0.0113548421126
5020522905002454844	9906538950474497792	0.0216320530301
9904886636559010336	9903563336907504844	0.353553390593
4757942652323938127	9902113815580773844	0.0480015360737
12634942325156676419	9899149626623591844	0.0494468176434
7938017941620719067	9898335159106338844	0.0158550498051
6547541370683528352	9884627044986969844	0.0433554984762
6192129335190594420	9903616010542249844	0.316227766017
