13471490956103571194	9898966613832406053	0.267261241912
1939045604084098418	9884092639543059053	0.0292103118918
12876448834855069053	9886345049190962827	0.0313419570404
5903455967905617394	9893338329824188053	0.026938622922
8206053441865512952	9902422945763044053	0.0116051770637
3228155234455996942	9903932291845920053	0.0117105332091
5036729458437502497	9893721440834195053	0.0100185514963
5184805680198762504	9910731817850068053	0.129099444874
5960594148956481874	9895687118459363053	0.0149320273358
6131626757889613768	9886902050651211053	0.316227766017
5382521499929612053	9892624733814989041	0.57735026919
5382521499929612053	9900255683883419533	0.020104818295
5382521499929612053	9903385937634367076	0.0139157584998
5382521499929612053	9890415037511304097	0.0470360434192
5382521499929612053	9885877460411499097	0.0599760143904
5382521499929612053	9891179017791629605	0.0318626493939
5382521499929612053	9893321592262695632	0.0452678730213
5630415301704619776	9893225208830554053	0.0380693493813
3749511814921317299	9900379915746358053	0.0118845672135
7991430941427793990	9900454266064593053	0.0202361164629
13793695931259630534	9897189287664910053	0.0216067907851
8651687544540102601	9901994668917613053	0.0264813570666
4342238385454407965	9884421367657217053	0.0269581933009
17498779623516795053	9897331665823916175	0.0207524268788
17487837468325385053	9885904312571816775	0.0226804605813
17487837468325385053	9898584138382122421	0.0398409536445
4893340076918622666	9904691358506650053	0.0115841341143
18138292201082837314	9904889124655833053	0.0292352673102
8338283875717545147	9894004620893773053	0.123091490979
15822549486770205668	9888525458096511053	0.0317820863082
9990273764698648738	9883009710770882053	0.0185344156101
18325923680370020878	9901497689580905053	0.054554472559
2162069906721731804	9887209200881520053	0.0628694613462
6316956396176870053	9890688609738811596	0.0139211511597
6316956396176870053	9903858912312461610	0.035805743702
6316956396176870053	9889197766538108237	0.0101242789872
6316956396176870053	9888683255192712467	0.0416666666667
6316956396176870053	9890675531584223119	0.117851130198
6316956396176870053	9907686119013130257	0.0100180487463
6316956396176870053	9906587213014664704	0.0323423113677
6316956396176870053	9893063799750358238	0.014512580604
6316956396176870053	9897166687573084862	0.0173762011714
6316956396176870053	9900613746720321502	0.015971914125
6316956396176870053	9898819098869939321	0.0115470053838
6316956396176870053	9890586161954179269	0.0207792908731
11033447396092372193	9893489482502512053	0.0691714463866
8284047573995275310	9884102728341292053	0.0613139339485
6620731118132660863	9885320909946278053	0.0833333333333
8366017939158782910	9896677739876828053	0.0257172249937
6883501357802427379	9892207555044178053	0.0309196207052
