11817503030606738232	9896409669477315236	0.0160914012825
9590100950812729236	9905279455490465346	0.0962250448649
5662928242197470767	9901649563852010236	0.0192023843161
11478621684876856506	9891201656487243236	0.145864991498
10978338511999010948	9885396531407844236	0.0659380473396
4922176061158309028	9880231558264881236	0.050251890763
2026316702561245199	9884475415446862236	0.015179418518
2543825008387645617	9894159587719241236	0.235702260396
2306116757703612644	9904206332166108236	0.0153573779208
6860599733141830236	9883542651727121204	0.0182818106032
6860599733141830236	9884760403841123056	0.408248290464
6860599733141830236	9880915519079977084	0.0120229134617
6860599733141830236	9903123403448799985	0.0173945928615
6366197099019672745	9891573806781651236	0.0366617787553
9887682189893811236	10604678319746346657	0.0563436169819
9887682189893811236	9893056210553700978	0.0890870806375
4741184712794154485	9903231091196880236	0.0277456832809
11518367778300280236	9883893902784078620	0.0575435337648
11518367778300280236	9897316972673759995	0.0208242969706
2787403050515497878	9893977223278888236	0.0258457476582
8477761313687048170	9880668000022676236	0.166666666667
4874829456892261561	9904540429164381236	0.103142124626
12569504485203725539	9886598946101517236	0.0901669634667
2879121102911642857	9890075640685588236	0.0135036532324
7958700287080058078	9885780441315669236	0.0214570537711
6541378882124330236	9889857756904644779	0.0190866111438
6541378882124330236	9898659721294675872	0.0105111859121
6541378882124330236	9886947581544143089	0.0362261778001
6541378882124330236	9896480618050488349	0.0143267063765
6541378882124330236	9888742061930112003	0.0117557602643
6541378882124330236	9899977855310293901	0.0112154430818
6541378882124330236	9899700026826056547	0.0174714139454
6541378882124330236	9894496854254181752	0.019826289643
6541378882124330236	9885420952701119653	0.19245008973
6541378882124330236	9896332055119853778	0.0193964616323
11637912884543866236	9885652833623322809	0.0572598334314
11637912884543866236	9900763074037238885	0.0277885007188
11637912884543866236	9898096977387988882	0.0198889321044
11637912884543866236	9893808753174265361	0.0966736489046
11637912884543866236	9888324337672504655	0.218217890236
11637912884543866236	9887390826433290951	0.042409446484
11637912884543866236	9896728282986236136	0.0587220219515
11637912884543866236	9904233042633560058	0.0306425706518
11637912884543866236	9890739097149494699	0.258198889747
6068744575304264130	9890745449450695236	0.0155907804675
5715161244901362017	9898942321621560236	0.0863868425581
9342301715548972746	9907811553617571236	0.0601929265429
11844172093273601822	9882729193452612236	0.0206901472151
5373719287800929758	9909782329446912236	0.0221784561094
6816049145659071602	9900542914181316236	0.0160128153805
