5074260153934788856	9901958526756377049	0.0928476690885
13642980752969943703	9908203392038323049	0.0162521078319
9110661935088061718	9893878434766364049	0.0294244943168
6568122896191163007	9895162836170015049	0.0165793940077
3803382191037740249	9898275111134951049	0.0104127129365
3321927096818476049	10606581935130651243	0.0173630999095
3321927096818476049	9891457675212082227	0.0237893034035
3321927096818476049	9896328743691218437	0.023186944788
3321927096818476049	9894572059126939212	0.010971139976
3321927096818476049	9889635771588854505	0.0435606841869
3321927096818476049	9880590540290429734	0.0138157924636
3321927096818476049	9896703290613823417	0.0217803420935
8370842888843931049	9895154022948217111	0.0277136997737
8370842888843931049	9890311657749342364	0.0143370096547
8370842888843931049	9895123588754206906	0.0230449006413
8370842888843931049	9886133487677254779	0.0867109969524
8370842888843931049	9895123292443528903	0.0123212896827
8370842888843931049	9896195354908246657	0.0824786098842
8370842888843931049	9903931402817862762	0.0714285714286
8370842888843931049	9907856655041723237	0.0164022610435
8370842888843931049	9895844907026505982	0.0181428752857
14829368145322788345	9904783197892519049	0.0130122763677
8354013063515779400	9909338839649691049	0.02387729942
2989618438345457049	9907839054229045524	0.0404888165089
2989618438345457049	9890434545346300766	0.0134231211043
2989618438345457049	9886032208115810843	0.060858061945
2989618438345457049	9887993255842974263	0.0377964473009
2989618438345457049	9888887390719478778	0.0101170225532
2989618438345457049	9903285882199438096	0.182574185835
2989618438345457049	9899851527452351877	0.0587220219515
1033834350043776049	9887126037522934790	0.0429536779588
1033834350043776049	9896659284365937669	0.0201292420557
397320702406992490	9905640533606408049	0.068041381744
5364691237043159647	9905775232201935049	0.0134889031971
14035389129653406089	9882940235404267049	0.0517087689995
2661774847491919457	9904129185968922049	0.0119865825371
11828263069883094635	9900835873836776049	0.025269934786
5752631451782751049	9898842265940357477	0.0536056267419
5752631451782751049	9901196088445169984	0.057735026919
5752631451782751049	9895400107317952622	0.0330049180992
5752631451782751049	9906311441735756247	0.0560772154092
11567151723719459537	9897633035127808049	0.0149990625879
6426241860252572172	9898468535040672049	0.0795557284176
2961401069067526668	9899422288415340049	0.0549649709929
5896388993655267026	9894335110028048049	0.0283410100633
2716044633324846988	9892221251743146049	0.0170746944191
6284264514042866120	9900342764271398049	0.0132779762932
2741742448801023097	9895422771874733049	0.0199521721117
3860328984599717049	9889758538911588079	0.0112196777216
3860328984599717049	9899018574342830228	0.0168073161363
