5904818259988795392	9906517995317113386	0.0131556172994
5398580500490009871	9896371534434964386	0.169030850946
625478367876694386	9896934033400694615	0.0953462589246
625478367876694386	9900090559660654186	0.0304855380425
625478367876694386	9899058156815007053	0.0432742322408
625478367876694386	9890155050254556071	0.125
625478367876694386	9904619735689480892	0.0340997169735
625478367876694386	9893228872502648602	0.0167061584404
625478367876694386	9893053040776772518	0.0245736593591
625478367876694386	9882880475140757673	0.0335389235453
625478367876694386	9897686344253413346	0.377964473009
625478367876694386	9893550548387379600	0.301511344578
625478367876694386	9900689703209515283	0.03776947873
625478367876694386	9908673531997276866	0.0211572109187
625478367876694386	9896172419769078039	0.301511344578
625478367876694386	9905533868038791311	0.0208469099613
625478367876694386	9900060988812213668	0.0584206237837
625478367876694386	9884416711958479588	0.0662266178533
625478367876694386	9903925050471447740	0.0957826285221
625478367876694386	9899147449188452452	0.0373456843487
625478367876694386	9903865676843317166	0.0164110937103
625478367876694386	9895586611960775029	0.117851130198
625478367876694386	10191678348231402162	0.0349641800638
625478367876694386	9899655943303330704	0.107832773203
625478367876694386	9894994207276960822	0.0635000635001
625478367876694386	9897408154994577483	0.0544734710703
625478367876694386	9895994066953436779	0.196116135138
625478367876694386	9897864233206555530	0.229415733871
625478367876694386	9893457996137211881	0.0716114874039
625478367876694386	9901262767817430613	0.0123626490259
625478367876694386	9893580119235820118	0.119522860933
625478367876694386	9895848308687047497	0.044280744277
625478367876694386	9891162331813357292	0.229415733871
4899315299985024625	9896945114439032386	0.0255321460594
13450216839253597575	9888900546152263386	0.0182270654144
13393607625589566802	9890712283733346386	0.0492067831305
6176971999880675002	9884360211747660386	0.053760333057
6176971999880675002	9892116321407312386	0.0282166323992
8398150388127067053	9891748023701581386	0.0258198889747
4678538857522454505	9907486819698489386	0.160128153805
10860285840818881498	9888622305388990386	0.0257172249937
495953338308575071	9893539969894483386	0.0128479951946
4753751805079980816	9902127400497878386	0.0112274537018
2346637399971970184	9891048034094011386	0.0129013464548
5459466420569394386	9896428382591996640	0.0205672517447
5459466420569394386	9894584321351786216	0.0192378851493
6547544604721261681	9905005054466976386	0.0191847074419
4743281332267833912	9893145009033590386	0.0385758374905
6825230999907486386	9901723257108525778	0.0377425678048
6825230999907486386	9905385382303210568	0.0105620708421
