1771382099483498161	9891454140515047332	0.0276394996411
18331532448292440374	9889838622938432332	0.0107211253484
11049823000767523529	9883472398863227332	0.0412393049421
12562532989932706499	9906209681039497332	0.171498585143
3850199382877551793	9895150870359632332	0.0860662965824
13390962551913848419	9895093176062149332	0.0274410649974
1902602110998295844	9908799881430820332	0.0793051585718
1145222445853587038	9885325346697448332	0.0229839513131
8887948953083478414	9902596024391239332	0.0244411858369
9594951593991627207	9899619363020533332	0.353553390593
6377161950700521101	9899292095042625332	0.0113039461051
11533375825130504764	9905925358541080332	0.0230755576997
1000141400401413236	9893179106857665332	0.0731272424127
7683986083446801840	9898423017051057332	0.0589255650989
3153938822665887099	9895140545308518332	0.038208035995
10894024498704350614	9886936341737499332	0.0103147611347
12248785472655266161	9880434383809948332	0.138675049056
1064326950686687318	9893698518621312332	0.0110851393574
15296272278654461384	9888738840649386332	0.0811107105654
10844687754619644332	9889997261762149634	0.077151674981
10844687754619644332	9895430223585028807	0.0134644268511
9242416836269817332	9901477975676708894	0.0118619705722
9242416836269817332	9882582662106669394	0.0149822191658
9242416836269817332	9891059497437580219	0.0287836831252
9242416836269817332	9897344086876732235	0.0412744171706
9242416836269817332	9887917982272272974	0.0238433393695
9242416836269817332	9893721415110368730	0.0136133192529
9242416836269817332	9898617329995078814	0.0177920170895
9242416836269817332	9895278181805927219	0.0158630271892
9242416836269817332	9903749824439968034	0.0159536105311
9242416836269817332	9899613345742598043	0.0186989398002
9242416836269817332	9891907465720254288	0.0172183618093
9242416836269817332	9895232955792797315	0.0233698447792
1113974375857513332	9901166040821455227	0.301511344578
1113974375857513332	9903352823431232078	0.0733235575107
1113974375857513332	9890898474731856286	0.0303169531295
1113974375857513332	9891900804182729777	0.0216017489484
6014895542670406700	9896232854207261332	0.0536056267419
3639952005908087062	9899755831245604332	0.0538381902058
2404434760541490966	9893095999234822332	0.0785674201318
13053268592137789786	9903308263071962332	0.160128153805
2122856370259621419	9884168973956773332	0.0110317232054
6970564206039642373	9892277197949873332	0.0330770600828
6385987180233683028	9885514956671921332	0.147441956155
4948889837297076156	9883610679736819332	0.5
12994407391616557341	9907083947434760332	0.027196414661
10885588031466975332	9890826061493106686	0.0141364821613
10885588031466975332	9886746031668779655	0.0102430847311
10885588031466975332	10586071671043955580	0.0127082141944
10885588031466975332	9903487651072788582	0.0109658615827
