5340380772893381136	9886467107888270241	0.0216472529755
11396703573759469759	9908478738030414241	0.0213980246255
3506083845822793357	9893104069399847241	0.017766726363
6169429659534755151	9889799195119498241	0.0309196207052
5610310743808036872	9904879061626842241	0.0150075056297
6084263887472713521	9890188825887732241	0.020659216919
12981806314860723241	9886404435716533347	0.0475651494154
12981806314860723241	9892054383665098199	0.021110016546
12981806314860723241	9897118880280578940	0.0104325267447
3708278783539140241	9887410811013170889	0.0125235036246
3708278783539140241	9892434222007982637	0.0188310894289
6513899175154036241	9897458238445656422	0.0126592420885
6513899175154036241	9900227702040482001	0.0261891400439
6513899175154036241	9899874694524651068	0.0160457635951
13019109501437159835	9893053066653293241	0.0174395026604
8574465509434431560	9897252410739634241	0.020659216919
4502439463175647392	9880003117594855241	0.0216371161204
6339659202750197899	9892758320161667241	0.0870388279778
6979022223230450685	9887886989849731241	0.0419960525566
722957825667104467	9900063913558350241	0.0109245587557
5487543681075223826	9893171955639800241	0.0160210334028
5737645662777815675	9894919028038182241	0.0336336396998
3379331299187648283	9882392665666476241	0.125
4817720932435829401	9892889638892681241	0.0524142418361
4986045383956440405	9899329117648320241	0.0129749824027
3355669018487445377	9899095583112273241	0.0529256124025
8038088562081906241	9895427389024062609	0.0716114874039
8038088562081906241	9895563354630947961	0.0224224264665
8038088562081906241	9887767958943305674	0.0524142418361
18055643552672569168	9887129645286654241	0.204124145232
17681490650676738209	9899613075162051241	0.0398409536445
7039186234335014241	9889680709834335419	0.021412736229
13692739426027161360	9902732067500294241	0.0152180385882
6850424260059302739	9897232645357296241	0.0113053907912
4861125092490119581	9892758032468149241	0.0169906916508
7263108936611688922	9886235407278937241	0.22360679775
12686034808879948238	9886408442844472241	0.141421356237
9037091326955778241	9884431473743455902	0.0685188709828
9037091326955778241	9901606914918707377	0.0267739776301
9037091326955778241	9901938297395209315	0.0432742322408
9037091326955778241	9882507517412827427	0.0168144424102
4907996295254076041	9889795522847851241	0.0130410132739
10562252525344121587	9908053639393474241	0.0110377696422
17723463527273931188	9895159653559444241	0.0155756437839
2676010354170396671	10598764484878548241	0.0550481882563
13023539494620951152	9910614775765281241	0.0226921364949
9738515009497009422	9907862208472138241	0.0220970869121
3403935271292638782	9887708353486358241	0.0133132307396
10565622131081698967	9895903868340328241	0.0391030943503
5466913743311910727	9901007449120988241	0.0816496580928
