1847905213063038491	9905500380080776551	0.0125471403307
6183008796053589639	9899334344684671551	0.0425628265379
1574098612301966551	9907796933515583467	0.0111441799673
1574098612301966551	9889523943595392160	0.0126108318076
1574098612301966551	9886146707591797901	0.129099444874
1574098612301966551	9888897531052903731	0.010895340841
1574098612301966551	9908468773805908876	0.0223383525804
1574098612301966551	9892427264055518552	0.0194183909345
1574098612301966551	9900610847550045217	0.0199680765958
1574098612301966551	9900662799546013910	0.0342594354914
6682901237419551551	9895033725103288952	0.0154746115148
6682901237419551551	9889135038559151014	0.0324272217563
6682901237419551551	9891746095174597335	0.123091490979
6682901237419551551	9897049842968885847	0.0134778723354
6682901237419551551	9890190028486620490	0.0595491334175
6682901237419551551	9904415222314530588	0.0199086299721
12367043164165320195	9886807544182926551	0.0144608963778
4642624927898644705	9891261871913504551	0.0648203723552
11073647921024951144	9887046060898533551	0.0124053821261
12485323899686418578	9895998061238823551	0.0653720450461
3423749335033268309	9895330387102595551	0.020137403111
5773463729457917586	9897861256779803551	0.0557278212575
3222758526716259497	9888313213689771551	0.0518475847365
13688381035718559124	9883784363970921551	0.0108695652174
12805928117023651098	9881172478343655551	0.0912870929175
17326912139157110624	9890077268419164551	0.0912870929175
9678359536897652551	9896632921859320732	0.0150125783037
9678359536897652551	9905915943947897489	0.0398726111414
9678359536897652551	9907551330149975320	0.0626224291085
9678359536897652551	9897880841823009684	0.0117234019308
9678359536897652551	9884716320295299470	0.0435606841869
9678359536897652551	9892108805107743943	0.0153392997769
9678359536897652551	9901530958414290417	0.0626224291085
9678359536897652551	9894817744247123619	0.0103323650065
9678359536897652551	9895983445535623554	0.0154950327013
9678359536897652551	9885391446229129522	0.038836781869
9678359536897652551	10584694524010211879	0.0104370715181
9678359536897652551	9885400310993882478	0.0126602565728
9678359536897652551	9889537876428752988	0.0243757474709
9678359536897652551	9903294304497448588	0.0606339062591
2045787066248483199	9907534240448567551	0.0172670628927
5234899287418918276	9898792723444484551	0.0417391935565
6355185693836749349	9893420806113213551	0.0105019075822
1637783120110828260	9901433312326465551	0.0615457454897
5693053017691667913	9896668286553668551	0.0129881083367
6831457857949326740	9899487975542954551	0.188982236505
5070235644208464922	9901163708671715551	0.0540738070436
4274043811271103204	9900517960189816551	0.0559016994375
3792020121199433551	9909997395613984997	0.196116135138
3792020121199433551	9886153278907816218	0.213200716356
