656089888740091647	9905278343199164271	0.0272165526976
13849172538616426833	9886903498112807271	0.0110701860693
10261109906312280933	9904891212015933271	0.0186468535157
12476274458892920472	9891816257754293271	0.377964473009
9415092729626015105	9892597374919430271	0.0496291666985
5017245700458925921	9909577794487583271	0.0396525792859
1180180438023248493	9903500523105151271	0.0589255650989
14095912708707595912	9898252231914977271	0.0620173672946
4466965318152009789	9903500690514847271	0.0219793491132
4351839372944833972	9895199699871140271	0.0144714921058
13666824040545864346	9896343801883813271	0.0555555555556
2058923033677218476	9895767408650816271	0.333333333333
4066195983685060840	9893884984571240271	0.0130410132739
3198480476237495271	9895559476369439702	0.015179418518
3198480476237495271	9887987148426209676	0.0439374775164
3198480476237495271	9902753344806190805	0.0324101861776
3198480476237495271	9889688612603936250	0.0149403576167
7324573986233125061	9886811177736728271	0.0514344499874
11129578820879758061	9889585722221047271	0.0103395423696
2929428160608439271	9894532828912590967	0.0215165741456
17858854588881674645	9898126226134251271	0.0241051348201
1745955914141533411	9883673119950883271	0.0220006160259
7737635018871948271	9903248928123366359	0.0229174624257
7737635018871948271	9903011433610844063	0.0953462589246
7737635018871948271	9900798490456827174	0.0184365079841
7737635018871948271	9893827986104744589	0.0206636270411
7737635018871948271	9900010011774851374	0.0181788136675
7737635018871948271	9900076605213238070	0.0700140042014
7737635018871948271	9895708477511983740	0.0438529009654
7737635018871948271	9896526410996297174	0.0261711961295
7737635018871948271	9890582141831919290	0.0110243465926
7737635018871948271	9890012710720106812	0.0714285714286
7737635018871948271	9884854330442050814	0.0319764739696
7737635018871948271	9886252986616656419	0.0287479787288
7737635018871948271	9896344604977285212	0.0288434872269
7737635018871948271	9906491272087397269	0.0870388279778
7737635018871948271	9903040888493659812	0.0176666313334
4323812026528966037	9891466857989030271	0.0154857403271
12675511976923166921	9910209781719343271	0.028171808491
5706877040998707067	9899384170578359271	0.0139468521846
7334038736407907732	9898388245007870271	0.0318142381488
3715077904093448147	9891145066008979271	0.0518475847365
3499349609843426147	9897844867120892271	0.116247638744
11473300741214939868	9900391426287440271	0.0148478467729
4101686670644050231	9889512742280461271	0.0465242105199
6970909659320045271	9895573417906813529	0.0450834817334
6970909659320045271	9904226973832139698	0.0230021853114
6970909659320045271	9884017146797804814	0.0436435780472
17941548459231083796	9903681852240090271	0.0496291666985
5427903182271176765	9894356232696208271	0.185695338177
