4441977191537676289	9886281831609116869	0.0163408291384
4441977191537676289	9910547589601012908	0.0223049868373
4441977191537676289	9899598132845737361	0.57735026919
4441977191537676289	9885490221864971433	0.0169127522873
4441977191537676289	9900716765718087372	0.0106388999095
4441977191537676289	9891056701390615498	0.0149104336479
4441977191537676289	9896536383926410303	0.353553390593
4441977191537676289	9900601226845624123	0.017384076178
4441977191537676289	9904130036405824680	0.142857142857
4441977191537676289	9906382209980218779	0.0470881609348
4441977191537676289	9902985960174824752	0.0296956935458
4441977191537676289	9902531269212212988	0.152498570333
18372865744304933694	9895903868329374289	0.0552157630374
13213603203462553921	9903053601704085289	0.0127329143425
9460016739900103068	10607773548194602289	0.0671156055214
2537479110294941289	9907928771818922372	0.0890870806375
2537479110294941289	9908341775908978376	0.0833333333333
2537479110294941289	9882599605789618871	0.0147027030464
2537479110294941289	9895089684198922218	0.0108605868742
2537479110294941289	9891225974686946102	0.0205542138659
2537479110294941289	9888414523406723513	0.0252216636153
2537479110294941289	9885063173332447616	0.0285132974256
2537479110294941289	9895392346378078945	0.014006921129
16442132127568088598	9883227907953187289	0.0121914962274
128461913022937571	9906760210015512289	0.116247638744
3408007041772408282	9901497161346593289	0.0261981258531
5123917404297262891	9891225600949114289	0.046625240412
13026843715852964297	9906901376952637289	0.0224055357474
6554318365971718435	9882886127296708289	0.0259937622455
4706438106187353969	9887737718114979289	0.018918504347
6136459755658073867	9885314909948342289	0.0367359179185
14828737369591144022	9903294592282970289	0.0308313207989
11827538319614029289	9908088484496175905	0.0394668518982
11827538319614029289	9899206101193866326	0.0173919619013
11827538319614029289	9903474212075444205	0.0292103118918
11827538319614029289	9901120286554985996	0.0282166323992
11827538319614029289	9906047108024188893	0.0180421959122
11827538319614029289	9896205791754803137	0.0444554224474
11827538319614029289	9884546402781543498	0.040756957297
11827538319614029289	9880698318261739455	0.0247840798548
11827538319614029289	9892895084889902377	0.196116135138
11827538319614029289	9900302803878510524	0.0118728343328
12532763652126977401	9888115765486257289	0.0242821465589
4564948943161809462	9880728468904330289	0.0580258853186
12303643356722446118	9896259203822325289	0.0109108945118
10681558551621940090	9902142535938224289	0.107211253484
5244907304937768585	9881411072405527289	0.0112359550562
4205963116443183341	9894398233269333289	0.100503781526
2415836603878550853	9899720036997818289	0.0120543186004
11535776906193205861	9900156349858254289	0.0174580963019
