6782126582369248413	9904673560222895029	0.0497518595105
3622192166911188346	9898454499093856029	0.0585205735981
3238264423825459060	9898890257865558029	0.0898026510134
4853001119476453405	9897644300796515029	0.229415733871
3310976890284596812	9889623651138536029	0.0193600773166
4443983687139113745	9903710100295929029	0.0172516389836
10862541701340332029	10598210498480790724	0.0139645193369
10862541701340332029	9907411924106445250	0.0160046099916
10862541701340332029	9900079164931839743	0.0280827978151
10862541701340332029	9882847902119038147	0.0105199067183
10862541701340332029	9898391131001943282	0.0208877996572
10862541701340332029	9893980174007228258	0.0167978285171
10862541701340332029	9902365023844130387	0.0100953465121
10862541701340332029	9907339485131216272	0.0171802033186
10862541701340332029	9888203404191692026	0.0476731294623
6731026187026244885	9886665677130958029	0.129099444874
12706323405984671669	9907105417979425029	0.023649188492
4116887757927327025	9902987476355819029	0.0790569415042
15900005277798741029	9902750759199164572	0.0152463117915
15900005277798741029	9883539095543093763	0.0842151921067
15900005277798741029	9886225872488390750	0.047298376984
15900005277798741029	9891597390485309593	0.0360141203033
15900005277798741029	9894172395142760012	0.0143621247405
15900005277798741029	9900076837088483970	0.0595491334175
15900005277798741029	9898795489471574138	0.0140275772693
15900005277798741029	9890970540089877265	0.0172825282455
15900005277798741029	9906027303864487052	0.0248913375794
15900005277798741029	9896727114837671358	0.0242893083779
15900005277798741029	9883962016672679216	0.0134231211043
15900005277798741029	9898951027384427774	0.0357370844946
15900005277798741029	9884685469462135774	0.0421075960533
15900005277798741029	9881856275732680008	0.0110987859702
15900005277798741029	9893108351361350486	0.015391903218
15900005277798741029	9900601042294262210	0.0700140042014
15900005277798741029	9910904673117426910	0.032075014955
15900005277798741029	9889848801885785906	0.0393749615479
15900005277798741029	9884774529904331635	0.0292352673102
15900005277798741029	9884666648897839322	0.0216371161204
15109253617034619140	9884333823321312029	0.0150618808282
6616997407036005959	10599864163849116029	0.0123306530777
9024852583428895368	9884969405491916029	0.0337291628677
8972812512524112098	9904509535420639029	0.0310086836473
8116065944291493029	9884777686736988600	0.158113883008
8116065944291493029	9907226402985248673	0.0304713817668
8116065944291493029	9893702062011570767	0.072547625011
4914208534564177538	9882824709315570029	0.0306713836066
11135013021923197192	9901185973838081029	0.023281009859
13162965685990598029	9888038567625090724	0.0159454957745
13162965685990598029	9905829417558730271	0.018148850216
13162965685990598029	9893125076015089692	0.0152890186309
