12332001608679577341	9894649312690586006	0.0805822964025
5592347597951310512	10610904257255255006	0.0116436608208
2650249165207046825	9906514271567379006	0.0550481882563
3600944008984638389	9896560805052994006	0.0165294901227
4391941247937976488	9908160962047629006	0.0298142397
1831871395783930518	9893223220231653006	0.0533001790889
6338147257492135556	9900458092826677006	0.0857492925713
13966519260755834556	9893655392842833006	0.0136310136685
3124761005461308822	9885327339563020006	0.0184963311542
9440597031999883377	9892861180391387006	0.0145064713296
7201598704832908622	9896312560240302006	0.0175411603861
2692544422656150044	9904855237400105006	0.2
1071453306586940125	9889063621749821006	0.0877058019307
3340696584391937611	9902717176911232006	0.0132803178815
6751191501592539808	9882665756847472006	0.0171397792548
7582292632143127006	10595609285940196940	0.0418121005004
6233709699334402104	9880946369780633006	0.0125195771459
2011177922050683606	9897977830759791006	0.0331133089266
3102670742525866366	9903898739479781006	0.0168073161363
4353543709336072303	9887573203662952006	0.0137412427482
14748806596822268883	9888069418443794006	0.0216675695009
9828647909202853725	9888087981250807006	0.0169686623647
6616927168052972878	9896672955274894006	0.0167225015523
13979614961870907263	9897455159053854006	0.12598815767
4184155551862287800	9890539956717784006	0.0345857231933
3339736040658000926	9908955226086904006	0.023236970617
2084904487819598319	9889274290021666006	0.132453235707
3675488693761447006	9901199747837750474	0.0883883476483
3675488693761447006	9882105229264085765	0.0290864863582
3193129669182822938	9896775287116449006	0.0656532164299
4782708359191365570	9888502845096635006	0.25
12446033978399989470	9897291941717610006	0.0231496367272
12446033978399989470	9887486483959838006	0.0116666180559
12435695719541531952	9902704059986331006	0.0578314931966
10574626338000397378	9885484986356264006	0.0159111456835
3304442229158256719	9896050502799155006	0.0108753487814
9348981854181313434	9888135002595151006	0.0148773947559
3506499023028307461	9897604331772257006	0.0150841401993
2675937323593237961	9884219302410722006	0.0328797974611
4404965800538829861	9890480441287226006	0.0764719112902
4404965800538829861	9905355747107575006	0.0330049180992
11651416580509662642	9907724911143608006	0.0121806384284
4619640637732393254	9890751956230652006	0.0264258211291
1621523460412388092	9904388876890560006	0.0162564022191
4991206277752203353	9900656408532271006	0.0644156626401
3702521518905567504	9887129593682552006	0.0134194947038
3908431309911799342	9899380274965407006	0.0163692651118
11701003962138480573	9886971534573507006	0.0130155824722
3153986182835210155	9902368592939335006	0.0854357657717
3962077809658290281	9901020991225269006	0.0339422116651
