2042087686818881444	9901662203968245650	0.0108669977046
12946663754311566610	9897226267295582650	0.0363937262623
12185765594555832358	9893470649055524650	0.0134938145038
3026647327998619650	9898272229266397722	0.0121152060697
3026647327998619650	9903267203236356803	0.0458349248514
3026647327998619650	9904130281296190376	0.058321184352
3026647327998619650	9886453913741962915	0.0158311896715
3026647327998619650	9879320578517988884	0.06637233116
3026647327998619650	9906770118457048300	0.0677285461479
3026647327998619650	9880576478573077473	0.0128777901548
3026647327998619650	9894730805398687345	0.0350499818616
3026647327998619650	9884523660955525025	0.0147763531141
4653043845615715063	9903153309319410650	0.0159759901527
4797072183438417837	9896718799708213650	0.0300556544889
5022785726742064516	9906911246870744650	0.0163956458946
8049013434073299650	9901398411449620748	0.0514344499874
8049013434073299650	9899445068937833291	0.0110559687801
8049013434073299650	9900789823163301892	0.0250548676001
8049013434073299650	9893645883775139286	0.154303349962
8049013434073299650	9888401329252369025	0.132453235707
8049013434073299650	9891795586094829643	0.035805743702
8049013434073299650	9906638709669707404	0.0598684340089
1709668352884625937	9882985435489212650	0.0119659693103
14020143994092255603	9887221630554872650	0.1490711985
1244733809175638650	9906557977126319735	0.0234082294392
1244733809175638650	9892324386731708548	0.0332044550085
1244733809175638650	9892729342041089468	0.141421356237
1244733809175638650	9884373882628350028	0.0613139339485
1244733809175638650	9901349178296991370	0.0224619871741
1244733809175638650	9887718287736695090	0.0178429242524
15616541062434206820	9884883630717900650	0.0195366166291
3095710631730337583	9903279439646729650	0.0209703060995
2499476271554809661	9893745617190445650	0.0216675695009
6783434096046940277	9893059715285040650	0.0243108319163
2842900047853111650	9886339680379450902	0.0800640769025
2842900047853111650	9903130438599730486	0.0157720074469
2842900047853111650	9892788071446041758	0.0153537571786
2842900047853111650	9897066052209768977	0.0144157482926
2842900047853111650	9896755019241209163	0.102062072616
2842900047853111650	9891461605130384885	0.0851256530759
2842900047853111650	9891685351493463081	0.0200160192256
2842900047853111650	9886495257099885814	0.0236096082325
2842900047853111650	9885316825503141072	0.0164354573152
2842900047853111650	9908110968597195428	0.0404226041727
2842900047853111650	9890350389686501663	0.0119301506346
2842900047853111650	9888049305103652456	0.0125392465644
2842900047853111650	9900596064239738306	0.117851130198
2842900047853111650	9896977713278723426	0.0184427778391
2615856126009613448	9897721515701691650	0.0944911182523
11212526108220200327	9888778010778731650	0.093250480824
