5945670431797085505	9899721759295816234	0.0274824854965
10493834931743508234	9898745740777510838	0.0326164036527
10493834931743508234	9886447754782840232	0.0790569415042
10493834931743508234	9903325662022092212	0.0164177275826
10493834931743508234	9903490846552716437	0.0632455532034
10493834931743508234	9908386168691632579	0.0559016994375
10493834931743508234	9902842572731311083	0.0145095250022
10493834931743508234	9905464328147384753	0.0154303349962
10493834931743508234	9903192878877478383	0.014808721944
10493834931743508234	9896397523250452462	0.028171808491
10493834931743508234	9887518928079586516	0.0164177275826
10493834931743508234	9903682187255350321	0.0304290309725
10493834931743508234	9901612141815162088	0.0195740073172
10493834931743508234	9892086351077285606	0.0106419116293
10493834931743508234	9896384857475906955	0.0145095250022
4110494312369176089	9906073560692180234	0.068199433947
10439893434616969234	9894640074228765490	0.0595491334175
10439893434616969234	9900646371198630145	0.0437688109532
10439893434616969234	9892175218249399978	0.0175357655958
5089979333856318123	9902580450886179234	0.0157485197087
4077387887252886234	9889119052711447532	0.0185952000826
4077387887252886234	9904921298327981468	0.0615457454897
4077387887252886234	9888016435757876063	0.0123466199581
11734793143632846263	9889178683966939234	0.169030850946
8033826617434346399	9906914416549307234	0.0105234011235
3121324854699070658	9896764901857894234	0.0112859341332
4311781709594975711	9911113941112523234	0.0156883254053
4607379721645459017	9902507792832670234	0.0119822793302
3351347644603977172	9887955043479247234	0.0134134572289
5197302643683004776	9898637146861394234	0.133630620956
5906117790775257906	9906081437607195234	0.0170746944191
8261761431186274881	9898885468980613234	0.0145432431791
2084729035487008234	9906087154280221628	0.0112945691262
2084729035487008234	9905594753444902827	0.0924500327042
2084729035487008234	9901449452822185752	0.0149973756889
12584258630102887234	9905802874567192017	0.0755928946018
12584258630102887234	9897081234880873453	0.0288915998328
12584258630102887234	9896647151061966069	0.020203050891
12584258630102887234	9896195792909574815	0.0315126745832
12584258630102887234	9902335985626945794	0.0936585811582
12231678557817100023	9884452841252265234	0.0660818600455
6165508953825082303	9890374110854131234	0.0461265604014
5778705294801157089	9887022996888689234	0.154303349962
7553726574911547428	9903774108141440234	0.0149320273358
1591817903018461667	9884972613877091234	0.0182574185835
3131152332906371566	9886093776420415234	0.0821994936527
9606127224372157234	9883678527343831641	0.084818892968
9606127224372157234	9897600449260479107	0.147441956155
9606127224372157234	9886263139863795291	0.020315302475
11427692657135925893	9901470811755981234	0.0114647541995
