7462020052797344238	9902033658616941621	0.1
10959784974008344853	9897081440968608621	0.353553390593
11253856356787293180	9905554316330062621	0.0132221471337
2211524256317542397	9887905462283848621	0.051987524491
4630224356816125812	9893045705119800621	0.0128352890812
15370880143040696621	9892044410781906078	0.154303349962
15370880143040696621	10605467549994313056	0.115470053838
11970114241741211461	9883579957818020621	0.0353996162702
3097295415344476293	9880923151170909621	0.0662266178533
8039631512730663128	9900825553042958621	0.0284785885906
18181482228887849520	9894493787595018621	0.0334450031045
14933597470114382524	9897911391915917621	0.0176776695297
14991295447619345227	9888536530543386621	0.0147682940172
13906600732593946090	9884701433915040621	0.182574185835
4417572494400216561	9887844757298095621	0.0456435464588
1942412913787105649	9886777775716548621	0.0113249484256
5140908751645156621	9896210305631841904	0.174077655956
5140908751645156621	9890532208519796286	0.0142335235577
5140908751645156621	9907621037456279570	0.288675134595
5140908751645156621	9904316008492270985	0.0397150735395
5187775630226271859	9910170534282807621	0.0114213014035
2202484943757831182	9897472622335968621	0.0141449648997
6100934976283392905	9896037618040839621	0.0130799999477
14145207672828759475	9901323060540010621	0.0300692389662
2566504592350660536	9907246477584969621	0.0971285862357
11919077513515525077	9894898717196984621	0.0552157630374
7977388232345384003	9895137792252561621	0.0174077655956
6305041031966631409	9890387227645523621	0.0242964765375
6192745189204214782	9894850274273212621	0.0136007224896
12726555694403451613	9893629687531579621	0.0113857116995
4493410118929208485	9894887855228142621	0.0105762386162
12307801996592857621	9883549467864946735	0.0104308239847
10280692181936264105	9898149792652132621	0.0207524268788
15930560061100544584	9890590121897015621	0.0282391247362
6720816148455986470	9890615513798371621	0.0620173672946
16717970494241390744	9886255507789962621	0.0397778642088
6123669222723011820	9891242312708185621	0.235702260396
4053765139578734274	9886940065442393621	0.0146176336551
12805030873187798906	9895973279313663621	0.0366617787553
2227632131428267729	9896265723711328621	0.0284210211402
5459973552488982457	9894289420150021621	0.0544734710703
3536824338385616144	9886367503366841621	0.0212429644331
6875436809565234438	9906338427012523621	0.0168311056969
7090587203991867546	9900825398362234621	0.0157563372916
4837632838633748859	9888813813735908621	0.0209426954146
1257209921266575529	9902899103078053621	0.0415585817462
4256958846529610621	9895632404949463183	0.0144067693143
7184953683334112602	9899596092768170621	0.0289885517826
3381267502784018352	9885778435652127621	0.0729324957489
9234811650182123253	9904328584222088621	0.188982236505
