215365764514808322	9891014232809535215	0.0429141075423
215365764514808322	9900688668097330799	0.034794450032
215365764514808322	9894136974636439340	0.0145248223444
215365764514808322	9891013305083371585	0.141421356237
215365764514808322	9882602698186712985	0.0531494003453
215365764514808322	9887656092316869053	0.0149386904452
215365764514808322	9895547106793319718	0.156173761889
215365764514808322	9900196696851581324	0.0217648602703
215365764514808322	9888772277038508496	0.0197758261709
215365764514808322	9905640430472937161	0.0819231920519
6022446855813905388	9882979791956337322	0.0436435780472
5718986690587645479	9886195683161171322	0.0224280652008
4901332288780833646	9904485359100706322	0.0188982236505
17978217653889610665	9900196567936395322	0.107211253484
9073793000805888253	9894431076807474322	0.176776695297
7613759094841898436	9882156657223278322	0.057735026919
3754381049477611322	9893252645075128019	0.0324442842262
3754381049477611322	9900961540254516369	0.0953462589246
3754381049477611322	9901769500941431129	0.0100871255445
10340793264908338652	9905249249032656322	0.0131761569174
12088176175603985527	9894004363198584322	0.0118361845533
4084530289051674693	9883897562086690322	0.0115570258169
18167422745285697322	9904678550953271036	0.0350931203172
18167422745285697322	9901484933545374121	0.013486449554
18167422745285697322	9891641216261534839	0.121267812518
18167422745285697322	9884831292269384286	0.0134086331118
18167422745285697322	9893492390260655951	0.147441956155
5429584387083248685	9908560578729897322	0.141421356237
11971850904871370205	9882042801861565322	0.0110579964681
6388892094825263322	9886265287353092324	0.0221186977602
2367879409845288415	9910727067614818322	0.0980580675691
10903501997020661660	9890662960147808322	0.0185058302549
6809861110939836109	9896305718385419322	0.0316227766017
8285717877832669612	9905041132230568322	0.029160592176
2865143047918820506	9884721766330214322	0.0146176336551
2342195320729313626	9905772629518331322	0.0328266082149
6802853863433845390	9898613374271072322	0.017442155258
13805143211640954191	9888258495859153322	0.029656491293
7662823389114086068	9893301440208894322	0.204124145232
5815981927838086011	9900445083311832322	0.0552157630374
204184493445700894	10590539038234859322	0.0474578997876
1917769358631440305	9894716378582239322	0.0305708920258
1770904571084991322	9887331375583440179	0.0116043956492
14918126889668039873	9898430584695695322	0.0433963036603
5663702152413985260	9905077892778058322	0.0438529009654
4758774866453936203	9896047603755534322	0.037037037037
6915743075369662339	9888196068380431322	0.0177220301252
10394485822577484055	9893118663575354322	0.0181369062528
7424218989133480313	9887777841858273322	0.0498754668054
15169831830263858888	9885534451337306322	0.0298540717013
