3499833824638730577	9882857643196399401	0.117851130198
5270402808663549772	9893692230741780401	0.0134038141959
2472644975284151124	10608268315411971401	0.0456435464588
12963255479582839475	9901616462691511401	0.0310985206786
9562078941834100650	9888087281208786401	0.0186989398002
14556655442994721401	9897732820036134502	0.0142392942953
13305152776300280146	9885829103365757401	0.0429536779588
3663579134686312401	9906071593551680028	0.0138768482374
6949506123139071770	9890662470687990401	0.0112852154442
6949506123139071770	9904315995570888401	0.0114049480837
6119512747025323401	9911226752706925463	0.0370624658331
6119512747025323401	9898858900387024944	0.0141648174918
6119512747025323401	9899079567260598646	0.0276394996411
6119512747025323401	9904696388043703439	0.0184647728115
6119512747025323401	9892391341065681410	0.0150944470951
6119512747025323401	9908052900641609965	0.0176226844213
6119512747025323401	9884709740412294165	0.133630620956
6119512747025323401	9897255009312452613	0.0233507231247
6119512747025323401	9898676484482755716	0.0204679237542
6119512747025323401	9904573916924367362	0.0340799088295
6119512747025323401	9899767565052046390	0.0237156002726
6119512747025323401	9898662517333562842	0.019440394784
6119512747025323401	9903238993944022487	0.0128660602892
6119512747025323401	9908259235227355226	0.0171979790123
6119512747025323401	9888635757256486356	0.019440394784
6119512747025323401	9899652502962537700	0.0164643910426
6119512747025323401	9895367963839565622	0.0216067907851
6119512747025323401	9890298089904443824	0.02326210526
6119512747025323401	9901523704198405501	0.0153284834871
6119512747025323401	9888816321891454747	0.0117941258652
6119512747025323401	9881751727668890840	0.0187580618371
6119512747025323401	9893757698968937217	0.0212958855
6119512747025323401	9897095983772746598	0.0402911482013
6119512747025323401	9905286851553626324	0.0368855556782
6119512747025323401	9902036789596143522	0.0345032779671
6119512747025323401	9885708573698038088	0.0113753938798
6119512747025323401	9901153555365175691	0.0105726913283
6119512747025323401	9898769839944829083	0.0121482382687
6119512747025323401	9898255294263997192	0.0330229093342
6119512747025323401	9890218564229706503	0.0140956963247
6119512747025323401	9885897483555227313	0.0183339699406
6119512747025323401	9902226549871094485	0.0400641540108
6119512747025323401	9896970794090209611	0.0788110406239
6119512747025323401	9892045514522619067	0.0287361067569
6119512747025323401	9891393864855473332	0.0590281336101
6119512747025323401	9890880612002139940	0.0262703468746
6119512747025323401	9897060434360529317	0.0103175058092
2376946952343043970	9883059240298578401	0.0650944554904
6718811086669687401	9903686211678192209	0.0478913142611
6718811086669687401	9886447780604028208	0.0739221270955
