8099616129615230072	9891000561886520382	0.0218948940492
368622655763039903	9882141848119685382	0.0496903995
6277508143971843597	9906815396117181382	0.0484501583112
15162987128274884935	9905514025203518382	0.0304290309725
12262955653580607830	9909640208959680382	0.0481683050859
2396318750202221520	9909352922882026382	0.0733235575107
7901812354219959781	9890857032696238382	0.0421075960533
7555878565825357541	9906497649984534382	0.0193818833051
2966824088136506460	9891999953558816382	0.0138237105801
11142784652376135701	9880334740686482382	0.0160375074775
2852039231931302793	9892745847566455382	0.188982236505
12936115519293709944	9890555594719978382	0.12598815767
12606625945960119622	9893125338090698382	0.0674199862463
18272856674038562875	9895462976941618382	0.016869380006
15086144375942673757	9895050436941374382	0.0764719112902
15086144375942673757	9888146307001446382	0.0242037823786
4612925181070371185	9900732545531085382	0.016475560158
2307083333418427644	9887519714218114382	0.0198146099426
3702580742796795306	9906210286821436382	0.0128777901548
4296778675977426688	9905879398174058382	0.0322748612184
12751585996358616421	9897656670261391382	0.0114806098386
5441892126734237608	9889000459978542382	0.0110688296781
836064536484005474	9903905748926723382	0.0462250163521
7044646437452438900	9887988144829777382	0.0259762166733
13286523497875752306	9905415455672724382	0.0588235294118
2533303365172788949	9887868401127762382	0.0944911182523
451292777499118005	9889000459978542382	0.0156536890504
4493985154708179763	9899680531966374382	0.0364662478745
15015661947647047555	9887012774966092382	0.0158311896715
10736070530311075372	9895925755469320382	0.0343604066372
56353428480077996	9886896823688129382	0.0176831963922
3216648110838614382	9905335376057762757	0.0135419825912
3216648110838614382	9884583992318020818	0.0318788356532
3216648110838614382	9896174451276180106	0.0127092404988
3216648110838614382	9890638178362216683	0.0175709209943
3216648110838614382	9881039321447511052	0.0115132824765
3216648110838614382	9894837406470645115	0.0140248178363
3216648110838614382	9884643249980526623	0.0116405049295
3216648110838614382	9907494851239990585	0.0285132974256
3216648110838614382	9883543480652137480	0.0109883475416
3216648110838614382	9891391094621892687	0.0108811415874
3216648110838614382	9901302028015271843	0.019834087594
3216648110838614382	9896818765039014985	0.035828718195
3216648110838614382	9880720879601756843	0.0117387387802
3216648110838614382	9903120401190961382	0.0104816965957
3216648110838614382	9902491635296750361	0.010060036359
3216648110838614382	9897433147250607114	0.0225417408667
3853685090331748638	9903144057994284382	0.0178599906592
3726152604036352382	9889953801037732389	0.0250784931288
3726152604036352382	9909123163619545297	0.0118997035821
