3655896057487867586	9885072669414091674	0.0137973696442
15131732644799939301	9887089225309152674	0.0428746462856
12329433068219922817	9886321130472490674	0.0422577127364
3920305354414200244	9885529327606865674	0.0142857142857
5040660313917983847	9894948233777082674	0.0155869921597
2589885496989277528	9887132918134186674	0.0652328073053
10881305298662147396	9896808749306040674	0.0484501583112
2398342058167084857	9887789210467267674	0.0201496633271
18058146303529833236	9879679745164757674	0.166666666667
3472024402806496035	9890895549866671674	0.0121232161242
5662885671336202471	9886463860927917674	0.0287717668824
7126033483867178702	9893614113842151674	0.0159394178266
5010894439734306733	9901031793064050674	0.0221948380809
1180963469875336228	9883184885228603674	0.0219634393398
2403368518554193674	9907748503391245425	0.0455960752588
2403368518554193674	9892636094027731818	0.0182818106032
2403368518554193674	9903296503537386800	0.0134925861742
2403368518554193674	9905284716987654772	0.0426401432711
2403368518554193674	9907142144231465521	0.0214225608389
2403368518554193674	9904057082069136236	0.0514344499874
2403368518554193674	9888785342299329783	0.0567047977124
2403368518554193674	9892100034857859569	0.377964473009
7229694310560174674	9885423246133644940	0.0157018573255
7229694310560174674	9907306577119423716	0.154303349962
16645396196695448149	9889997575339524674	0.0249454912916
1905036976173024287	9887721534816956674	0.0248759297552
3363849860245531898	9885649689703520674	0.0591312395989
4492819784140758821	9891106630352641674	0.0148347707274
8899774749880556105	9886618930672228674	0.0276818266179
1796173306390930452	9903182944695424674	0.0131899035637
5313062678465181491	10602142571052225674	0.0638876565
17974136093981749483	9888791071821442674	0.0112366643744
14489001443694724030	9900058793931882674	0.0161753862021
1520596112278451541	10606367246936175674	0.0202776776413
3641660847292815674	9900411204698522135	0.0187350033627
3641660847292815674	9888103181125339789	0.0638876565
3641660847292815674	9891685286992418338	0.0146129507674
3641660847292815674	9891208369555553597	0.0107334697685
3641660847292815674	9908318333924320879	0.0451753951453
3641660847292815674	9891777903692180937	0.0414869906823
3641660847292815674	9904613370497754095	0.0383764778227
3641660847292815674	9909880417786268472	0.0124543528253
3641660847292815674	9896318757940466376	0.0788110406239
3641660847292815674	9906239213231840827	0.0116476092969
3641660847292815674	9901928453370627924	0.018827751471
3641660847292815674	9896676614648572803	0.0387783367165
3641660847292815674	9904822612740676385	0.0916698497028
1511804376233115674	9903087596275683190	0.0249532564253
13125254867967395916	9898410754795932674	0.0423713598607
7663447975768382006	9888337841029496674	0.060858061945
