9742946672475971035	9900919694417026064	0.0162221421131
9742946672475971035	9884324481891939329	0.013759441356
9742946672475971035	9888556064001917764	0.0117687788289
9742946672475971035	9904564279105588909	0.0117533240897
1254520962192261328	9887083388472165035	0.0644156626401
4754013371440322841	9906696957983462035	0.0439374775164
2261044174416592035	9891519144771793023	0.019440394784
2261044174416592035	9900636282285234961	0.0957826285221
2261044174416592035	9908564615857694891	0.301511344578
2261044174416592035	9892097810039015870	0.0513665496938
2261044174416592035	9902654131015141776	0.156173761889
5499530162600603585	9903630948334563035	0.0187977895099
13559635749406264127	9887228524073149035	0.0145095250022
5242935084620661499	9881151733579019035	0.0228336688639
6801348739210961035	9888792433265366183	0.0175465601586
6801348739210961035	9895987791988929297	0.0118912873539
6801348739210961035	9897918714810444136	0.0405553552827
6801348739210961035	9888215215394428371	0.0350070021007
6801348739210961035	9880834013376902787	0.0381246425832
6801348739210961035	9901656989969128251	0.0150210442032
6476212232869818176	9896064109356795035	0.0142915487619
4576153771824741666	9894335290463112035	0.0160005120246
1383460780241626407	9906643442692048035	0.0413096192386
3328913557342434027	9879387468359218035	0.010235033889
6987518622931164860	9902200470792981035	0.0877058019307
2972492702257487890	9884811887654896035	0.0346064270103
6259809427929068035	9904458532653931161	0.0433148081824
6259809427929068035	9900812204189100071	0.120385853086
6259809427929068035	9903907561354011534	0.0108714920467
6259809427929068035	9906550761589497711	0.0833333333333
6259809427929068035	9903121006843725752	0.0167789013804
6259809427929068035	9890498798034624292	0.019506857866
6259809427929068035	9888366522829212510	0.024551430807
1834911308133603030	9894020842976453035	0.0199920047968
14280725998882798755	9889963773899512035	0.0303448564517
17856872603909047035	10605737548906077668	0.0149940035976
17856872603909047035	9902337368582503283	0.0213980246255
17856872603909047035	9899670378578956743	0.0314970394174
10425388747419044035	9882452765132649823	0.182574185835
10425388747419044035	9887459709118249339	0.218217890236
13486074190545121035	9905382457453047449	0.0666666666667
5269810027956053334	9894374473410805035	0.0127598360423
5789330216137284332	9883391215566828035	0.0962250448649
1761613598656082302	9897381027925167035	0.0350070021007
7166971265818359546	9885871911250163035	0.0176501127405
6123496436153904733	9897756532557268035	0.0183185826362
4914950144121546485	9880303696517070035	0.110431526075
4453513498736134839	9910200839665958035	0.0175736340216
12563409538066825143	9903991575241886035	0.0936585811582
5975274563423938781	9893593468091979035	0.0179374000834
