5237911830125315754	9905841679640159480	0.0230021853114
5237911830125315754	9902700684177949067	0.0143591631724
5237911830125315754	9887934178474463249	0.0187448751488
5237911830125315754	9899639463468983144	0.0106011700097
5237911830125315754	9896685539525115129	0.0180246023479
5237911830125315754	9889553784942337043	0.25
5237911830125315754	9904570283450899838	0.0244704392116
5237911830125315754	9883152415280063543	0.0119284529967
5237911830125315754	9888064943142794239	0.0353553390593
5237911830125315754	9895652428061484734	0.023702273157
5237911830125315754	9903579868342528500	0.353553390593
5237911830125315754	9901064211539437327	0.0449013255067
5237911830125315754	9902700800143573836	0.0548821299948
5237911830125315754	9885413969108371606	0.0296434583364
5237911830125315754	9887923484134122550	0.0632455532034
5237911830125315754	9896626281862609324	0.016956460837
5237911830125315754	9885231179551938263	0.288675134595
5237911830125315754	9898920773671822919	0.032897584748
5237911830125315754	9906061337140099488	0.204124145232
5237911830125315754	9894204968206332516	0.0154635066611
5237911830125315754	9901004343910335181	0.176776695297
5237911830125315754	9885788086336945438	0.0221295269886
14698867157157129952	9893845513885591754	0.0335200761577
579989244118827319	9885301664207844754	0.0125058634981
1175351975801143631	9888622331060130754	0.0212621627781
3256646780464897134	9896066943896351754	0.0155756437839
6318550434191580289	9898658016074235754	0.0803219328902
5071125186376102376	9891129230468262754	0.0363696483727
7855515365191265747	9885542998483232754	0.0226688026723
15360872231650196327	9884202629321002754	0.0115285743978
5442146246813185536	9891176045538569754	0.0290007395283
6229945774441967264	9900511672540310754	0.13130643286
1039862607308695664	9895252824356161754	0.0147522153037
2736245204477899660	9886321388258360754	0.0805822964025
2360468821708160222	9897378996252079754	0.0302198942608
6737170017191005579	9906911362755050754	0.0115010926557
437928750627711754	9905825341642767747	0.5
437928750627711754	9887408753592614439	0.0396837895066
437928750627711754	9905763936440219142	0.114707866935
437928750627711754	9888975884312535821	0.0175249909308
8501354016947825523	9893043364353935754	0.0106697399944
5625211806844979951	9889897841843875754	0.0121662063872
4655392997728045604	9902259238937717754	0.0276184088333
4323266575849391302	9902275589844335754	0.0243685089414
6929903034059808908	9902967891265183754	0.0215165741456
2017431716717891592	9884923638341375754	0.0182149664649
5186696986335369981	9911225666060919754	0.0106334852515
15404026024103978221	9906159670450614754	0.0313112145543
14891328210758270078	9896179171505797754	0.0251100980476
10884693973393069754	9895755563223130977	0.0139319553144
