8647108147268777449	9911044220854189671	0.0148413044299
12028996128573887834	9898756040194797671	0.0524863881081
871080830838246190	9885311018583540671	0.0170399544148
5193908296004035671	9897477359672240558	0.0408248290464
5193908296004035671	9904805836661954281	0.176776695297
5193908296004035671	9903077455958674188	0.25
5193908296004035671	9886182050921264425	0.013576884666
5193908296004035671	9896129976877333459	0.57735026919
5193908296004035671	9905348737712431076	0.166666666667
2602922525460125577	9900097143776402671	0.0127463538693
11883303106890284063	10593135345985410671	0.333333333333
7918965350962155650	9886936676615354671	0.0560772154092
6285176821474884868	9901324331843456671	0.0550481882563
3664973496635717350	9898027386089230671	0.0445435403187
3282661105193383240	9882650496856477671	0.0117900265547
4319151580968731078	9908343171740573671	0.0353996162702
5231288341170775946	9898881577810614671	0.0762492851663
14321416965859787506	9907375395313033671	0.0236030308237
2868784323720100041	9903610165010025671	0.025269934786
14979621172175797160	9895927628080060671	0.0162736138726
5835481473881104671	9905626772403418052	0.0117777542223
5835481473881104671	9898960858534982265	0.0257172249937
5835481473881104671	9908654398012881663	0.0208741430362
5835481473881104671	9894351770261976127	0.0277777777778
5835481473881104671	9888316409227465362	0.0118221150355
5835481473881104671	9893749469754144913	0.0121232161242
3545812154561348933	9904868251057803671	0.013508580674
3118101687923216671	9889592903501982782	0.12598815767
3118101687923216671	9897064007700894257	0.0217134916354
3118101687923216671	9893845333411571341	0.0223105374127
3118101687923216671	9909186213752962027	0.0157348668932
6174831049022280623	9905817919903984671	0.025391835806
6174831049022280623	9890336963696089671	0.0261622379926
4291998375099972578	9892116939871949671	0.0153033341946
2869577113359651176	9904455672307171671	0.0145248223444
3998551893769490163	9910627076517261671	0.0333890281647
6653719842573430671	9902681374032039111	0.0605227532669
6653719842573430671	9905644712431968208	0.0481125224325
6653719842573430671	9908229728764721718	0.0306425706518
761711002321603982	9885608260405239671	0.0254658286849
4784842876320387997	9890032489090006671	0.0235767760539
17087738269686722158	9899514119105329671	0.0103087305528
4694792134270137207	9900602145873047671	0.0422954934438
3030781412890031096	9902225463229331671	0.0532246295412
6031070369892194017	9899325106171388671	0.0617802063215
7242912930873861920	9886410916894888671	0.0342997170285
13239990560206147572	9891662712665206671	0.0905357460425
10404420057018505671	9890749070041391404	0.0308606699924
10404420057018505671	9885112883337451471	0.0265372446217
10404420057018505671	9899971168075236563	0.0250784931288
