6290816104214807777	9900536162283976590	0.0340997169735
18197963874524314834	9890310738592914590	0.0203489231889
7937820672510427590	9880511676147457584	0.0208741430362
7937820672510427590	9898229863736438312	0.0231248645031
7937820672510427590	9898422445744123141	0.0310385427622
7937820672510427590	9882419419004601130	0.0306569669742
3365712519309726151	9886185671650603590	0.0553848775622
7279263812165880462	9894041123840029590	0.0145064713296
5597637086031941163	9894303039583729590	0.150755672289
7058710313897663073	9887824502259164590	0.0291729982996
12108729266947549590	9900488672836354178	0.0101025563712
12108729266947549590	9891059196876039101	0.0141492119993
12108729266947549590	9907006904355615561	0.0132453235707
12108729266947549590	9893141465604985599	0.0249843896332
12108729266947549590	9907190844908841251	0.0228396236609
12108729266947549590	9886827863637650903	0.0520579206295
12108729266947549590	9882489577298110492	0.0156211866992
12108729266947549590	9898719533093900743	0.0305139098849
12108729266947549590	9901213019224039765	0.0375823014001
12108729266947549590	9907255213548694085	0.0409272754535
12108729266947549590	9886096598188931029	0.0394668518982
12108729266947549590	9905883937842351780	0.0272165526976
12108729266947549590	9888153110198801689	0.038836781869
12108729266947549590	9898258515512787899	0.0253184841771
12108729266947549590	9891212561487329976	0.0685188709828
12108729266947549590	10217313526376644802	0.0262975841519
12108729266947549590	9900446762567336778	0.0167576846367
12108729266947549590	10588935757017059755	0.0157193070705
12108729266947549590	9903371257436783792	0.0450834817334
12108729266947549590	9895332444400440163	0.02052821232
12108729266947549590	9895156277769253150	0.0170251306152
12108729266947549590	9890169704731600864	0.0105234011235
12108729266947549590	9890100504181925553	0.0109678400872
12108729266947549590	9891472900870058857	0.100503781526
2631992629874334014	9900097414356958590	0.0382359556451
12899301646147889142	9900885326013498590	0.0243468319833
3263934533593215395	9908794632917808590	0.025391835806
10628752423016226992	9896259371335125590	0.0308606699924
2697222102695619521	9896316313986491590	0.0129651640264
5992047420063638311	9890414805597148590	0.0176556137887
15716539578619106053	9885344326095903590	0.0155530211956
8641685010782442205	9889482694647752590	0.0184994958956
10644388139945439392	9888325102169159590	0.0272165526976
12320043830868397786	9884956146981871590	0.0129662538565
5559557841189338438	9888523130193711590	0.0395284707521
9100717793676727590	9901268394215803633	0.0249299827472
9100717793676727590	9899262640148203674	0.0178089376992
9100717793676727590	9903523806056183860	0.0150670088591
9100717793676727590	9906746204111131924	0.0505721737424
5874863514880828586	9905779810584801590	0.0518475847365
