2685759165697547864	9884443735815546722	0.0159556411568
2685759165697547864	9901948231678989941	0.0102500775165
2685759165697547864	9892548841690177298	0.0714285714286
13782247772839729722	9891523426841150864	0.0194846278213
6052258759620472721	9893430083087074864	0.0182940433316
11505493806992439624	9900185817569333864	0.0122087472826
3292539015011043352	9884848210115837864	0.0253510063282
11935969403159021998	9905648165649281864	0.0182059080475
254653571753883275	9901435069023670864	0.5
13156830793654668110	9886943364012175864	0.0153465233704
12392001548207203864	9899595963918189604	0.0182149664649
12392001548207203864	9889182566564289163	0.0177611208331
6416547780011465891	9888281418047713864	0.0125719047734
14147476600675559088	9898854918971028864	0.0111083686426
4575994644727457181	9906966853844295864	0.0232119172721
5574210637713065611	9902931646083716864	0.015294382258
9384158328979199284	9892495352162412864	0.0112902491531
11711853316545245382	9898020582848258864	0.0350284722052
8716810362317109446	9883529483391309864	0.0441941738242
6951351764905761864	9885894687597449413	0.0183555774554
6951351764905761864	9893751900832919539	0.0137282878639
6951351764905761864	9895375235149271726	0.039405520312
6951351764905761864	9902875390691863095	0.0171096477707
6951351764905761864	9901799574361835673	0.016448792374
6951351764905761864	9902574227474059326	0.0140663811533
6951351764905761864	9896874904552065647	0.0225074568303
6951351764905761864	9898784833645743050	0.016869380006
6951351764905761864	9905556880373407045	0.0389840587793
6951351764905761864	9888015933216887816	0.029514066805
6951351764905761864	9896348934397138751	0.0200320770054
6951351764905761864	9885719465627525146	0.0134303827338
6951351764905761864	9903044792705569861	0.0143061662851
6951351764905761864	9897785480693239775	0.0199760431138
14746576332720602238	9894042730243149864	0.0592348877759
4691571282757260226	9881940598842278864	0.0253836541283
11662294436115358864	9908658018609295958	0.0149721403089
11662294436115358864	9908130862954869620	0.0112210903345
2608585656407114769	9887314492126517864	0.0191040179975
11275020214687009864	9905508643600497743	0.0596549986272
1853989140660255889	9906191792470081864	0.25
2859341951953214864	9883381319894996086	0.0572598334314
2859341951953214864	9907357077266259167	0.031481427501
2859341951953214864	9897882147416935501	0.0503154605427
2859341951953214864	9891251899009231919	0.117041147196
2859341951953214864	9900801350741358941	0.070359754473
10014064094411939216	9899302325722939864	0.0304431282774
12893262796582502873	9906177662026382864	0.0267261241912
1956630943598523487	9896881527385200864	0.0605227532669
616089063066527001	9906168840174389864	0.0916698497028
43711513989462861	9895106735263476864	0.0144548521157
