7476007257864651383	9911706590723443125	0.0109232551869
7476007257864651383	9893878048203860004	0.0808452083454
7476007257864651383	9882719469659247601	0.57735026919
7476007257864651383	9885159371906628435	0.4472135955
7476007257864651383	9900454510816776988	0.0678844233302
7476007257864651383	9907196561519037699	0.179605302027
7476007257864651383	9889705839679905664	0.0158252414505
7476007257864651383	9902663326582666892	0.0572598334314
7476007257864651383	9900474302050554889	0.0354440602504
10206685449843352383	9885410090521053422	0.0637576713063
10206685449843352383	9901138123552736778	0.136082763488
14168684278166177258	9891421262478174383	0.016828722194
12921720570534323487	9900748844983030383	0.068041381744
11652060773452997544	9892201890017731383	0.0110892280547
11287910717714049258	9903014135265992383	0.0975900072949
9063543048093731431	9886576204411589383	0.0851256530759
4281078269033622645	9896302742014011383	0.0833333333333
5921903148132855383	9892950760463274534	0.0506369683542
5820024281879242383	9898116163006717753	0.0130321508786
5820024281879242383	9891262451782346403	0.0101744615945
5820024281879242383	9890172874522557231	0.0145989290618
5820024281879242383	9899199285056217625	0.0217391304348
8256011619974238547	9890573835312015383	0.017727598713
10104842621280705383	9885057297801708965	0.0138675049056
10104842621280705383	9885235418686100687	0.0436435780472
10104842621280705383	9881558123344378642	0.0186500961648
10104842621280705383	9903643846218950434	0.018983159915
10104842621280705383	9897653423246625540	0.0107365625419
10104842621280705383	9898580865661510301	0.0436435780472
8655134160085207006	10592273603725106383	0.0117468350214
37122553454968739	9899351120787721383	0.0798086884468
7090341189129061437	9900492997849951383	0.0149403576167
6593511745573539346	9907987952189398383	0.0115117566289
13024604224021207864	9891901306806357383	0.0201619459636
7454716335801328622	9887650646253968383	0.0117395476511
6700691228619842365	9892432864685178383	0.0218634734723
4027076137206707645	9901084170136087383	0.0401286176953
8503282666900911383	9896208703639492701	0.026407386651
8503282666900911383	9902646266892193668	0.0426014322842
8503282666900911383	9902978061666616103	0.128036879933
8503282666900911383	9893959983304601159	0.0191776503486
6026832836909872623	9889692014156764383	0.0142176901343
12575408755005657686	9900687285044757383	0.0524863881081
5728664459318681783	9889983629511902383	0.0281160778558
4742209675389111371	9902674983091780383	0.0642824346533
12289253269564807956	9886529664039495383	0.109108945118
4752707585430270238	9892824316652996383	0.0236359729624
12157917611703830383	9898574526314631065	0.0148823365912
12157917611703830383	9899052946923597596	0.0127205462829
12157917611703830383	9893817072456196902	0.0407231481188
