4002540609048092402	9900977143790545336	0.0830454798537
5159291666915904622	9890751698661259336	0.0160251471616
6124809406660438336	9884674307008516808	0.0210398134366
6124809406660438336	9903074698552399310	0.0102819949746
6124809406660438336	9901232630009541407	0.0192771643989
6124809406660438336	9891017119004210648	0.0181101183238
6124809406660438336	9890589769709988600	0.0470881609348
6124809406660438336	9898606674061272852	0.0262884956484
6124809406660438336	9896279458888321921	0.0248990522356
6124809406660438336	9904080854763140971	0.0282054063663
6124809406660438336	9903657568625025854	0.0332227747093
6124809406660438336	9900599998477493768	0.0668153104781
4568491762860671199	9880732390144896336	0.105409255339
1882750012046877949	9889007636849285336	0.0281941937217
6843715593967942414	9886168727942672336	0.204124145232
11795755523016831543	9891691729504660336	0.0129045687035
2840364374539022810	9900332748510000336	0.032897584748
176265806213979409	9888899304819394336	0.0335578027607
3502429179392117371	9888916330155436336	0.0170597798484
10136469987212388161	9901309531370235336	0.0198379900215
13426285730950801031	9891898253013127336	0.0221893733909
5681330807668920336	9911257199764376204	0.0107857859344
5681330807668920336	9897440882520404112	0.0125868340089
13226226765892210991	9894403266876914336	0.0304431282774
13224559159423874257	9907150240290954336	0.0143621247405
8201867466944223664	9895405617713654336	0.22360679775
4362863333474457271	9888278763766293336	0.0107933222944
1692666663028499225	9903710448192803336	0.0175682092232
2863135112409786051	9893096398565474336	0.0693375245282
6541509899484235196	9890556835976542336	0.108465228909
13738798904863319548	9896252396363252336	0.0191459895267
4497037811922927479	9909980761144837336	0.0131704418198
13738296271413351336	9898566962877572940	0.0971285862357
17292916601458116336	9893180154750066124	0.0304290309725
17292916601458116336	9898095452764918999	0.0117363131703
17292916601458116336	9901404763765013991	0.0174077655956
17292916601458116336	9889693371326551699	0.0228217732294
17292916601458116336	9897653268632650191	0.0106660978233
8054496110035974334	9889252377047385336	0.0638876565
12560878264399218534	9893832332680655336	0.0117460246434
12448595067136939283	9903444679836751336	0.0629940788349
280516805918891824	9894675778354225336	0.123091490979
1895540025422899336	9899021434753989769	0.01315106597
1895540025422899336	9886463616037805479	0.0147345892323
5531186769568507177	9882701409333990336	0.0649569802462
805365041636536960	9891586562991056336	0.0426401432711
17316795000621764099	9892642639616162336	0.0154028544134
2222252234062676846	9903580409506510336	0.0130432316993
4303628716374283920	9884360791542382336	0.0112866529597
3258675375576902269	9896830885512082336	0.229415733871
