3023094813134153959	9899703248041127230	0.0214917138552
5429624600371645743	9900784536111411230	0.0436852028331
4824443165764779734	9898538100641628230	0.0370116605099
11377487114625662230	9902235191301653606	0.012801589544
11377487114625662230	9885603458684165152	0.0330049180992
11377487114625662230	9900085152090492817	0.039013715732
11377487114625662230	9898113650591289605	0.0261086816663
17299142688237588220	9894741684580242230	0.0217288640208
7867239679968464617	9887290783876911230	0.0103963810259
1786047461947921496	9894106308613478230	0.01689343446
11081161230909175798	9903087712210661230	0.0190346746907
10010334963061112230	9888386803662457334	0.116247638744
10010334963061112230	9892411673379822115	0.0334076552391
10010334963061112230	9884398432555487219	0.164398987305
10010334963061112230	9886784802323199425	0.0387492129146
10010334963061112230	10596458302052596614	0.188982236505
10010334963061112230	9901392497320506152	0.408248290464
10010334963061112230	9884916964056860000	0.0286887655275
10010334963061112230	9907713795898176238	0.0194883275513
6031136123981730897	9901037007208401230	0.0313112145543
8472991796201117672	9903133840296756230	0.0140608180203
3626082713144110497	9899358907507190230	0.218217890236
17894792010207274232	9891500414434883230	0.0197796943032
5116303468079942569	9901040954160889230	0.0811107105654
2721003632431931900	9899073863486668230	0.0980580675691
5559388778231649230	9887593020703658767	0.0307292541932
4899278521791538608	9898835707437761230	0.0347524023428
5821784297334902066	9881784622837365230	0.0514344499874
16932136840933803412	9884667129919224230	0.0569802882298
4048181593952178060	9899864541228072230	0.0743294146247
6913841268626470656	9891489909029334230	0.0102836258724
4365092605741348772	9906087141432499230	0.0377425678048
14520676703506480722	9887989386034591230	0.204124145232
2525839498386985002	9903043113455067230	0.011390142225
10187670432377183624	9908036369418841230	0.0458349248514
5647033676752150230	9891913869497770770	0.158113883008
5647033676752150230	9891252491821225952	0.0632455532034
5647033676752150230	9897210019546371292	0.0183493960854
5647033676752150230	9897101442699973822	0.0115701689083
5647033676752150230	9901471005020091013	0.0280606766633
5647033676752150230	9902508308281908459	0.0471404520791
5647033676752150230	9895496997457468184	0.0331496772066
5647033676752150230	9892087446304462626	0.0331496772066
5647033676752150230	9902036982847402247	0.0415227399269
5647033676752150230	9894574571660258300	0.0274204248554
5647033676752150230	9887399094249258194	0.0370116605099
5647033676752150230	9893053015028911929	0.0167600380788
5647033676752150230	9887245343072242016	0.0149570600899
5647033676752150230	9894567403279608943	0.0254000254
5647033676752150230	9887145403477557512	0.0438529009654
