11885513827996124282	9889475049597638137	0.0384615384615
15383238335552040137	9896556175202012393	0.0113053907912
15383238335552040137	9892047090738067685	0.0154524256804
15383238335552040137	9909124211603826816	0.046625240412
12510205357729888022	9890729098424122137	0.0104564532832
5364867332748755032	9887030096548322137	0.0148511211906
14911421588173649137	9889281780318568205	0.0118428229075
14911421588173649137	9897733417010772456	0.0149704624762
14911421588173649137	9888182732519668835	0.0357599269926
5041747581539596025	9890156098265007137	0.0136386181397
11847006866278070109	9890941458890786137	0.0327385302236
12357437899497785137	9891219751209575127	0.103142124626
12357437899497785137	9900829225176188224	0.0350931203172
12357437899497785137	9890712837621671640	0.0118594677827
2914629854450428354	9893689606568442137	0.0100377122646
4940155133751539375	9887321699049146137	0.0924500327042
11653155362070153137	9901759077015165046	0.0101524150646
11653155362070153137	9897820935572746143	0.0223272140345
11653155362070153137	9887244071818336087	0.0354886720494
11653155362070153137	9896966731037893164	0.0145095250022
11653155362070153137	9885430461692044443	0.0971285862357
11653155362070153137	9900226808758707377	0.0312195270527
11653155362070153137	9884768645842971978	0.0207167697616
11653155362070153137	9895383859374224479	0.288675134595
11653155362070153137	9887175734615598730	0.0138888888889
4215781122410738137	9897510564061830782	0.0100974048965
2767661042976807910	9905212501269262137	0.0285830975238
747938678970567086	9903706827588344137	0.0168549965616
12481905128585845603	9887555328082458137	0.0518475847365
3894132925603884424	9885225617365429137	0.0135581536137
7048855455426762897	9896537066802149137	0.027066598098
6422365798965336040	9894420717421453137	0.0485071250073
4963658556695726598	9900456945931479137	0.015915175352
12994116992438818122	9893371315092630137	0.0196570283493
11198691976069542419	9890615655584403137	0.0707106781187
8821615649275802200	9889259038532367137	0.0129727986137
4221457690267491172	9902826067127615137	0.0110016393664
5490462787191545595	9897789036929491137	0.013967243324
7036396451325267012	9908680708928309137	0.0380693493813
3677013892074398137	9882024586907889878	0.0457868546496
3677013892074398137	9892740079379127680	0.0286181903516
3677013892074398137	9882344364429010834	0.0975900072949
3677013892074398137	9901494519815621552	0.0491473187183
3677013892074398137	9895716199773385074	0.117851130198
3677013892074398137	9899061068877821384	0.0106733858992
3677013892074398137	9898783927370047698	0.0184994958956
3677013892074398137	9894549708156218286	0.028375217692
3677013892074398137	9895649052160489097	0.19245008973
3677013892074398137	9902895014319379563	0.0949157995752
3677013892074398137	9882510416558348944	0.0218530299688
