3012456187827433485	9904993281886103228	0.0288795491129
2649730982974691474	9905719221552481228	0.123091490979
2476213655082650228	9888467312794006186	0.0208197831964
2476213655082650228	9892838219489641253	0.0572598334314
2476213655082650228	9881280969196676528	0.0158192999292
2476213655082650228	9905060665682387752	0.0146678662212
12441925614721421299	9897637665122848228	0.0368354734342
5149525731466953228	9893978232628528215	0.023186944788
5149525731466953228	9893854881232909684	0.031265269974
5149525731466953228	9898735420155024914	0.103695169473
13337184072685524270	9897474383302826228	0.377964473009
5949710492594768899	9880523921109264228	0.0202901960154
7001371620076713318	9903454936238433228	0.051031036308
13763217749104725368	9908881520217448228	0.0292853706329
11940444114473788718	9903768971327950228	0.0508986598559
15837883163250592417	9887715234011887228	0.0567961834247
3327095027195269281	9897891149741023228	0.0168838003363
5815849745768219777	9907506301626066228	0.019687480774
4597137000640036228	9892931175458319148	0.0195291641716
4597137000640036228	9907914920520767835	0.0163824395728
4597137000640036228	9897291671087547629	0.0329690236698
4597137000640036228	9893218354103876175	0.014187608846
4597137000640036228	9892732795246058237	0.0601929265429
4597137000640036228	9907914323547108883	0.0197913123332
1810300630775248228	9893631706086121967	0.058321184352
1810300630775248228	9905673660610962235	0.02326210526
1810300630775248228	9899522928062155716	0.054554472559
1810300630775248228	9904491634103674899	0.0100835351811
1810300630775248228	9882598158212077071	0.0727392967453
1810300630775248228	9903795643145751126	0.0225074568303
1810300630775248228	9905022036764223247	0.0365392047621
1810300630775248228	9898729145164718899	0.0196494372973
1810300630775248228	9907801876984821878	0.0176035605042
1810300630775248228	9888746782092374432	0.0258976989622
1810300630775248228	9901729338606088615	0.0405220449237
1810300630775248228	9898262642871556755	0.133630620956
3017845353805041873	9899072373151302228	0.021837392736
4755038166924214918	9893481511102078228	0.0135457092296
6110355782135255228	9883646134706084811	0.0116841247567
13686869284311306403	9886582466427705228	0.012515654358
673069203571059729	9898679473798082228	0.22360679775
15884942385870515356	9890542207230973228	0.11396057646
1988804436677723228	9893805480392988874	0.0285132974256
4203818029352557070	9902862428351867228	0.0733235575107
7202129867302731099	9904567255468334228	0.0285132974256
14207963897210638469	9901451729161747228	0.0392232270276
4875277308957819137	9902702934803179228	0.0118179864812
13091668833558474597	9897308395723120228	0.134839972493
9935084770029328474	9904243376282091228	0.0453609211627
809358326155041389	9881884820125348228	0.0125858370714
