8431650613066676722	9904705549074744888	0.103695169473
13476395356877913105	9895026677066933888	0.0674199862463
5813680989144201111	9892895071878541888	0.0278639106288
6160033709820715615	9891756428789398888	0.028171808491
11200984595615783954	9899487107990939888	0.0308020551817
4494876962332852980	9890060762809770888	0.0517780373078
4489824862707252616	9900672759619423888	0.0936585811582
13863945258168816102	9907968096572941888	0.0179779366324
2719902355483531102	9901858600048903888	0.0170746944191
12628285357281670888	9883612724139501189	0.0274204248554
12628285357281670888	9888699116487033823	0.0137947438245
12628285357281670888	9885515098238511661	0.04472135955
12628285357281670888	9893669489048488414	0.0894427191
1812894198416479732	9909781749541043888	0.0833333333333
14017443467609396902	9887864870571819888	0.0133654489961
6503007070056556888	9887792315800324241	0.0464238345443
6503007070056556888	9904116417078637747	0.0147570334025
6503007070056556888	9895779413084718129	0.0790569415042
6503007070056556888	9911153935828424949	0.0180893651323
6503007070056556888	9885257503338972808	0.0883883476483
6503007070056556888	9898239643364136454	0.0606339062591
6503007070056556888	9900894629001799769	0.0184302445194
6503007070056556888	9910945548301844095	0.034020690872
6503007070056556888	9898213847854469832	0.0122278997011
13711434920594612101	9888535005827021888	0.0138568498868
14453961446928066041	9885391136993818888	0.57735026919
7721680026666382325	9906792679958543888	0.0167930907287
4704140359060140888	9908410254714633666	0.0196342815393
4704140359060140888	9888427614428730627	0.277350098113
4704140359060140888	9895918028848920009	0.0905357460425
4704140359060140888	9891471500727904609	0.0598684340089
4704140359060140888	9885026382632291676	0.0208832444724
4704140359060140888	9881420156266818956	0.0928476690885
4704140359060140888	9904612941160759983	0.057735026919
4704140359060140888	9904675746365899093	0.0285365072768
4704140359060140888	9885778268171583320	0.0129002729082
4704140359060140888	9891206196381085750	0.235702260396
4704140359060140888	9898298746467481280	0.0128628667939
4704140359060140888	9900381492006856435	0.0184302445194
11070645848299101726	9882818009201434888	0.0146254484825
12465319497040527749	9897484858668664888	0.0465242105199
7840504154398458960	9882933470758551888	0.0299074302277
5131742879268047540	9882740772777466888	0.0652328073053
15465071361448103888	9904934582585557819	0.0326511574224
15465071361448103888	9893407830883032971	0.0247083105554
3845934953072473700	9888215717892987888	0.0131933469533
13707158937468824365	9888546361727669888	0.0178174161275
13652042795889584237	9901213173834352888	0.0105479598527
8625809175660366345	9910786750492165888	0.02484519975
2427594323789832882	9909799432022021888	0.0562543950463
