5304737356719020319	9887873537918926732	0.301511344578
7228164614835303382	9895700364215309732	0.0195403460587
5009364192820828937	9881878003955403732	0.0430331482912
12279836496523442962	9896291905753369732	0.129099444874
13973176665081751336	9901365799806064732	0.0237289498938
1355800587216810748	9892762975850021732	0.047619047619
13426459455143677888	9886188751038154732	0.0143003138953
5507603564092739271	9901553661705113732	0.0721687836487
11548248883451762223	9880642475087076732	0.0268996096895
7969875226192533192	10598165856598533732	0.0230387838792
9604816201057085005	9883993503041365732	0.0134255403385
9604816201057085005	9899292378488264732	0.0413802944301
14612878698188098507	9889771707379562732	0.0129455939563
3712434152732816732	9908335294848249198	0.0160025606146
3712434152732816732	9902364701781405530	0.0382919790534
3712434152732816732	9906917740773367765	0.0282391247362
7107472064880711732	9906422685750846258	0.0115255111389
4491407882950878399	9888633725658788732	0.0131864628688
12772432701841725973	9888515794472081732	0.0232119172721
13331952952047820126	9888074048415549732	0.0113842360062
13431666561788802732	9884596280260024843	0.0508986598559
13431666561788802732	9906110802427398735	0.0710669054519
13431666561788802732	9889183378330056805	0.0625
11079207774792947504	9895474796817450732	0.010977748699
5180797036304878610	9904616218191722732	0.0279727119432
7437635000208167504	9895405269935167732	0.0890870806375
6133690631452330172	9886988431013059732	0.0540738070436
15267734080709291522	9881277619153822732	0.0363696483727
651023832701693563	9905905953902446732	0.047619047619
4194872725148060748	9909559167194039732	0.039405520312
3890500044772314732	9894191941629786901	0.0203236920283
3890500044772314732	9889661786169162335	0.0223216510061
3890500044772314732	9904984915303493917	0.0149570600899
3890500044772314732	9902417955044345173	0.140028008403
3890500044772314732	9898694338606954785	0.0540738070436
3890500044772314732	9910392906323647475	0.0184427778391
3130513409565099368	9896970755478766732	0.0811107105654
12667883452958586897	9893894360541275732	0.0301785820142
6024892358058145108	9897278683004452732	0.0132221471337
6105937471411613727	9889201116539077732	0.0601929265429
2752109451055460881	9897101558611411732	0.0103087305528
12917917631822825728	9888936946101071732	0.0331133089266
623319629223430214	9897280323727237732	0.0371647073124
3410000741762052732	9911485125083256677	0.0117590108548
3410000741762052732	9888211384263610035	0.0426401432711
3410000741762052732	9908187517908509719	0.0857492925713
3410000741762052732	9898264674394141629	0.0120983479624
3410000741762052732	9885201956514174684	0.0731272424127
3410000741762052732	9891795882435779243	0.021077167773
3410000741762052732	9910144455318586600	0.0248069469178
