5667187143603192243	9902728537056944570	0.0166113873546
5396833542947607570	9899851218147535168	0.0615457454897
5396833542947607570	9909139750763952420	0.0137308759095
9083036658258193816	9898931210466331570	0.0162392450615
3157024456084370570	9907961860268332782	0.0340799088295
3157024456084370570	9903766072220764508	0.0326511574224
3232395887872902952	9897543472064276570	0.0215465206794
5313782297779770570	9884217017402162744	0.0183124385533
5313782297779770570	9897084108146699159	0.0350931203172
5313782297779770570	9899441396659731075	0.0241966959248
5313782297779770570	9900260000215198770	0.0108299720511
5313782297779770570	9888797917861264264	0.0154046818862
5313782297779770570	9888619912942497311	0.0142047747432
5313782297779770570	9884248757282848679	0.0126128378256
5313782297779770570	9902583749365685931	0.0260820265479
5313782297779770570	9903226315149588737	0.0115655250515
5313782297779770570	9881827722800341860	0.109108945118
5313782297779770570	9889828924709899614	0.0201455741006
7688848275340998488	9902881858891696570	0.015294382258
13239307877506166451	9884522110417331570	0.0151168513789
5426160813342233721	9883228487759161570	0.0599760143904
4615335620643454570	9887881453568620506	0.023688968484
4615335620643454570	9906130941411341428	0.0269484027818
11534212974454424258	9891205019563840570	0.0289036656508
11361887404267478390	9907493859096766570	0.0300964632714
4011060728917658271	9903784119671183570	0.077151674981
4531695887206543388	9892502365800148570	0.0175953835769
6271547562302903548	9883198117940973570	0.0177220301252
1595048912537143071	9901971076558893570	0.012634967393
8338544807786959683	10602402871921019570	0.0690065559342
3876245597912860687	9892543150868528570	0.017220914758
3753887144678833764	9889685262422049570	0.0218791668397
1190961123522540426	9883159360265653570	0.0793051585718
718797690693632514	9904792642511838570	0.0224055357474
4865543664934118709	9901189568602575570	0.0143384833669
5566284641251228748	9888712503861285570	0.0686802819743
3894252865340262650	9902077145181411570	0.0189865812289
3634407888634590974	9886536918245430570	0.0707106781187
6230801238419176571	9892824497104977570	0.0143325912428
4045541933157192570	9894050890678113575	0.0487950036474
4045541933157192570	9893374020877245653	0.0151306883167
4045541933157192570	9907316214942831571	0.0139699689057
13144120072380098122	9888178776965205570	0.0279508497187
7658145237180100699	9903317888186330570	0.0379049021789
8281144271146542570	9898858913212694941	0.0140441681412
5936052059183969870	9905375177555937570	0.0599760143904
11035138717443714208	9897948929914261570	0.0901669634667
4285252413234625431	9906259945114249570	0.0143473351941
8319263711380349242	9899231909648233570	0.25
7822762305309234054	9906276347593885570	0.0230755576997
