1115629201254502575	9903065009120215994	0.0155643201591
5442065338463780635	9890681922557706994	0.0205498734132
2245643252991647460	9889314314691972994	0.333333333333
12795935765743644297	9902667041712948994	0.127000127
11727351617933674118	9907476318501781994	0.0890870806375
13328943417681169549	9888995387622201994	0.0555555555556
336357666764654994	9900497859787014838	0.0962250448649
6320961372005719261	9890784529278202994	0.0136386181397
7246014992670314149	9903637429492741994	0.0113621692361
5167444311523998994	9887298312956451597	0.0593390829097
5167444311523998994	9906600639101569074	0.0170300675823
5167444311523998994	9893523112066831168	0.0128628667939
5167444311523998994	9896355986649188968	0.0155492603393
5167444311523998994	9881460434406682802	0.0347524023428
5167444311523998994	9906984098139125965	0.051031036308
5167444311523998994	9881538151733909134	0.035805743702
5167444311523998994	9900659771585478409	0.0192879187453
5167444311523998994	9887802224243155740	0.102062072616
5167444311523998994	9894126305931576453	0.0286299167157
5167444311523998994	9888672195761427126	0.0367607311047
16265177280335177159	9897669086949719994	0.0119497257121
322835339105363623	9898232049870231994	0.0136082763488
10558651650486392769	9905987695698368994	0.03125
781111391554292915	9908746318841267994	0.0398409536445
11401734234161858173	9906736579081395994	0.316227766017
12259677647720122328	9883300411340663994	0.0325300024316
3343950082659134350	9882277427357284994	0.0251497727414
2360396130010549136	9887281416546077994	0.010903109356
10455745252500421994	9904289079082328371	0.022388683142
10455745252500421994	9901626074866832803	0.0104627470096
10455745252500421994	9905860345700781418	0.0173291748303
10455745252500421994	9891221138612394747	0.0124370028942
10455745252500421994	9892330352456781054	0.0527046276695
3568737495757524373	9900487886914178994	0.19245008973
4455639104053913779	9903905568643448994	0.0598684340089
4221710447497891159	9902552507718929994	0.0204379779828
10953118159488744848	9896231651683148994	0.0130343647834
6322629146628106994	9904382017810270008	0.0172696375685
2731811617570775780	9906573980203989994	0.0493864798325
5436207379323239459	9904861692824604994	0.0677285461479
3726931095828412584	9895148993508755994	0.0103778895905
12390909937227664026	9898990261956325994	0.0350070021007
6175834628779958286	9890371134482071994	0.0650944554904
15489242049743278994	9892931484669021337	0.017902871851
3530314254180866906	9894247020268754994	0.0920574617898
2907856854414787848	9904184599724710994	0.0250313087161
2405251100920631610	9888460586975242994	0.0589255650989
6036360520976969217	9899656759229750994	0.032897584748
1436918490074860994	9897294724720868303	0.016188097706
1436918490074860994	9900692860005167384	0.0566138517072
