4268468518051735506	9891371715760710896	0.0152534047493
4268468518051735506	9887162424520879301	0.017195436249
4268468518051735506	9896871941112619850	0.0790569415042
4268468518051735506	9891185241213855662	0.0714285714286
4268468518051735506	9887103050892748727	0.0690065559342
4268468518051735506	9894583754352255247	0.0230571487955
4268468518051735506	9887546553498376164	0.0326685760192
4268468518051735506	9893592913906696016	0.0247916951814
4268468518051735506	9900064029439172838	0.0845154254729
4268468518051735506	9879443620689844495	0.102597835209
4313402567172953255	9887129735513544506	0.0134839972493
6521646033984311757	9903942071553506506	0.0206152704388
2652966563090743167	9900727709414095506	0.0189015992375
7453999028912086983	9892613931979034506	0.0213200716356
4826789749666979048	9888798059674045506	0.012944509327
7303785473421321229	9905290150130161506	0.0418853908292
13307956794152451506	9898080575036690314	0.0200401204014
13307956794152451506	9901298484789711517	0.0216421827675
13307956794152451506	9908173627953606858	0.0496903995
13307956794152451506	9901328171603776804	0.0816496580928
6330330495675104994	9900792150998339506	0.0367607311047
7259011912685815863	9892376218361136506	0.0158890370892
4546349720052843874	9893901241150280506	0.0267835792003
5009880131611455461	9903188957596757506	0.0139849881797
9753243211860552380	9901932241434934506	0.0220755392844
12226710798701846121	9886765410537244506	0.0674199862463
1894863640283699356	9896295242907067506	0.0953462589246
2864406388417676252	9897921691214505506	0.115470053838
5321814683594765084	9893705167135661506	0.0280275927336
5083296344040750447	9907868934333670506	0.0201537550448
518164701526626284	9885393713939791506	0.0300828418798
1922685824538353844	9899750127537030506	0.0246631811833
3757873373116669537	9887898646163136506	0.0533001790889
11784191066406685812	9896143961269969506	0.0626224291085
13864863157808914962	9886870461222958506	0.0169588990369
11484909771690843604	9903048232913821506	0.0117041147196
6072606072543828362	9905051349907070506	0.0107205092449
2263878477624191106	9900423453884793506	0.0569802882298
8528878635551846522	9898007582008606506	0.0113533783882
12628941361650154301	9906418158805079506	0.0277350098113
3829949641814899156	9905502214022162506	0.0898026510134
1324442175240638556	9886442454700048506	0.0365392047621
2672834942971459809	9896434374090256506	0.0240771706172
4318435676562722139	9908835366395129506	0.0126836572358
15757721469431330678	9888947464424500506	0.0205368685347
3637230842291657506	9889415727454738507	0.0179953937687
3637230842291657506	9887265108517657494	0.050379272186
3637230842291657506	9890133253420733217	0.0266880256342
3637230842291657506	9887732306513640585	0.0318788356532
3637230842291657506	9905762283007650183	0.13130643286
