299126209201912181	9899382718864722638	0.0800640769025
7124537550814927708	9899693146152573638	0.012484404236
3039077571700289832	9895964221270166638	0.013870172503
5484558675791055529	9901533754461961638	0.0355334527259
14036690209493872109	9893596083584706638	0.113227703414
6735973985706518563	9896173699592024638	0.0462250163521
2561785346246532946	9906141923660640638	0.0236558045751
5030658792550075638	9900997618059898827	0.114707866935
5030658792550075638	9899288513003301520	0.166666666667
5030658792550075638	9890814190386880473	0.0244851053437
5030658792550075638	9902345181189644637	0.0215365246127
5030658792550075638	9909095456746268104	0.0197951895616
5030658792550075638	9901431976618657595	0.0195366166291
5030658792550075638	9883168804947195819	0.288675134595
5030658792550075638	9887380196393881710	0.0714285714286
5030658792550075638	9889105355942965164	0.0780868809443
5030658792550075638	9899918803794765656	0.0267261241912
5030658792550075638	9904397917864647457	0.0279508497187
5030658792550075638	9892944343876020787	0.0250627353559
5030658792550075638	9903593629398300844	0.150755672289
5030658792550075638	9895603594361413366	0.0190623212916
5030658792550075638	9901136315420345993	0.0172825282455
5030658792550075638	9888022929694585217	0.0303728369615
5030658792550075638	9902590127418791363	0.05
5030658792550075638	9885459929485599782	0.0833333333333
5030658792550075638	9902295896365852819	0.07453559925
13136417344123548014	9907824786397530638	0.0160005120246
11738984753547118936	9890635704402607638	0.011338772209
13740436037449349093	9900630393967140638	0.136082763488
10281666564308236121	9902598120325927638	0.0107958379272
13502430882437736579	9904576090279312638	0.0125294002758
2370961010320175016	9902025274753545638	0.0615457454897
4155205367411208731	9908120799893565638	0.0674199862463
4688256745430204735	9901110377999603638	0.0456435464588
14023508803829726562	9886575388250543638	0.0137102124277
4875423744995813652	9897236304696636638	0.025359156467
7617870607389245873	9881983999484974638	0.121267812518
12579348221825380041	9897837844864852638	0.0348155311911
2618584171913473850	9890075185439046638	0.0319764739696
590675779666506181	9892671420145514638	0.0306425706518
3233460889194469958	9903886176772050638	0.0152872320088
13263317300393999558	9885489525985669638	0.0119182823656
12368114739978835660	9900730943530439638	0.0182757034339
4785967203621078516	9887937154958344638	0.0183493960854
13507297306007182545	9901355685102737638	0.0452215631646
1786619074646974032	9901726645720055638	0.0154857403271
2522386077743273604	9889757400687285638	0.0110498924022
7363787860437500207	9884182606190213638	0.0221566698015
370253245607207209	9884182606190213638	0.0156671314651
3584146510815965638	9900695278128750618	0.016188097706
