4546162472595447780	9907459074157732013	0.0355559067267
3480007307551729007	9906157406985661013	0.102062072616
4023700557079023991	9903620073483109013	0.0266880256342
3032543783936328013	9902692394889226858	0.0367607311047
3032543783936328013	9886993189894089962	0.0123054207474
3032543783936328013	9894930864964332443	0.0511644510097
3032543783936328013	9896692334147968054	0.267261241912
3032543783936328013	9898007191120719702	0.0182391885055
3032543783936328013	9896662879265152305	0.113227703414
5479439812051107810	9899696689581662013	0.0223942964511
18162734859137978013	9889311763557929343	0.0251259453815
18162734859137978013	9900223849618199131	0.0159800693025
18162734859137978013	9885238459525051397	0.0569802882298
16792303364690426316	9908030949115268013	0.0127921592742
7560835580322296419	9902742869343794013	0.0134110445196
13733876717819315743	9908697446481505013	0.0115393150697
3142379226740691005	9900520498697696013	0.0119352479007
10025209105571163994	9899093976799075013	0.0147058823529
8101599184225593013	9885423490976201584	0.0149370238316
8101599184225593013	9904607301797069090	0.0124006121093
8101599184225593013	9891198306479049854	0.0306425706518
8101599184225593013	9894259823574083437	0.0422577127364
8101599184225593013	9894173481819344527	0.0103589406329
5022362079933588469	9902511658397586013	0.188982236505
5026402062580998619	9906328415530850013	0.0279072786093
7759647314018962823	9905571212723389013	0.164398987305
5964046458248520673	9890600648838054013	0.0268801665285
2870598491554347044	9888062409066735013	0.0210959197054
9666010956361807986	9889874146563468013	0.0230571487955
18070598839372359034	9892917878248044013	0.109108945118
9295063830411607593	9899882790504095013	0.0131351734373
5959370716509000013	9903844618713029430	0.0292103118918
1408108029699766013	9888297292178395031	0.0377157143202
5657032768290872599	9894963240442424013	0.0721687836487
5586670398228635661	9893414015701662013	0.166666666667
10860738796535109667	9894961157363902013	0.0339422116651
4558605699688072030	10589780220735352013	0.129099444874
10688516449004323006	9887043174763246013	0.115470053838
7309769478864292605	9898587681910427013	0.0559016994375
5163484568234699586	9904964346760558013	0.117851130198
2843397567966117164	9891348664636442013	0.0259937622455
14055821461355927524	9880265007586440013	0.0214867521297
11518792277008682702	9905664787073533013	0.0337099931232
6526703292653050544	9888673217927611013	0.0755928946018
13267626569894318775	9890602061959222013	0.0101744615945
6901900833854574013	10595616080508221362	0.0371134809513
6901900833854574013	9897156289417844817	0.0592348877759
6901900833854574013	9906759926569775726	0.111111111111
6901900833854574013	9907352846751785395	0.0675737378399
6901900833854574013	9900149533683776816	0.0365880866632
