12511960244875646936	9887099597572079129	0.0857492925713
12511960244875646936	9884322063703621176	0.0197719603071
12511960244875646936	9891649196367249547	0.0151934281366
12511960244875646936	9887488206194964631	0.0180657343382
8182946466284446266	9894888654025754936	0.0216067907851
7352024818921929936	9880706792147191474	0.0134291716437
7352024818921929936	9907918077323063357	0.0839181358297
7352024818921929936	9903294759873769343	0.0116302659773
2663336996656446464	9895665106910778936	0.0127256952595
6673082895362394422	9893808817700566936	0.0127942530887
1832977616195842938	9884879078114081936	0.0514344499874
4831775338187926466	9904832740348002936	0.120385853086
982661113031715866	9903948436600218936	0.0111407215121
6608800188281207560	9902174512042335936	0.288675134595
5852674332606197497	9898407482093318936	0.01689343446
1770640177225626925	9892893212219102936	0.0800640769025
4554951429371519936	9890115961822175453	0.0130100736971
4554951429371519936	9883099548581663436	0.0162050930888
4554951429371519936	9891643840485472408	0.023087854827
11675587711868046962	9903796107021760936	0.0314658387764
16860807349953823107	9903123570927864936	0.333333333333
10671443986047954315	9890225316007775936	0.010462174383
7823596317768472565	9892258300074989936	0.0175600814368
882183999740340466	9887344750196365936	0.0150024380943
1031864708012239575	9902322684171868936	0.0753778361444
1642256504926286569	9892109969144008936	0.0100220728672
9647712020692301916	9886665123135263936	0.185695338177
5094429791109177507	9896592961491622936	0.150755672289
14490907536753411567	9907146645429362936	0.0481125224325
499811893413253367	9903865676899695936	0.0156767544201
9438930399931900312	9893148762878597936	0.0298807152334
5375180881160024763	9888505937462916936	0.0225761820493
6910175119095105683	9887718596931892936	0.0217597069945
1681158247833160644	9905778672516610936	0.152498570333
14692708719803542588	9886307949355782936	0.0506369683542
7323431739652288640	9903135626988638936	0.0211666878334
2254362092921420182	9906605595454085936	0.0522708373489
579838572952687014	9893647227956625936	0.0570730145535
7655004644976191915	9891999798896892936	0.0331133089266
4855442233012440350	9887798951457989936	0.0555555555556
5776600486383407046	9886868790289658936	0.0936585811582
810464460684678226	9903158562032372936	0.0180451331846
13010903301373023447	9905431961373642936	0.0188110882661
436464962124355636	9900476698596121936	0.0276394996411
13392008101137459663	9898457114807756936	0.114707866935
13392008101137459663	9908210311252290936	0.0100060054054
11994089479338488974	9892368547526347936	0.0476731294623
12116802344957814985	9894374924328082936	0.0279727119432
535819053802838375	9889596949404045936	0.013653865342
814943802687524936	9896286287984237177	0.0154968931843
