7534955344660956162	9902375048293351564	0.023688968484
12053620841208383101	9890957783942771564	0.0418853908292
5223382897789713478	9897935722923585564	0.0496291666985
6971330634141214564	9887354400891102893	0.0533001790889
6971330634141214564	9886711070611748333	0.0246182981959
6971330634141214564	9887924373238330317	0.0270765180537
11207148591610344770	9898921946109728564	0.0234726263407
4915184379972192564	9898053448019558908	0.100503781526
4915184379972192564	9885298211011307396	0.0526315789474
4915184379972192564	9893863934947915902	0.0424859288662
4915184379972192564	9907693424808151042	0.160128153805
4915184379972192564	9895226113880864150	0.0490880693674
4915184379972192564	9899666899706130582	0.0153682555361
4915184379972192564	9904037355342815592	0.0108972814129
4915184379972192564	9890374798027676401	0.136082763488
6518732736476957300	9885652743470556564	0.0284325067018
5423932304525712766	9895170116218362564	0.0100763659408
14827305993654830356	9885406933849983564	0.0163868381336
1631903675074521249	9886264346733666564	0.0191354707147
4423686510721133564	9897271480380408580	0.0114624944667
4423686510721133564	9905006063762456878	0.0280386077046
4423686510721133564	9893873315074810214	0.0785674201318
4423686510721133564	9902200977646455274	0.102062072616
4423686510721133564	9902718340827615358	0.109108945118
4423686510721133564	9907431805402226062	0.0990147542977
4423686510721133564	9904037857837397090	0.0237893034035
4423686510721133564	9881125512893079916	0.0348155311911
4423686510721133564	9889515783064929657	0.0224393554433
4423686510721133564	9899853481635200908	0.0202485579744
4423686510721133564	9896875664890268003	0.0785674201318
4423686510721133564	9885751570602921456	0.117851130198
5106125095197076878	9908130630996269564	0.0798086884468
6153362048342425564	9904775969504047320	0.0659380473396
6153362048342425564	9901755958834198696	0.0251180179652
18313020223243948564	9894650485215718448	0.25
18313020223243948564	9891334388179904521	0.316227766017
18313020223243948564	9893138596596795391	0.0147925109682
18313020223243948564	9891247874628962602	0.0429536779588
18313020223243948564	9883569117306633446	0.0364178520365
12383216574810611611	9901894510314773564	0.0110640862326
12547747715961175152	9890112633167283564	0.013555661993
5225266638211291564	9892003836116881572	0.0467269313516
12003059584786653638	9895566240895643564	0.012634967393
5717672540165375158	9892059185389587564	0.0399043442234
10928593109550879937	9888647581164922564	0.0122627867897
5373898632718688644	9893252374481167564	0.0116977067724
2235627820495575564	9897609288136676960	0.0166852161066
2235627820495575564	9895834908380105636	0.0131944953492
2235627820495575564	9891371161580108278	0.0553848775622
2235627820495575564	9905153630313249742	0.0273998312176
