13864635845060862042	9882792149203119860	0.0110404601406
3586612999350206290	9900444692503086860	0.0169467185433
5706517234211209479	9895361766272326860	0.0236956180191
3883414748395405599	9893098765127149860	0.353553390593
11916104098100992010	9899608007011128860	0.0170796746421
4752793043900963642	9900792876887028860	0.030303030303
12857179624694201274	9890108832193272860	0.0560772154092
6316342344869971368	9881598934219888860	0.0481125224325
4476692234895083382	9895357746001001860	0.377964473009
2532618779534550470	9894056585697089860	0.0198849995424
4572297941336315982	9900467820869742860	0.0466760028009
3406049894065865499	9887517489446467860	0.0376088707222
1081848707882056860	9895175356062162065	0.0187911507001
1081848707882056860	9884923071385993869	0.0167225015523
1081848707882056860	9906617247796739029	0.01490711985
1081848707882056860	9901332698397791665	0.054554472559
4623302853018639004	9887083465801583860	0.0131193383822
5028400249581884958	9881781401635659860	0.0156402811772
6563845302205148860	9889651950622710239	0.0357142857143
6563845302205148860	9881933572330543552	0.0615457454897
6563845302205148860	9899686132495443534	0.4472135955
11729813231300518663	9901087674888065860	0.0474578997876
6174116649787616295	9908564534369641860	0.0100779009193
3830074145731039860	9895032277700253236	0.0317180739848
7673251022974966522	9904553971209293860	0.0975900072949
12279973713200257241	9906402507920400860	0.25
5701681762659047807	9889700320666572860	0.0548821299948
4069689808343342860	9888444158653434932	0.0428352936878
4069689808343342860	9887033008483880590	0.57735026919
4069689808343342860	9887598994999478466	0.0396214425875
4069689808343342860	9909597065965894260	0.0407908508224
4069689808343342860	9892120886880726982	0.0273179182354
4069689808343342860	9886145895905800525	0.0352672807929
1559571765928147353	9889566218891270860	0.058222250974
7155466735254048626	9883340225668347860	0.0189524510895
7399199201354124517	9888811537327108860	0.0468292905791
4007240818426182640	9898584048137444860	0.0143888615767
5460956872606864013	9909054336689927860	0.0693375245282
11118490474948347331	9886136038948881860	0.0173291748303
1863683380435427594	9902997681158751860	0.0377425678048
13131520274528069185	9887128223663516860	0.0562543950463
13032014760735873794	9905594444194263860	0.0198068349335
4454509660788344860	9892053039285783760	0.196116135138
9846316429521170132	9882357481224730860	0.0111234774044
9461878225628166582	9902121473370976860	0.103142124626
8965918179182686378	9879552742956352860	0.032897584748
4905486441591780132	9897879755072850860	0.0623782861552
1533137478375673860	9880751275193913432	0.0154284983795
1533137478375673860	9903931346921808452	0.065512178208
14499932771918635860	9890136461791627014	0.213200716356
