403319986315675180	9898771858471769270	0.0103417537999
3581524536233892421	9891828854934707270	0.0135184517609
5345366400921740777	9889662726884784270	0.0295398095634
1883417943345554120	9883738583825656270	0.104257207029
11411943450707230435	9894570779307099270	0.258198889747
4300364640287071958	9894038031506807270	0.0360141203033
1670401945620591672	9906915073639452270	0.0733235575107
5963037864562741215	9899367420074787270	0.0376088707222
6448721397022122816	9910591531296678270	0.0529256124025
10754717583921645634	9890467401757567270	0.010295063928
5170223315725762055	9891835439083900270	0.0242678419058
12134878590932353674	9890926366307545270	0.174077655956
6399465462854872600	9895093266333173270	0.0296695414548
12011611254565456072	9904712739034395270	0.0338837073786
6843649984396081334	9898662774925923270	0.0116594788703
7249660810315853639	9904223662528616270	0.0170846592255
12149991586458841789	9886102018482799270	0.0296956935458
17100015106462467110	9892570561304235270	0.0292352673102
6788962573408610016	9890718906511294270	0.136082763488
18219106359609132270	9892798856136267617	0.104257207029
18219106359609132270	9904157343777147153	0.0272266385059
18219106359609132270	9890967215785338619	0.0980580675691
18219106359609132270	9902642826620599899	0.140028008403
5360388516492732279	9902746150793263270	0.011656310103
26700411492612872	9885423709990214270	0.0225704308883
12597896510279706580	9898561010080250270	0.0358979079309
5009456725136697270	9898653523600836790	0.156173761889
5009456725136697270	9887066547895455301	0.0535287727572
5009456725136697270	9895389099334764768	0.4472135955
5009456725136697270	9900593208129163461	0.0166435666325
5009456725136697270	9890341464816153799	0.107211253484
5009456725136697270	9896324397071611974	0.0215765926001
5009456725136697270	9895183387675500156	0.0501885613228
5009456725136697270	9896659103932295658	0.0103373323573
5009456725136697270	9893877429717380651	0.0425628265379
5009456725136697270	9894968415825603259	0.0126592420885
5009456725136697270	9889220349456000140	0.208514414057
5009456725136697270	9910143927034982911	0.150755672289
5009456725136697270	9888553023155019313	0.0232999606231
5009456725136697270	9903584382382158433	0.0101807870297
5009456725136697270	9896145825326758992	0.117851130198
5009456725136697270	9896249939620094704	0.0275554249227
5009456725136697270	9909004394813004905	0.0944911182523
5009456725136697270	9879214561558309631	0.0246857149306
5009456725136697270	9894698880822709676	0.0701862406344
5009456725136697270	9896034332237257810	0.0209795339574
5009456725136697270	9894650085773521202	0.0646846227353
5009456725136697270	9910048192146991029	0.0411345034895
5009456725136697270	9896515248407529646	0.034900240638
5009456725136697270	9906001598578039434	0.0149570600899
