10852299099387173194	9883728739757062837	0.0156921880979
6338172336178892189	9896187877384937837	0.0456435464588
11425741083764002513	9896441216025641837	0.0428746462856
12521087595069001821	9893872163993766837	0.0102522320257
5523654323661387097	9883456297114322837	0.0310236024279
1516322885420064281	9884311145975795837	0.0851256530759
9164185031219719618	9893129564343027837	0.0142105105701
1049556300723135304	9894911602135510837	0.0735214622094
12424694566663239078	9896851011642151837	0.0949157995752
10320778533030339212	9908902277782633837	0.0122014747594
14371260868469321118	9883367881007963837	0.0297350516725
2202932114549741704	9894908612789281837	0.0252860868712
2539561050803078615	9897341368248628837	0.0103723055764
11819906192618564010	9894722795328051837	0.0610847221782
1103856209878184951	9890344024574614837	0.0236030308237
12087955385105435032	9903394879738810837	0.0119488726173
9733808098102333071	9891284935915164837	0.0350070021007
12272620154049930809	9901577502922477837	0.104828483672
16886261215554659837	9892901514448394708	0.0800640769025
16886261215554659837	9892788470974591730	0.0180421959122
16886261215554659837	9896463893503498090	0.0173709571088
16886261215554659837	9893825323261319237	0.0235571423716
16886261215554659837	9895225946439838793	0.0839181358297
16886261215554659837	9894957214551770000	0.0164177275826
16886261215554659837	9889970770434324173	0.0193746064573
16886261215554659837	9902385072716256953	0.0805822964025
16886261215554659837	9904911299539141033	0.0117492671623
16886261215554659837	9894929623683599268	0.0190623212916
16886261215554659837	9891407355464061250	0.0205325390588
16886261215554659837	9902184042576844406	0.0839181358297
16886261215554659837	9901119912989825826	0.107832773203
16886261215554659837	9903604598806657214	0.0776150525706
16886261215554659837	9901958127226743269	0.0104644654537
16886261215554659837	9902819573154947962	0.0113184179406
16886261215554659837	9901957895295493731	0.0116833272872
1617053400240865209	9906196525594245837	0.016448792374
9711212579026246213	9899163697026585837	0.136082763488
4532764804699671239	9898195791626051837	0.0194037631427
4746266961086979914	9906594119372997837	0.0259499648054
2625715036885319992	9901384959577793837	0.011086501754
2490376089914780025	9893746544908908837	0.024922239314
422181558161281311	9889977212955316837	0.0283410100633
9072946049078276540	9889088420954885837	0.0225992307353
3707760838540309816	9887460443660805837	0.0117242076352
2450692469083097645	9885040341149207837	0.0307728727448
1989793812049326283	9902407234827770837	0.0327912917892
12670465474915017332	9894653371491785837	0.0186016332951
13749297214745962423	9904861744305857837	0.0208062594644
7041712237561603837	9892067049435022683	0.0132476479233
978593876256158090	9894378738423569837	0.0230326719852
