5337068124335119918	9890755241837319580	0.0201007563052
5891593452565473073	9883682860935829580	0.267261241912
4919103638209808744	9884453811929054580	0.017000510023
18283762678788044125	9893029886678210580	0.0186338998125
6671906124251288905	9888891698513703580	0.0400320384513
11741794778500411296	9897264659961084580	0.0181309431073
4081732839562430996	9894430677478076580	0.0326164036527
1998769929257125040	9890129671300443580	0.0100483483882
7195753121019570836	9892960501395721580	0.032862038995
5501272339434203803	9907836284015006580	0.0114377252718
5762181664177690580	10607754233644946699	0.011347529146
5762181664177690580	9886941680362259278	0.0130721746404
5762181664177690580	9901205816533154858	0.023986954644
5762181664177690580	9899749723758862195	0.017644616831
3489018022501546580	9904878662128031938	0.0555555555556
3489018022501546580	9901372731918131570	0.0662266178533
3489018022501546580	9891557288404757166	0.0171448166625
3489018022501546580	9897762468238933740	0.0566138517072
3489018022501546580	9901610110465029097	0.0290864863582
3489018022501546580	9901609298705655714	0.0160997409573
12402572259920647147	9888167017216318580	0.0114587312129
4994774991794647905	9896437518066713580	0.0192986911107
10639525633735592110	9889444147244315580	0.0198810693122
1814154943393905763	9890751556809459580	0.0167061584404
14953013557571789603	9884068531818005580	0.0599760143904
2578465367859242502	9890130109483362580	0.015971914125
11764204402437371995	9893554040137232580	0.0471404520791
4694113412360820734	9906649498642668580	0.012224244672
5088963486774785824	9893875149178114580	0.0423713598607
14205770354074360271	9884542846532244580	0.037529331252
3689683143543329930	9898825889215070580	0.101534616513
7992742894697640740	9899674956944498580	0.0206857200946
1989493168104585205	9899669631260557580	0.021281413269
5350186752320282802	9884843726191021580	0.0300964632714
5720518612961606807	9899262691715005580	0.0113857116995
13220340119287637389	9909735905107324580	0.0472455591262
2747198547454167847	9891239207437857580	0.0166666666667
3398517118249160923	9897603567389819580	0.136082763488
12768534293130044925	9890539750495231580	0.0343807082086
13893997813989374805	9894617190614393580	0.22360679775
1975083561533141065	9902956123126866580	0.0125828476797
4444406969989638712	9891243008534300580	0.188982236505
12320584342980557182	9904838396775283580	0.235702260396
3320697126448883580	9905570499830865637	0.0110076364447
3320697126448883580	9892443353075682278	0.0975900072949
3320697126448883580	9904911982469398030	0.0194957333382
3320697126448883580	9906458080594515348	0.0352672807929
3320697126448883580	9889675598825789781	0.0102093981972
3320697126448883580	9905209537738284196	0.0105479598527
3320697126448883580	9906348734999679025	0.258198889747
