1844294743268352893	9900445018855170045	0.0905357460425
12997359374437212712	9884343499886686045	0.0194477460396
4316283138980714483	9891887970845807045	0.119522860933
4656178064165303037	9889565157927314045	0.01358816063
6104161906832858097	9899624770362282045	0.0620173672946
14664655865901771451	9899348505197632045	0.0283069258536
5318113592615812836	9888623559383688045	0.0238909241284
12978717790389402476	9893380862848788045	0.0168311056969
6267838235210302045	9897999288538460687	0.0137829461605
6267838235210302045	9903409066016346332	0.0287361067569
6267838235210302045	9891344992499620816	0.0100871255445
6267838235210302045	9897484704081084256	0.188982236505
6267838235210302045	9891981699762706162	0.0480015360737
6267838235210302045	9882147023603690943	0.0103290574148
3774808424500930891	9898890141983919045	0.0259412318538
6432354487976093290	3526519578792467045	0.0171448166625
3990337768954728427	9905249261909098045	0.0316862125262
967580265407287430	9885897161484071045	0.0226050039454
967580265407287430	9902579871045933045	0.035828718195
4339037457413057987	9889317935416464045	0.0107857859344
6053792454667342382	9899891006797833045	0.012152722834
5849920529902019590	9901307706087165045	0.0154303349962
3265240408533624468	9889579696443028045	0.0440225453163
15790554991035444222	9890219028168180045	0.0845154254729
10979804499544644208	9907051258523542045	0.0226397363663
3003690331353317045	10197248564214237871	0.0177723372036
3003690331353317045	9896259873953739627	0.0203531375253
3003690331353317045	9891019953636798079	0.0262341618067
3003690331353317045	9901110919179805292	0.0174687479785
3003690331353317045	9902476697403775184	0.0195031475744
5303498200422153045	9886245625109502919	0.0213297691897
5303498200422153045	9886268946727927482	0.024084152543
5303498200422153045	9886056032283701146	0.0343807082086
5303498200422153045	9900418682172028745	0.0212910581429
5303498200422153045	9880314781956256237	0.023453251491
7750711639417542307	9898329167709033045	0.0117998720901
2753552767320352045	9894020881674844660	0.0165748386033
2753552767320352045	9904130775072948274	0.0209426954146
2753552767320352045	9889119245835901056	0.0100503781526
4984080866590930045	9882788335164654733	0.0120718725905
4963960701599580328	9887013217396834045	0.0193746064573
4941823514580131678	9899350824433020045	0.408248290464
5189139660902843652	9901768998371381045	0.0115981500107
6226866708924473121	9902123324600705045	0.0105280657519
5940087127558953799	9904473835630748045	0.0143443827637
3795379634053904854	9900709468656456045	0.0413802944301
5909896277789309443	9888130084893477045	0.0334450031045
5311260218397691258	9894064265148493045	0.0200040012004
6435176268841942004	9897622413527450045	0.0128331750585
9313506562066033422	9908729138982652045	0.0159071190744
