8514705179542951791	9897696497544293647	0.0151185789204
937674915006644233	9905339061086304647	0.0438529009654
1808479848434962662	9897798623245615647	0.0146805054879
1808479848434962662	9900296284250904647	0.0980580675691
5196603383938949415	9884068398728038647	0.182574185835
5774150741343861101	9889543605873475647	0.0265185761392
4155187427624883071	9904093585088276647	0.0134219119775
5629521402786816404	9894862033873859647	0.0145034195843
5217002669460335647	9902766577533859794	0.0813788458771
5217002669460335647	9909948394381616882	0.0985329278164
4535597317439710647	9891578269339463658	0.0323761954119
4535597317439710647	9904032347330572790	0.0279727119432
10468284129646291434	9884762100291336647	0.0598684340089
536004406035667197	9899690620823420647	0.0501254707117
12404438653939080647	9889913067570407284	0.0415227399269
12404438653939080647	9889913531432906360	0.0233380014005
12404438653939080647	9893636555056446230	0.0233380014005
12404438653939080647	9903650468915407023	0.0883883476483
12404438653939080647	9897612427821144791	0.0497518595105
12404438653939080647	9901710505103002954	0.176776695297
8060579385437474647	9894516465153970627	0.117851130198
8060579385437474647	9889838610036523075	0.0125274338
8060579385437474647	9894702956691406727	0.0345032779671
8060579385437474647	9881168741710944934	0.0233762291106
13234639649402544558	9910273347168783647	0.0285830975238
11893796565740560771	9885317589889920647	0.0620173672946
432547647145425029	9904394400179373647	0.0257172249937
18327825302300140556	9888603042414207647	0.0308753760547
4907986743282207064	9906944000271712647	0.0131080626273
2660297838937019977	9881344225465270647	0.0219793491132
5505744516232160846	9902447667691356647	0.0373456843487
3066431853839432571	9893599562547960647	0.0338061701891
15134864362448847647	9890408337430725389	0.0100180487463
15134864362448847647	10596558568175454707	0.017334381132
15134864362448847647	9893423640665498959	0.138675049056
5105194466308729647	9895255658991263429	0.0377425678048
7024346963017573083	9901222128772923647	0.0203489231889
7757835289890120919	9888258418543002647	0.0785674201318
14561723963320732647	9900931299377756041	0.0236690534166
14561723963320732647	9894550304998605556	0.0173421993905
14561723963320732647	9904285600151164620	0.0638876565
14561723963320732647	9890696254815695976	0.0690065559342
14561723963320732647	9884618326391906461	0.0112189716152
14561723963320732647	9896142964868364738	0.0755928946018
13118449750060040192	9900212476436934647	0.0552157630374
3164238721460182718	9900758237985357647	0.213200716356
1490912639629292575	9902777160448659647	0.0539163866017
4208088621094093130	9881958371426397647	0.0251418227577
3434836195168812259	9882562870927550647	0.0178174161275
4179841617451314485	9894106141023153647	0.0226107815823
