5943634334316945216	9909044763327342684	0.0164354573152
4041214555345687216	9884189151735579618	0.0151082225459
4041214555345687216	9881672769035762178	0.0653720450461
4041214555345687216	9893387717579410439	0.0229536574402
8535253004763230709	9907481012937233216	0.0240493035122
11358116674575974827	9890602706159688216	0.0550481882563
2891685328952748674	9885850539574107216	0.0546358364708
6019294912323213307	9882228851322239216	0.0270765180537
12598692607977504441	9908972762491546216	0.01064794275
13100192587397424740	9898594304626189216	0.0254906370967
8170452830981132561	9908106080964937216	0.0149906337799
13456561202344647298	9895984712469752216	0.0860662965824
5090406198543963432	9882933586734303216	0.0274617518191
14049748842482431242	9899201935139052216	0.0144037800479
12581723294595044869	9895145553169707216	0.0191741247212
5813024832578664179	9893045936892554216	0.169030850946
12144841093983361077	9892811418929880216	0.0572598334314
14119862031655862355	9908361124730046216	0.0645497224368
6213433953165046637	9904040821374867216	0.0690065559342
3096048444387892170	9890648460410237216	0.213200716356
2299893334895970871	9896364641030802216	0.0222717701594
16679121735728753861	9898304115079295216	0.0204679237542
5767210937149340019	9902832445240526216	0.0599760143904
13332784020665654359	9900547324955089216	0.0111111111111
3550786421746373216	9905981047103487322	0.0148773947559
3550786421746373216	9893328395404354059	0.0584206237837
3550786421746373216	9898238088548254918	0.0200441457345
3550786421746373216	9895619623124251900	0.0158950575645
3550786421746373216	9888307406980079622	0.288675134595
3550786421746373216	9895113731793241848	0.020659216919
5376779288792856063	9902726879240092216	0.0800640769025
3745416384620198662	9888347272674090216	0.0308606699924
10102716688859549456	9897932282565354216	0.0104816965957
16580708354329712325	9887113092444213216	0.0154010275908
1422024515046425006	9898113676323359216	0.0341792963512
13876105500843439191	9908020576700616216	0.117851130198
7036182647397927802	10598239188917442216	0.0240632249626
2100457780367122655	9900947920877275216	0.0111747539067
16147099416827837181	9898080098164319216	0.0449466574975
4020268098286937851	9895456079346298216	0.0112508790093
2545058063767221216	9889655872061813054	0.0298407766342
11362509917368183216	9907882218678466618	0.0326164036527
9363761157690477482	9880781971280324216	0.0674199862463
1900255902846804620	9894888628271655216	0.0224393554433
6037751011737163053	9909044144786566216	0.0836242010007
1340255140544727072	9900695784896490216	0.014006921129
3745363290217409706	9886294265483997216	0.0451753951453
394330228006292100	9906157587468121216	0.0260466130535
10250696954589457799	9910657734057598216	0.016064386578
15508648377469583500	9900414335643229216	0.4472135955
