5860218909608725781	9887515539355563083	0.0199204768222
287433130984312350	9903520636407915083	0.164398987305
5466536305481181953	9905339692479994083	0.0101555557963
7050671178518714880	9897987765049029083	0.0122591003965
152307391756866399	9882742477837808083	0.0128991996295
16574984369237074587	9903425365438759083	0.0203405023637
12942508223057888805	9893878331659120083	0.408248290464
6476809530463057110	9893043222494012083	0.109108945118
4167873935298919213	9895942750665847083	0.0113753938798
5397926380965529042	9905255369432518083	0.0282729643227
1571520038479431542	9901035078723910083	0.0741249316661
3434035829119815940	9887215759267778083	0.0375029300309
4377363506305526158	9892941006695456083	0.0778498944162
11781317699001819984	9889059627425633083	0.0169955987098
2416625699485023452	9898597590268571083	0.0124921948166
6585271396030827325	9886081956698293083	0.333333333333
7138836729421363226	9895917539217691083	0.123091490979
7892395948740259092	9884808563366842083	0.025359156467
7214616200705506970	9897563418017878083	0.0227861975675
10394970839975263533	9905650738391534083	0.0194183909345
7644871125371695454	9899039662620597083	0.118678165819
2525532067224313659	9893559073951243083	0.0101513688013
5244466078444312197	9900385112665436083	0.0110431526075
13371376040356793966	9889609099870952083	0.0289399540087
4825337803336492646	9883721897902939083	0.0202776776413
5191051503177028303	9891397537069459083	0.0298274993136
1680754430597065865	9898951620163523083	0.0182574185835
7606706204357186754	9901932189962742083	0.204124145232
3573767242008953083	9888868235124102630	0.0304149532336
5722244295834737697	9892150496436332083	0.0142784312293
16132748499714939083	9883966895767289490	0.0393749615479
3477105596016571048	9892345045576403083	0.0402258993355
5196651245596430194	9899942696747809083	0.0263523138347
2490012293589352456	9902298563611986083	0.0833333333333
14787426182861259509	9891770348839268083	0.032686022523
6635597142152781264	9902702780121210083	0.0155718664966
13428888980391997201	9907352305522353083	0.017077183986
9920037300301503285	9891825118297034083	0.150755672289
5155049690695057698	9884143242727003083	0.0299476374118
3445987470701729814	9898480552309633083	0.0213686921585
15858863329771865083	9886956248867654682	0.204124145232
15858863329771865083	9891786205909337126	0.0877058019307
15858863329771865083	9905808874739554198	0.0701862406344
15858863329771865083	9908933854245398551	0.0142004774281
15858863329771865083	9896251984024211832	0.229415733871
15858863329771865083	9887361049533548495	0.0277670672404
15858863329771865083	9895694961128182088	0.013653865342
15858863329771865083	9897957871988009524	0.0331679063403
14121581228761471705	9897497563221618083	0.0257598526128
2452194883326337258	9908724272790394083	0.158113883008
