2577134829385726647	9897732356177108385	0.0199204768222
1590858742804470142	9886817607288816385	0.0195740073172
10237759536626689385	9879498634993324223	0.0785674201318
10237759536626689385	9880464680537012315	0.021790681682
10237759536626689385	9897818556191490967	0.010171303295
10237759536626689385	9893698170649481613	0.0116263351069
5966647600730943355	9903494467107399385	0.0308166775681
6540143452624139385	9885872061648451528	0.0141534629268
6540143452624139385	9889861184389478896	0.013372617379
6540143452624139385	9905881738883367649	0.0456435464588
6540143452624139385	9908110216928321391	0.051031036308
6540143452624139385	9887076417692539166	0.0211666878334
6540143452624139385	9899791947709905553	0.034020690872
6540143452624139385	9888673114821011464	0.0124921948166
555311624919764134	9889728452730164385	0.0167978285171
2165533484576242385	9892741595587721268	0.301511344578
2165533484576242385	9891181062052137602	0.0371647073124
4081861155084872926	9894599757340505385	0.0443678254708
5677153260020999475	9883791321675750385	0.0238095238095
15409036790197792480	9887413864779832385	0.176776695297
9562723628503563385	9884025663787808919	0.0115997104748
9562723628503563385	9883542806371050017	0.0148347707274
9562723628503563385	9893182585752950073	0.0128671253164
6694239262794729684	9888636195309709385	0.0600841768126
18089733576076640516	9897805155950725385	0.017000510023
7114023860721327385	9883186551737585518	0.0440225453163
7114023860721327385	9907250669490594172	0.0231125081761
7114023860721327385	9904096003154194002	0.032897584748
7114023860721327385	9901140709127992768	0.0249377334027
7114023860721327385	9900837918274221781	0.0161122748174
7114023860721327385	9891075328591212622	0.0800640769025
7114023860721327385	9899351378539587345	0.0159821100495
7114023860721327385	9887807309530098747	0.0191917723317
7114023860721327385	9901170395942058055	0.0139090264794
7114023860721327385	9904124242436723899	0.0161060042296
7114023860721327385	9897559784399433895	0.0163103709029
18146122167308523545	9908865581588575385	0.0328797974611
6816385922082522385	9882893720890485262	0.0147441956155
6816385922082522385	9885940454759835863	0.0209656967344
6816385922082522385	9902720024464067214	0.0666666666667
6816385922082522385	9892868387225290980	0.0130521167355
9236227644150041385	9887950696944054576	0.0629940788349
9236227644150041385	9896509892527251522	0.077151674981
13522951161855050968	9891180104341178385	0.0115856889273
2780693034570348676	9884678447260711385	0.0155379941185
5238277228203345289	9899268902259178385	0.0160066601562
10866433716362618092	9889294974512572385	0.0117314664581
17661570034167698085	9884327587098980385	0.0144112567056
3564820650093958956	9903189709121092385	0.0678844233302
12615459627779123410	9900007554975907385	0.0662266178533
