17949961303053690048	9900216277562969154	0.0102270020006
13085059218240159154	9887587948276547856	0.0170473808498
13085059218240159154	9897265385805019631	0.0107876685443
13085059218240159154	9896669875763610962	0.0145003697641
13085059218240159154	9886847848180323270	0.25
13085059218240159154	9883260605531134329	0.047619047619
2739292660196525412	9884517944248295154	0.0240354061961
5408531269072732267	9887011039752484154	0.0139863559716
113970311512657891	9895775483237497154	0.0183772615473
3569665109899716930	9905878015108541154	0.154303349962
8347818565592804368	9905587550804601154	0.0210818510678
7471406493605357229	9884327303627631154	0.058222250974
3349713481681789248	9886808742516650154	0.0135519271364
10821681347203089521	9908064531440408154	0.0675737378399
11094538706604741154	9881784365120885655	0.0111831360211
11094538706604741154	9892728311230016645	0.018148850216
11094538706604741154	9902434061224325414	0.116247638744
11094538706604741154	9905666264626888216	0.0262884956484
11094538706604741154	9898451149002047655	0.0302198942608
11094538706604741154	9900599478771319519	0.0115616594392
11094538706604741154	9904740510210051121	0.377964473009
11094538706604741154	9898976810017132120	0.0539163866017
4396567828333070023	9887194623735625154	0.104257207029
5959369947369522154	9888503197233429564	0.0555555555556
4861430672942821309	9898837249320981154	0.169030850946
12644114566718390665	9905955470618145154	0.0203700210932
314106107728110049	9910024144579406154	0.012380637956
3634364639233008154	9890758192446397686	0.0125058634981
7736345519354411799	9887403724290169154	0.218217890236
2317516659298957171	9899573428338692154	0.0125918222523
12757018696710449221	9899693932251882154	0.124034734589
11065325420926113444	9894205973300387154	0.0143695366855
6162656655116003959	9905008056614468154	0.0168597869543
5553710810054377183	9895294558583447154	0.0803219328902
5017491092681624250	9889288712405874154	0.015240998562
5179966247875938334	9907908722974323154	0.0539949247156
13627204959320487154	9906829479242247133	0.0164221546361
4517081150479031676	9895463685813281154	0.0168073161363
13333750370610412731	9908942354098767154	0.0175654987072
5993121585441511833	9902498412710582154	0.0159637714204
5797763788798618464	9895831287686614154	0.0434372242763
12030356567004628154	9895129163628720461	0.0106286791562
12030356567004628154	9908080749243208062	0.0220006160259
12030356567004628154	9897923138690478144	0.0102934275831
12030356567004628154	9902951553298349966	0.0571661950475
12030356567004628154	9888437071893419298	0.0150721421312
12030356567004628154	9898031861477519240	0.0217494114145
12030356567004628154	9894951197349519833	0.0138092044167
7199036722692405497	9886569620090032154	0.0529256124025
8669258079783137961	9904655280787404154	0.0176611199836
