7109211093531485510	9891294973307719040	0.0152374594934
482619204664557250	9881198557343360040	0.0833333333333
10442604326752150040	9909140175970323802	0.0300150112594
10442604326752150040	9909110141259384208	0.0330589802454
10442604326752150040	9893324414060484354	0.0214422506968
10442604326752150040	9905906108481233996	0.035805743702
10442604326752150040	9907123529846908598	0.0207390338946
10442604326752150040	9892447905626437647	0.0117242076352
10442604326752150040	9905173279748666364	0.0156844655639
5255831258041392258	9898146184894078040	0.0139373668335
6043904597759962812	9904152907164847040	0.0242250791556
15663290845076480040	9892487462351996401	0.0204550737432
15133049576028781073	9890017108833106040	0.0187317162316
6446596835616140452	9894269487279134040	0.0219001439939
3422197323264870422	9887235511858806040	0.0112852154442
5252967547808646255	9898110016982202040	0.0637576713063
5577896028984693213	9891848375593548040	0.0456435464588
13200370714956415603	9898300335646484040	0.121267812518
5536495730373787215	9894898124381487040	0.0150193498775
13601970857298296846	9910495315502732040	0.0106131042361
15507581117605461009	9900192878543779040	0.0303169531295
1582117886832734040	9892891618848229336	0.0349641800638
1582117886832734040	9903677230958066874	0.0108198244995
1582117886832734040	9884175918915043430	0.07453559925
1582117886832734040	9897980845785611826	0.0721687836487
1582117886832734040	9905540207358505156	0.0152640627718
1582117886832734040	9899405280328805465	0.138675049056
1582117886832734040	9907365383763737341	0.0555555555556
1582117886832734040	9902226640070024895	0.0816496580928
1582117886832734040	9883708613567827906	0.0414513336145
1582117886832734040	9894580545841656944	0.0548821299948
1582117886832734040	9899444566438741846	0.0566138517072
6161159608557114336	9882726105388918040	0.0195965450417
3722202089312204591	9903346007336332040	0.0192628532132
10687464942893854032	9897189931934407040	0.0111117970457
7753094036292645808	9894932767592880040	0.0637576713063
3982321969969079236	9894663176906964040	0.0176008335952
13779607152229004655	9910072003524152040	0.0185567404756
4049691821285716349	9906130567836615040	0.0758098043579
5670420654551281454	9905669782142363040	0.0263889906985
3802175642945891074	9881881689019054040	0.0193311168257
16315766731550488602	9893249801806995040	0.0187120297141
1821272395280773130	9890656285791199040	0.0131249871826
14702721099574403473	9904058207295495040	0.0136845137876
7377811677700912818	9896286339518871040	0.111111111111
9817622902721535110	9887700721320600040	0.0179374000834
2360652899830889337	9887125406165619040	0.0259325077131
10091463133457905445	9896832981392637040	0.0355784033482
2221338283065860040	9887850993583517092	0.0127932060529
6874893375773268313	9900367795331857040	0.0830454798537
