2941522483493151834	9898273169906806830	0.0408248290464
7965719312998608830	9886042825283655346	0.0100200602007
7965719312998608830	9889904632306704447	0.0883883476483
7965719312998608830	9897680262540606213	0.0142682536384
7965719312998608830	9905011419559742725	0.0368604890387
7965719312998608830	9888407294882496877	0.0125828476797
7965719312998608830	9907633406907065933	0.019245008973
7965719312998608830	9887215342768479227	0.0154894552702
7965719312998608830	9887771206000505717	0.0153429102983
1177542147029413352	9903859337521634830	0.171498585143
7184427288521547153	9898047473688992830	0.0303728369615
4476955078725865431	9883493328355283830	0.0538381902058
2297583242214794359	9880342166563993830	0.0819231920519
5795403811652216017	9904871317780856830	0.0138515315793
2066535244141647750	9908679222930928830	0.0183185826362
14382687751474547685	9887691693223304830	0.0269288537021
13493772008341695625	9901445157848728830	0.010916744335
5595401795103520830	9897039676747649768	0.0129358420951
6801843263914033781	9900007241376996830	0.0235702260396
12552134486716551862	9902892025064233830	0.0912870929175
7642642269508220574	9901345299830473830	0.0936585811582
2914612747270572467	9890807567474872830	0.0851256530759
6714193127004054081	9889446977641661830	0.014512580604
10856189379430932826	9904185467279976830	0.0408588923223
7070738579881813795	9888971468977963830	0.037267799625
5071454551692585827	9896474484905939830	0.019090088708
5642970336177153234	9885790792240221830	0.0105667871052
1855417003220113836	9901926254356231830	0.0564332647983
5481373600905182830	9890980951054501653	0.0162050930888
5481373600905182830	9905783470046543612	0.0325817606226
5481373600905182830	9906471687004848940	0.0113563064033
5481373600905182830	9879889648903872432	0.0128374041491
5481373600905182830	9897844725437689058	0.0125728984035
5481373600905182830	9895175849881468066	0.0125609903676
5481373600905182830	9901889476458446171	0.0142220030997
5481373600905182830	9893275606139315559	0.147441956155
5481373600905182830	9900404581867047728	0.147441956155
5481373600905182830	9898298965474879416	0.072547625011
5481373600905182830	9893507010253108113	0.0384047686321
5481373600905182830	9896610283138771328	0.0170498584868
5481373600905182830	9900924676585182944	0.408248290464
5481373600905182830	9885672057871458603	0.0127370450528
5481373600905182830	9895203500902610173	0.0710669054519
6353762782482128375	9887050570605559830	0.12598815767
3299276706708744830	9907508242956841797	0.0106782529245
3299276706708744830	9903897421100974481	0.0139211511597
3299276706708744830	9891287560044676928	0.162221421131
3299276706708744830	9895293832733074301	0.0310385427622
3299276706708744830	9893207462174173604	0.0151445633204
3299276706708744830	9881963894743347895	0.057735026919
