9894199072579316452	17205102683799737009	1.0
9750743574697871253	12166460876991277009	1.0
9582715287125775766	17424082476149549009	1.0
8407021339661170725	17205102683799737009	1.0
7886661468185036754	13675680254204696009	1.0
6921674217269662427	13675680254204696009	1.0
6917592390045934201	13675680254204696009	1.0
6811178717735756757	13675680254204696009	1.0
6627606888905155009	14968223277263093760	1.0
5225178414519250009	14903470833226131638	1.0
2591122404962391009	14320313020508784569	1.0
17172350460325756009	17857029567420619961	1.0
16865975580829094009	193273528320	1.0
16677682557724570009	12158585195548639232	1.0
15704772301626747009	12376729303226777600	1.0
13658498433129388009	15046488765491096784	1.0
1339899695112102009	17923109086673561031	1.0
12258529677906313009	193273528320	1.0
12228368264884556009	193273528320	1.0
11862097220552935809	17205102683799737009	1.0
11249461594597004009	18282034787641391817	1.0
10982019035987820009	193273528320	1.0
10412833507266161009	14318535063434755770	1.0
997243329496758009	16055527112241294265	1.0
9900024066167261485	17205102683799737009	1.0
9834427537461798296	17205102683799737009	1.0
9688453235606922009	16342664470384995017	1.0
7841379761155501111	13675680254204696009	1.0
7838700268456896576	13675680254204696009	1.0
7835077699740965678	13675680254204696009	1.0
7830166078226746978	13675680254204696009	1.0
7333834374440028009	17922553919507005440	1.0
7260917764264357701	17205102683799737009	1.0
7233453205793595009	14038541047282329008	1.0
7092917115329312009	15045044998104654288	1.0
6925927723198370184	13675680254204696009	1.0
6920723330965892751	13675680254204696009	1.0
6913267649914803687	13675680254204696009	1.0
6903138931507708685	13675680254204696009	1.0
6535182198876745275	13675680254204696009	1.0
260092109322320009	15551392162604493514	1.0
2257897584345045009	13093022740305149952	1.0
18009254995612162219	17205102683799737009	1.0
17440554279616035009	12157442772902608896	1.0
15098378404743477009	803148970512311427	1.0
14739201639619000009	14756555270721360828	1.0
12605866522479178009	14903470829890174976	1.0
11402212919640928009	12810701143936116682	1.0
10133241191654732009	11940936851650510848	1.0
9106188518484920009	13962802382803828736	1.0
