8886688676526947770	13670604946464876467	1.0
8558427290555708467	16411108031296700416	1.0
7993067035947784096	15979512295344619467	1.0
7985344456984207897	15979512295344619467	1.0
7888876161715671467	8031420568096663566	1.0
7838481189177195467	11944323360349015237	1.0
7353981347865861467	13244482574999673783	1.0
7209541399407323467	2077614542900120096	1.0
7051155821585518889	2061756952451260467	1.0
6638084856702763858	853879898970958467	1.0
5569827472380093478	15979512295344619467	1.0
5436315282367929467	12595372678284291001	1.0
4934646579469529467	12730220633712677884	1.0
4588364661045667467	15480519808029556736	1.0
3907010436762114467	11876267958571430858	1.0
3872019877444146402	12594264487621601467	1.0
3702414617151716467	2392826570384588665	1.0
3649056511815345511	15979512295344619467	1.0
3332568352593864310	12454325210348321467	1.0
2956893691077771877	12454325210348321467	1.0
1658517805916412900	13670604946464876467	1.0
1657113527205234078	12594264487621601467	1.0
14327066690850608467	17993808818517104079	1.0
12230197242138258467	17926250386058623934	1.0
11936499517198199467	649089853165752111	1.0
10643154539138414467	14968267300677877760	1.0
9754320049287165467	18067222170521567232	1.0
9495630799444492296	15979512295344619467	1.0
9425389542194100692	12454325210348321467	1.0
8887715428272101467	15623235283443515392	1.0
8804686400187167669	15979512295344619467	1.0
7356834652061915467	12875972423358349312	1.0
7210476586630216467	13093085373573684156	1.0
7110868725874095467	13099741855862489088	1.0
6831197314115922145	15477389481245473467	1.0
6421237051345223467	17641426382711006642	1.0
6072954646323360467	14682287521749054659	1.0
5724602937219059467	15264005103569338368	1.0
5541808277972599032	15908089128105856467	1.0
4682557301656660645	12454325210348321467	1.0
3055367954682091467	12308819079933773772	1.0
2142895212081693671	12454325210348321467	1.0
1890111023800506467	11732413371931164672	1.0
17719083952882848467	193273528320	1.0
15839900775927328154	12594264487621601467	1.0
14294928062281839467	13741022107323310544	1.0
13467101078372279467	2161774706469661439	1.0
12269373619951929467	193273528320	1.0
12177020988728275467	193273528320	1.0
11312125631565327467	14317982077600514246	1.0
