9628298051759533046	193273528320	1.0
9041092310722146046	14038550942886920192	1.0
861353240427775046	12160809463377011152	1.0
7382683145885763046	15776008000306675712	1.0
5101126972671784046	14250454410299417040	1.0
4708140320879625046	13601076182685642676	1.0
3638814517795814046	14903470833710510270	1.0
3344662572498825800	16340365410215983046	1.0
3033667902133665046	16342930599647171276	1.0
2242323044238496367	16485886955268143046	1.0
16544353334751478046	14607414104202149888	1.0
15363731509602879046	13820414423942027972	1.0
13047251898872670046	16192328272753778870	1.0
11943698274313724892	15261188202023663046	1.0
10889564544349347046	193273528320	1.0
8500769919184224853	2350176324490848046	1.0
7486782987230957046	11869707125443788800	1.0
7370583806331459046	12160809463377011152	1.0
6708690035698085046	18083553160894349312	1.0
6373426836551393046	13245032434753339392	1.0
6041968906744334046	18138735433289302016	1.0
4380969101443818046	14542086710207174346	1.0
309775449817494046	12594290781411344384	1.0
2234458533892232917	16485886955268143046	1.0
18108504061487269046	16344305041982662337	1.0
17150445342138992046	16192328272753778870	1.0
15792634266163959046	13820087950006404275	1.0
14027334940551647046	14682812017782615759	1.0
13034638086056603046	193273528320	1.0
10959253089268472574	16696514830276997046	1.0
10172038047026784046	193273528320	1.0
8018566642736013098	14726905402154405046	1.0
7659116449026048046	15693882307142221824	1.0
7462621879241999046	13309800245224275968	1.0
7360018744236392046	12742842503200300752	1.0
5525685528696665046	13099741855862489088	1.0
3361406455365874526	16340365410215983046	1.0
3352065391153314009	16340365410215983046	1.0
2108377748410608168	16696514830276997046	1.0
1901350360362230046	13096090287552331776	1.0
14717687102301062046	16916874523851153328	1.0
14408176582764773046	14101576199226523648	1.0
13881062916055283352	15261188202023663046	1.0
13382309370581522046	13534950475354341376	1.0
12374897975859151046	14177829435146764288	1.0
11791938336824793159	14109479402907695046	1.0
11740130170504245693	14109479402907695046	1.0
11491704944211470046	16698998666945363968	1.0
10775987784264309046	11725036787075121152	1.0
10283366185514925046	11651911464167407616	1.0
