9703990609584836306	8391179641740029537	1.0
9464965738703673306	14109493713738661888	1.0
9054703250437474306	16626118612440055808	1.0
810546019136054663	2170673114447197306	1.0
7991685727278129306	13675722108091345361	1.0
7982787841031004306	2141737962072381198	1.0
7239240385123720306	12373263659755896832	1.0
6675727972547565306	12158546631037348018	1.0
4647045914202951306	13679361371928526848	1.0
3800771273209485505	2170673114447197306	1.0
3468788925920126923	865873405864178306	1.0
2155877729575908371	14397131362928740306	1.0
2141512906420913110	14397131362928740306	1.0
17769518347897090306	193273528320	1.0
16159540772463895306	12516040690641141760	1.0
15951193164099449306	808206099941518844	1.0
15299976011117854622	14397131362928740306	1.0
14697353447157020306	14903470829890174976	1.0
13382917398809085306	730598444746503584	1.0
13054576806816039306	18353817564292905659	1.0
13035264168345624306	4173076784672406704	1.0
11400869469390388306	16558853789587658966	1.0
10411311542601660306	13101499930459023313	1.0
878781199858339306	15111796404861510096	1.0
8591050581712338306	16127349397520501949	1.0
800104640091115478	2170673114447197306	1.0
6720744243575572306	15472034966992322560	1.0
5654459996198580306	748587662645519041	1.0
4574367280952667306	16842314445271248336	1.0
440874709025101306	193273528320	1.0
3477549564033995306	17858982209273707708	1.0
3263311266474122604	14397131362928740306	1.0
2915694241033258306	15764517158228767690	1.0
216638123247092306	193273528320	1.0
17716036509391668306	15327670194071991247	1.0
14879184653816324306	17131909383099369943	1.0
8570282372430241306	14038550942886920192	1.0
8243792525259437306	15764523631129901499	1.0
8226195664933675148	17929299414753519306	1.0
6410546360610150306	13308612815392915391	1.0
6029366742426528306	17201203785447304378	1.0
482531412249827306	196486163857408	1.0
3672726688041225127	15045865293773594306	1.0
3467562447145446306	798719621074115149	1.0
3273571652749173840	14970457526309071306	1.0
3107712301449397306	13099741855862489088	1.0
307651919186198306	17203745852091269120	1.0
3063169522206212306	12308865237947300305	1.0
3059913599637411325	2371943657101330306	1.0
2160229197091383362	14397131362928740306	1.0
