9634112960199422071	14606488375541104640	1.0
8813978470847040071	13099741855862489088	1.0
8531486931310960071	12014751482449494016	1.0
7844340976989430071	13751148713739288576	1.0
7382687724295987071	13386036975585198080	1.0
7197004755871824071	18137864525590866103	1.0
4553099943329768071	13099741855862489088	1.0
440588660778595071	193273528320	1.0
15689934389381298071	15839704061818502324	1.0
1249688081585226068	15983468276656165071	1.0
880775284555930071	2157043224878439760	1.0
7638844625381788071	17564867423893454848	1.0
7141155320255577071	16265778998235080657	1.0
7072411567138658071	12742885375563792384	1.0
6992784068103110071	18210272906380157623	1.0
6731055534999842071	14693206986472816640	1.0
5383465457708166071	5836753475233819614	1.0
2976315894530484071	14250454410299417040	1.0
2035340271417651071	15261204711253406650	1.0
17970646421866367071	193273528320	1.0
17517026263331071	15477443374495039488	1.0
1658835207048231071	12157442772902662844	1.0
15607238486098785071	15111796404861510096	1.0
13046717838255622071	12886189111173447680	1.0
12875286799437963071	12446230558499930112	1.0
12264463922571029071	13099741855862489088	1.0
12133158430276654071	14535864475946319872	1.0
11889927381009178429	13526775708403429071	1.0
10397173163469718071	14903491754970841088	1.0
9418688619179688071	14250454410299417040	1.0
8853802717562646071	14968223277263093760	1.0
8632499349129754071	13237963531620362422	1.0
780197542764941071	13099741855862489088	1.0
7699663874272734071	13316779850548117504	1.0
7205566167721922071	13093085373053841110	1.0
4725165941256782071	13242257172358803671	1.0
3860422268207217071	14325640171997888512	1.0
3818266627943949071	16486213497336673715	1.0
3296748492354567022	12740586390430010071	1.0
2389696428390698071	17779304015772492240	1.0
18028304899088049071	14254071826274633146	1.0
12281579298617635071	193273528320	1.0
11951268266033572071	694484599421905494	1.0
10384418670018113071	193273528320	1.0
7706249189334903071	18071228769418410686	1.0
7633742499855610071	6977865016006924793	1.0
7429858516871864071	193273528320	1.0
7237944856487505071	17924247133054042112	1.0
3199527120872340071	13245032434753339392	1.0
2562396169294563071	13678744562996397497	1.0
