977094662175809408	12594224926539307203	1.0
9361648413164218994	17424395935747734203	1.0
9360866557299836591	17424395935747734203	1.0
8604065759035491203	15619578281999728640	1.0
8540339452373444203	13093045838639267840	1.0
8341414321334025203	650867393997934038	1.0
8119709876661148203	767875648110046276	1.0
8078980309508186203	193273528320	1.0
6380349195035074203	14397108286069407744	1.0
5560254265755111607	17424395935747734203	1.0
5520797766511772203	17131036342147350528	1.0
454486912357590645	16844245260015617203	1.0
3930630418418615203	17641343873559035904	1.0
3930043562679931203	15119634794436100096	1.0
3467910287276462203	13679361371928526848	1.0
3344045488532046310	17424395935747734203	1.0
2749369463342618203	15474637502438753653	1.0
17873304269574785203	14535864475946319872	1.0
17774484982243767203	12163305355727600564	1.0
17717485034967375203	6776099741017235513	1.0
17541446548090340166	16127349398291798203	1.0
17445943079616364203	15832348157229969095	1.0
1657411865526687948	16844245260015617203	1.0
1375221787170002203	12453256412031674068	1.0
13131094369589986203	14109479402907631616	1.0
12772272486678578203	12810147986508087296	1.0
12053641834111485071	17424395935747734203	1.0
11944705602752282203	15692751940469391360	1.0
11836326049128247203	16416665945399873235	1.0
11427057783922045203	15833212419587627716	1.0
9436339466059608203	14250454410299417040	1.0
9165809767064803203	11651602475630198784	1.0
8553882682513387203	17711176003326361015	1.0
8373395640730607488	12306881736150678203	1.0
7474453235179684262	17424395935747734203	1.0
6585119988980788203	14104146827347492864	1.0
6027819269663471219	17424395935747734203	1.0
5534333922041416203	32492149148745728	1.0
5118250779373915203	2089776034850842290	1.0
4931643646591271203	14756580421681668293	1.0
3921732070730909203	15615591534441791488	1.0
392077729818322203	193273528320	1.0
3829814291523105203	12742846892656878799	1.0
3270571438994328203	13814719061558341319	1.0
18105465365508793203	16561117611014807748	1.0
18021110165366802203	16697068908074551497	1.0
17526495101135239790	16127349398291798203	1.0
1717474291024601957	12306881736150678203	1.0
16794811974744171203	12307962551785750528	1.0
15522480320143389203	12661531516759168972	1.0
