9749682181714403931	15982922924541339331	1.0
8009458675549609931	12158540042557502910	1.0
7039792900733931	15549447177972010944	1.0
6793601215182617931	14181544779426299904	1.0
4586434597972336931	18067270496282463955	1.0
18090666089215923931	14185447938330722304	1.0
17934349993396157931	14970238737911429844	1.0
17386229745653307931	13103137070459710933	1.0
16989652377025126931	14607414104202149888	1.0
16938150157235430931	15614815322182307539	1.0
13266287533320312931	13237950441704177610	1.0
13121833656558350669	13241331435664618931	1.0
11108819182781169931	13099741855862489088	1.0
11073127443408974909	16911572730321631931	1.0
10981502652100503931	14968267300677877760	1.0
9762507601236193931	881718588797774696	1.0
9745985828648463181	2224800409772428931	1.0
8933808342489070931	18142456103328331187	1.0
7368480414857762931	13099741855862489088	1.0
7111267262214753931	14323039731683940042	1.0
6260327128392768931	15547536227153477632	1.0
5953961595778244931	18289361912044978176	1.0
550445222288879931	14108836248734924800	1.0
3831261234514500931	13814783833822130633	1.0
3055721104300413931	17417907644617778608	1.0
2953999439354915931	7977852611689435154	1.0
16669687461234452931	11939801094793723904	1.0
15604345013882728931	2157043224878439760	1.0
13139630462464969048	16194352477955465931	1.0
853779958915140931	13099741855862489088	1.0
8403507490251094931	13241667907697508352	1.0
7951230915071506931	15545575694841937920	1.0
7250666588957676931	654518172023593019	1.0
6768640368513811931	18067270493198614528	1.0
6162642498448383931	16558810869979414528	1.0
4245737489901154931	765668267218297915	1.0
3780906866068936931	15981235221475408596	1.0
2861267602575342931	12879718463769199564	1.0
2418749146598673931	14607414104202149888	1.0
18013627465720502661	13604204331921364931	1.0
17973699469357642931	13103219615436111872	1.0
14481502123049337307	16194352477955465931	1.0
13319498907925543998	18002503811092958931	1.0
11200167219909489931	16054103241482305536	1.0
10699699282499395931	15551414183189807104	1.0
873575798313789931	13099741855862489088	1.0
7243974933795333931	12373263659755896832	1.0
6397780113673436931	12158556595361479609	1.0
4816765120502307931	16128202542713710273	1.0
4379754076607090931	14542086709821034195	1.0
