8218924062164068292	18067270496549063881	1.0
7579298398291353292	15904962039726997504	1.0
7521397094949394027	14325360754310575292	1.0
7515202459251502940	14325360754310575292	1.0
7267190787368496292	17854706243822682112	1.0
7131466599258975292	18137395162350281427	1.0
7039862171010608292	14607414104202149888	1.0
6996800052140570292	13814777297019863040	1.0
546557065680943292	14108836248734924800	1.0
4016968139102964292	12773136874647368672	1.0
2992449196256248292	17779304015772492240	1.0
2804691851318551292	638747236264880079	1.0
2609236127593913292	16129067904346941881	1.0
17716008476825384292	15543596543847228351	1.0
1712071642543332292	17851052622518219463	1.0
15483125291056670292	14903470829890174976	1.0
13198977254852872292	12742845831799898112	1.0
12761845694516906508	16055296175740398292	1.0
12645534073253412292	16126724717481599426	1.0
1256941693000534292	13241667907697508352	1.0
12411620655385474588	16055296175740398292	1.0
12271765392720668292	193273528320	1.0
12148708346589159292	14535847957363612351	1.0
11828488238132804292	13165946723735961600	1.0
11571664336460690292	13099741855862489088	1.0
10971966024860660292	17421300733206069248	1.0
10967627012503017292	13675722108091345361	1.0
1088496516150376292	17633744036302946304	1.0
8653781638112605292	13137932803855077032	1.0
7631465363005209292	12519709859727324365	1.0
632161862615622292	798719621074115149	1.0
5598602930486434292	193273528320	1.0
5352873879648572292	16844207894860725681	1.0
4499453929405880292	13818432132940943573	1.0
4423697041625759292	14248749004585172992	1.0
3932426068266990292	16055527112726849713	1.0
2492308151254648292	12092624392493660119	1.0
16802673931794988292	13820414420121084863	1.0
14866903282582511292	16633179610930793402	1.0
12881568760417648292	193273528320	1.0
12384341015322104292	14254071829575613128	1.0
10736580762867549292	17712054479953592320	1.0
870847781061116292	12160809463377011152	1.0
772636319135084292	18137395158679814144	1.0
7533083404666536242	14325360754310575292	1.0
6753812430341291	14325360754310575292	1.0
6682189063849703292	855107254628873984	1.0
6316417270625285292	14101576199226574005	1.0
4588854746748036292	15111796404861510096	1.0
3352091357880126638	14038481793541668292	1.0
