956299476340031784	782294051282525803	1.0
933208830304106313	782294051282525803	1.0
9035858038365362803	11873447903493288884	1.0
7566653969375752508	18066750418490084803	1.0
7475835325754958819	782294051282525803	1.0
7366948944539769803	12735796815509634999	1.0
7246498158705380803	12522738924067487744	1.0
7246244073696698803	13606757363561267200	1.0
7212501281388390803	12598456788019368636	1.0
6758178622365380257	782294051282525803	1.0
4313143366710157803	12237084828213751499	1.0
3024154890297002715	782294051282525803	1.0
3020992346886242762	782294051282525803	1.0
2429307923951130005	782294051282525803	1.0
17732935520743728803	13675102967689117696	1.0
17602910450329151803	12660969671940374528	1.0
16998257980335520832	782294051282525803	1.0
16798971360761454269	782294051282525803	1.0
16788346234382884550	782294051282525803	1.0
16787290844899949832	782294051282525803	1.0
1672296667174608135	782294051282525803	1.0
1668985659792420819	782294051282525803	1.0
15391587625061821452	782294051282525803	1.0
1532748231164125803	14903491754970841088	1.0
13502609677233396520	782294051282525803	1.0
13309592466813052803	12595417737880191921	1.0
1276719717197490786	782294051282525803	1.0
1274830086341935588	782294051282525803	1.0
12597671909958064803	16629167463694598195	1.0
12059199526144338803	17854233453822790600	1.0
11165697873534582803	13740970448701680074	1.0
10979356572954170244	15046760374927930803	1.0
10897122870098910803	193273528320	1.0
9300857303602584803	17201203785213410228	1.0
8646970552809043803	16914292861552148682	1.0
8517843912547917803	14681717953250983936	1.0
8457623982193535903	782294051282525803	1.0
7984797040867308803	14755098348759738824	1.0
7586200048199750803	649089853165752111	1.0
6724961036647400803	2151154734856804401	1.0
3995387957122644806	782294051282525803	1.0
3730804858755121803	17285323082226991104	1.0
3672008139939421130	15046760374927930803	1.0
3028799631152854106	782294051282525803	1.0
3012188127732137778	782294051282525803	1.0
1949602686114894803	13093013845427879936	1.0
17893927160392877803	193273528320	1.0
17663257834246279803	803148970512311427	1.0
16800171494907489253	782294051282525803	1.0
16799873630282279885	782294051282525803	1.0
