9416911172798999578	14250454410299417040	1.0
8660997418963185578	13093013845427879936	1.0
860492413091008578	12160809463377011152	1.0
7852764095014468578	16265773523480346624	1.0
7362113284634621578	12160809463377011152	1.0
6674577252126820578	2207956703754352034	1.0
16982567759488627578	13886228015648855754	1.0
16781344663531467578	17131909383099369943	1.0
15074383788284019524	15264924229469851578	1.0
14539361169201511578	18071248556332679168	1.0
13479261946127773578	14104146827347492864	1.0
13215346678954620578	13817597540050141184	1.0
12277226018583558578	12160841380523933696	1.0
11536064285029135578	13099741855862489088	1.0
1094513245430907545	12374149874717882578	1.0
10675301496404094578	855027698982218124	1.0
878659733931830578	15111796404861510096	1.0
7975650412685254578	13242460589911679440	1.0
7320820469037498578	16918895460582686720	1.0
6259601273367640761	18067270441186342578	1.0
5576795378332677578	12738941543319076864	1.0
3481890977121478578	16626118612440055808	1.0
3478308574937482526	12165856278556357578	1.0
11701806801549923578	15264913330238652416	1.0
11305424455922392867	15046799938954918578	1.0
10472595968773882578	12738061878182344890	1.0
9439816615703378578	14250454410299417040	1.0
9112481314058394578	13099741855862489088	1.0
8561980928538838578	193273528320	1.0
7679373588924747764	6874915715194741578	1.0
7538070995128823578	14325640171997888512	1.0
7528771802982970578	14325360754310575292	1.0
6522928924548576578	18298967181200719872	1.0
462267959360254578	14101576199226523648	1.0
3898856998352552578	11725119237562350290	1.0
3647518228137755095	18067270441186342578	1.0
3645770055680648578	14903213587118948352	1.0
3468453665142800578	14589808346071874006	1.0
3095537032069831578	14535607263239922623	1.0
18411869343293328578	12591434335276745666	1.0
1761192883600003513	18067270441186342578	1.0
16645095015952546578	13102376307197476864	1.0
16070401125912049578	14099314890366896619	1.0
13742625843021863578	16120906256566234320	1.0
13729883917421931578	15623255061767913472	1.0
1267002006023549554	16057237784963771578	1.0
12576008116179091416	16057237784963771578	1.0
11389823491608239578	18210272906380157623	1.0
870105365874167578	15111796404861510096	1.0
870066273008946578	15111796404861510096	1.0
