8970022932370873590	13461776838070107060	1.0
871497579495217590	2157043224878439760	1.0
8324996689435467590	17279964144157646012	1.0
8287129136238833590	11795388896844447744	1.0
7300578120179564590	8462519581095755776	1.0
7049928781854159590	13632455664737832168	1.0
6971000062779356590	14605978120541489588	1.0
385434106840197590	14101576199226523648	1.0
18332784661848905786	15113474398289446590	1.0
17904949985634879590	193273528320	1.0
12533717482541799590	193273528320	1.0
8920313241140220590	16266396830609238459	1.0
8912156320982586590	12011615653812240384	1.0
8883605388860904590	17633744036303001553	1.0
876879886559434590	13099741855862489088	1.0
7864123659827202590	18288758245801639883	1.0
4570540241715349590	2299409059178901615	1.0
4089965476872800590	16411108031296700416	1.0
3092923449537559590	14038476274880479232	1.0
17621569384329642590	781484080555151972	1.0
17133474615177932590	14758828954269841868	1.0
12887161228867911590	12446230558499930112	1.0
9655587058011861590	13099741855862489088	1.0
924806079746776590	17564867423893454848	1.0
8058879819650346590	14822169628712632320	1.0
6550631985857201590	17203725000025047040	1.0
6268402070662044590	15547536227153477632	1.0
623742550613901590	17209914370021130240	1.0
4498492135807681590	17711785159734329344	1.0
3583898744414778590	13747426652130943410	1.0
3480516355705639590	11796003557529275314	1.0
3358479181626223590	855107254628873984	1.0
12054192350168466069	12375574807427729590	1.0
11577572650141095590	12598180832075579392	1.0
9224191583263429590	7759864838334398978	1.0
9054439046273572590	15975012002167579341	1.0
7645386872671310590	14971371140309768396	1.0
7377777111980042590	12158546631037348018	1.0
7266629340642176590	14101576199226523648	1.0
6328842331915757590	13099741855862489088	1.0
18425407103042597590	13886844845915624380	1.0
17979605427335962590	17780970811244804807	1.0
15593307639394414590	15111796404861510096	1.0
14955855676456395590	17854193892878974976	1.0
12340030217720453590	12879407448007431631	1.0
12064358357486276019	12375574807427729590	1.0
11630928683827021260	12375574807427729590	1.0
101134726537227590	18216766622461378741	1.0
9649602374689039590	15477696318004002816	1.0
865443591194071590	2157043224878439760	1.0
