9936136619207627798	17058206852292082864	1.0
858019611322207798	12160809463377011152	1.0
7260313534953852798	12373263659755896832	1.0
4889106792421138120	7210763763842361798	1.0
33035027442626798	4642439845562424971	1.0
16205726443541496798	14247617602402036660	1.0
14100618122578647798	2457025735828206979	1.0
1323852672290487798	12158558764319946685	1.0
13047234684640018798	193273528320	1.0
12435604676178321798	18137377497774292992	1.0
10359139741981299798	12516331008955514880	1.0
9694882813299957798	14535864475946319872	1.0
7605178707973827798	15981300169970810880	1.0
7522255138884720798	14174450610108353725	1.0
5724897683549643798	18138777171781484544	1.0
401632801418403798	193273528320	1.0
3484547126731781798	17786869769413118898	1.0
3276100432714109798	13604163571973290944	1.0
17708515617911595798	17424052819400372692	1.0
16813998457471654327	15189186677453401798	1.0
15593838467296947798	2157043224878439760	1.0
12976246022244211868	15904935749272057798	1.0
11464962445443562048	2372834605232544798	1.0
875536927610604798	12160809463377011152	1.0
7105100790854392798	13099741855862489088	1.0
7041225295189388798	14101576199226523648	1.0
2724215560529041798	13099741855862489088	1.0
17871707185908386798	14108836248734924800	1.0
17243172305016332798	18072036781615742976	1.0
11406491177395972970	2372834605232544798	1.0
1084911519199676798	15048676746385744831	1.0
1026832768712599798	18066750418340526792	1.0
8600041289312303798	14970238737911429844	1.0
6582936943169020798	17850574354989104585	1.0
6120484519683846798	12810149197688864768	1.0
4735876987215459798	193273528320	1.0
16321188353112680798	13746310750907924480	1.0
11530216626977881798	14101576199226523648	1.0
11462350933497728681	2372834605232544798	1.0
10519456827312436798	15258120452912971776	1.0
860377479668955798	12160809463377011152	1.0
7527397490781811798	11725101563771939509	1.0
6695119019231228798	12452097602957982901	1.0
6041331304577992798	15616700920199380992	1.0
4772435981798297798	14181513906894250679	1.0
17982627117189034798	2115288841912081402	1.0
17943974910641783798	17202618946051292599	1.0
17652090070927540798	633759903431830698	1.0
17004189931279371798	12519709859727324365	1.0
15957038468710946798	16265773523480346624	1.0
