9984973676462721121	14900916754573164544	1.0
9165553192479020370	17641121823749874121	1.0
9058709113716677673	14037337071978536121	1.0
8748897098745631238	14608826967093395121	1.0
8588566785884391121	15187452697407127552	1.0
7703368867564160121	17131876277372304823	1.0
7350623988562681121	17063253580598799542	1.0
7307334889904127241	17641121823749874121	1.0
6263824271205479121	11657225386684630718	1.0
4059663735362695121	13244505661309500857	1.0
3936208043219257121	18066712950609018880	1.0
3769231363774084555	17641121823749874121	1.0
3170832149416500374	17641121823749874121	1.0
2105954160828873121	17929291572143194112	1.0
18281165598942586121	16842314441348349952	1.0
17870129111768721121	14108836248734924800	1.0
17537688781599564121	13530442447615688704	1.0
1567463207369117121	16844207894860716730	1.0
14145032268230924840	17641121823749874121	1.0
14140648077252786684	17641121823749874121	1.0
11176441055004956121	15264848384558752209	1.0
107433854414105121	17561756785239456204	1.0
10729429075239105121	16700729173693431808	1.0
9654904523550842121	15977581613055785657	1.0
6726889884855354381	7632071698288472121	1.0
6141067434608513121	12804204017969453260	1.0
581241254120090905	12162192594377427121	1.0
5298540098678832121	16411060649217490944	1.0
1889741447174278121	11949979153673021890	1.0
15328356028957936780	17641121823749874121	1.0
1524930067897078121	16126724717481599426	1.0
14144995275672510704	17641121823749874121	1.0
14110997701844958221	17641121823749874121	1.0
11592801627398469333	12162192594377427121	1.0
8653490744220471121	13604768321256816640	1.0
7820037732361744121	16055527112794100412	1.0
7368636184673512121	12160809463377011152	1.0
7236275956639255121	15264904705944322048	1.0
6984635786323418121	11949979157578770882	1.0
6688318055134662121	2151154734856804401	1.0
6243937403037010121	11873391544596422085	1.0
5833692937335144121	12087303861014888448	1.0
458387893269388843	17641121823749874121	1.0
440236761459426121	13096090287552331776	1.0
3850309836454137785	12162192594377427121	1.0
3512005553415102153	12162192594377427121	1.0
1924453805545081121	13241391971865963735	1.0
16863909198347212121	12452682509911588864	1.0
16145021674928096121	13963115649128512452	1.0
15245102549091208121	15833790785205085898	1.0
