9809439512949775463	12092715584232357888	1.0
9090896449654061463	193273528320	1.0
8541761859695676359	12309406321025793463	1.0
6309964060965819463	15477696321388346801	1.0
6137615286441667463	13759279653766299648	1.0
5038744386781429266	12594224925213441463	1.0
4659741034596840463	12092394607112857553	1.0
3846617727905029463	737817959308176613	1.0
14249069414341847952	12594224925213441463	1.0
12020213593860990463	12955066947648669374	1.0
10199243637618658463	12735871569415372800	1.0
9631449375973741463	12515980264746254336	1.0
9089585406570422463	12814956163741253632	1.0
867054727911135463	15111796404861510096	1.0
8591359544975284463	13604474751652200448	1.0
7978182473373964463	14110839554625808575	1.0
7011285331129012463	17343897290694704567	1.0
5825026337301014463	193273528320	1.0
3779569104825259901	17851052622518219463	1.0
3658576776346704463	12730220638007645180	1.0
3603072132361058463	18300362465751334912	1.0
3218440297038437463	17058124453344504266	1.0
17616545419417906463	12811238680568004608	1.0
17235626896211388463	13093000638403500981	1.0
16592838239569406463	16118645763738697728	1.0
15008231140398134463	12661531513792277712	1.0
13887120496510602463	13890139983615359689	1.0
13671364116342463	17058125445481954480	1.0
13167546048722796463	17637219536723771392	1.0
12213585078850795313	6380390303467174463	1.0
1218155371556144463	17713469658655489776	1.0
1035236222880124463	818719810318707094	1.0
9927732287298277463	15116240576271351808	1.0
9522196062813936463	14109479402907682485	1.0
8887788815281119463	14321104566274228224	1.0
7579217962760285696	12594224925213441463	1.0
7407813721520972463	12160240023509260767	1.0
7254432311632310463	16341491314417729536	1.0
7232844522603821463	12011615653812240384	1.0
7164914340537112463	17853384647635030999	1.0
7011269843007042389	762485408189930463	1.0
5443918492901452463	801730259405931720	1.0
5313952996942855463	15264848384574146995	1.0
4578716012628015215	17851052622518219463	1.0
3597882710658171463	18155313826663292856	1.0
2471187862366520463	14970238737911382016	1.0
18084984756189106463	17779304015772492240	1.0
17562155607749783463	13887342882609692672	1.0
17537179484379036463	12446230558499930112	1.0
1698752223021908686	17851052622518219463	1.0
