8973151252909235473	14900940801218696124	1.0
8062480626427636473	14101576199226523648	1.0
7586098001937213566	13239366642745526473	1.0
7459936523913573473	16265852606713167872	1.0
5639192978836167560	11801066885281675473	1.0
3949084853508616473	13099741855862489088	1.0
1912658323190591473	16844207894860660736	1.0
1822138651565526921	13239366642745526473	1.0
18007169946947652598	13239366642745526473	1.0
18003191849563101600	13239366642745526473	1.0
17986329971146064674	13239366642745526473	1.0
17833993945774597906	11801066885281675473	1.0
17727693090262761473	11876267958571430858	1.0
16051975275072818244	13239366642745526473	1.0
16048497064379472872	13239366642745526473	1.0
15455461256166213500	13239366642745526473	1.0
14597518866600812473	14971371140309768396	1.0
13599887208983157473	13814783833352883667	1.0
12867017948036304473	17706652721060249600	1.0
11446156140315563868	13239366642745526473	1.0
10218515468390303669	13239366642745526473	1.0
9613116342696334473	13099741855862489088	1.0
8963223676461221473	14607414104202149888	1.0
8612260582147322473	17347239846162202624	1.0
7316215687084904141	17784388060000087473	1.0
7253530793682337473	18280663765751955456	1.0
7251039373338754473	12661531513792277712	1.0
6442324300516346473	12810147990263024822	1.0
4683299742590876473	12454325210348321467	1.0
3815060476475613910	13239366642745526473	1.0
3756525528199338473	13165611346919686144	1.0
3677154775951010473	14903470829890174976	1.0
3209654135421492473	13746372246249668608	1.0
279710808058566097	13239366642745526473	1.0
17922662260570100996	13239366642745526473	1.0
17526245861472118473	16988383474471665664	1.0
16241477381321724121	11801066885281675473	1.0
16076061708134966473	16772223882202492112	1.0
16050710729433106186	13239366642745526473	1.0
12829909629528844473	7813868915401949285	1.0
9746645861882929473	11726187911324893184	1.0
7660513957651546663	12879694402150315473	1.0
753769910196733738	13239366642745526473	1.0
7534414977211763473	15839704061818502324	1.0
6677573476996238624	11870261223469654473	1.0
513883802217646633	13239366642745526473	1.0
4498870204607503521	11870261223469654473	1.0
4413191820715653167	13239366642745526473	1.0
3467374743640701473	17058124453344504266	1.0
2984206857563594473	17779304015772492240	1.0
