9952326313795835353	18354353013570666496	1.0
9652072190615573295	16992061327981674496	1.0
9391038707473163080	16767966577474666496	1.0
7731919644836948059	16767966577474666496	1.0
6229978131174323496	15183521900388206270	1.0
5259869779478677687	2156781897059002496	1.0
3934332796140012339	12877184158186602496	1.0
3694274164049426709	18354353013570666496	1.0
3678842120144315496	18298967181200719872	1.0
3483169954007432496	12163563710946719693	1.0
3473168963794007964	14533303683300458496	1.0
3466909873441404702	16767966577474666496	1.0
2967149094322405496	18281218014046378961	1.0
2455809537942350496	7146473860387140773	1.0
2181456185545382162	800139635905476496	1.0
1884267571467207496	11802204790899923165	1.0
16410837684324171508	12011581513117250496	1.0
1460440331647974496	14971294290548943829	1.0
13268922303929880496	12092722149992816837	1.0
11373645101923383014	18354353013570666496	1.0
10656443679090866281	18354353013570666496	1.0
10652631968569824541	18354353013570666496	1.0
10644174177248801860	18354353013570666496	1.0
10637296809259222592	18354353013570666496	1.0
9935897593375895496	15046799939877206964	1.0
9678450957441614900	16767966577474666496	1.0
963318126457826496	15046741593035963568	1.0
9197259584745308496	17561756785239456204	1.0
8754859547992593496	12019228650848124928	1.0
8687123914519036496	17127747672803901440	1.0
8403359056180768496	15545503246374075082	1.0
8367706509571221496	12735796815509634999	1.0
7451816102140481627	12877184158186602496	1.0
7355483177796844496	809973147956673401	1.0
7005833094015763855	18354353013570666496	1.0
6704786960760952914	12877184158186602496	1.0
6559924618979850488	18354353013570666496	1.0
6332286829477155607	2156781897059002496	1.0
6093758425921145496	14823869430739501056	1.0
5255696424151445173	2156781897059002496	1.0
5218835683464142665	2156781897059002496	1.0
3442606302149062993	17138125924403831496	1.0
3024145555983921496	14110817478493908679	1.0
17553563235644778496	15982901006402234550	1.0
17037652120649581557	12877184158186602496	1.0
15612092871551301496	751667699856565285	1.0
15143457810856131496	17277202050689531904	1.0
14821105832201465824	16767966577474666496	1.0
12884018760055254473	12877184158186602496	1.0
12748316746959261415	18354353013570666496	1.0
