9036639137469447504	12958818558460738748	1.0
8571386088060219748	13093085373625653973	1.0
8524363655736156748	13093045838639267840	1.0
7677469302371697748	17279366967609786368	1.0
7194856103974676748	13093085373053841110	1.0
6331571178032180748	14101576199226523648	1.0
5835227881208572748	193273528320	1.0
42390562331847445	12958818558460738748	1.0
3438882332067439748	16628402203601730736	1.0
2627120003484756113	2182136579466794748	1.0
2426193389877393772	12958818558460738748	1.0
18089232862973416977	16561117611014807748	1.0
16900723034433894297	12958818558460738748	1.0
16312716590716142748	13093023745327497216	1.0
16198363549385412748	17203745852091269120	1.0
15861374424740517748	14391434917739297228	1.0
15611821253533777748	15542134261559652076	1.0
15604689315760921748	15111796404861510096	1.0
1490424050680511748	13678744562996397497	1.0
11640724434754211748	15908059509268861628	1.0
1163840212114106748	16407103511164151491	1.0
11487377627611940748	814475425162052512	1.0
9732665585236252748	13245270066703892480	1.0
9281569650024202748	14250471930716026833	1.0
9007945217088020748	17203658977787836621	1.0
8935392270879911748	17063229421407746760	1.0
8272489280562064214	14254071830280141748	1.0
8263455229087455780	14254071830280141748	1.0
8055609092654342748	12518856642999091200	1.0
7613304961955101558	12958818558460738748	1.0
7545384006505284388	12958818558460738748	1.0
7193123096153949748	13099741855862489088	1.0
7039491642007717748	17203745852091269120	1.0
688812340276328748	14110839554625808575	1.0
6698828643445616748	12590075243877750197	1.0
6326418647445128748	13309800245224275968	1.0
6212583516044997807	12958818558460738748	1.0
6041382879919750748	8027789932061812078	1.0
495365354424206748	12814956163741253632	1.0
3945290902715212748	13530442447615688704	1.0
3945290902715212748	13391447676600451072	1.0
3810830445231029282	12958818558460738748	1.0
3780032617028291097	12958818558460738748	1.0
2616003270847665273	2182136579466794748	1.0
2523616148064889381	2182136579466794748	1.0
17238080722706325748	13093013845427879936	1.0
17225101689234960748	193273528320	1.0
16897028284343281892	12958818558460738748	1.0
16860852586310338044	12958818558460738748	1.0
16634805235878572122	2182136579466794748	1.0
