9371540282398248543	17779897683112607159	1.0
8596694619639498543	15982922924022607054	1.0
8232300780274699543	15981235221475420853	1.0
8087452145870949543	14109479402907682485	1.0
6621631512236357543	2186485336107941194	1.0
4205406652476921543	18287396031607273670	1.0
3661427500866413543	13093074387286884352	1.0
3488381574741501237	17422648794591311543	1.0
3473682744870466543	17058124453344504266	1.0
2774897127652792543	14176181305871433728	1.0
199362487962223543	14398568519115536589	1.0
14454640499104058711	654364446664648543	1.0
13564806513110927543	16916829426694488064	1.0
12787287057956217543	13099741855862489088	1.0
12595268427281727543	17711773013566816256	1.0
10113493622620563543	2187156314036573094	1.0
9999180369753350599	12515991353424324543	1.0
9644511106028469543	16846458595162718208	1.0
9614482160311523634	17424082479099267543	1.0
8882046861596440543	2281022649024921441	1.0
7984028999473266543	13604768321256816640	1.0
7528885142325595543	14325640171997888512	1.0
6679798244497354543	16842314445271248336	1.0
5843374275515984161	12238497661460537543	1.0
4680848914352898543	17134408457534353093	1.0
4086817153758223543	15117979976953149885	1.0
3487852645238509543	12454412007342394802	1.0
18252244515610673543	18071169399124632521	1.0
17980348867543544731	13744959352333198543	1.0
16410940708795530620	12515991353424324543	1.0
16301737411485472543	13814783833435661767	1.0
15578349511912320543	16482263921475690960	1.0
13686264853525741543	13101797938005323198	1.0
13489395934396371543	193273528320	1.0
11420316248468245764	14038481789618543543	1.0
9784820108619004037	15406787626758756543	1.0
9427319291639071543	14250454410299417040	1.0
8414572197914090543	15545503246374075082	1.0
8072718032412426543	18141056433616060416	1.0
5523181091274923543	14398257378799700936	1.0
5349658870667273543	16055527113095699388	1.0
1737339369681813151	14755467712709711543	1.0
17035757209283494543	14758828954269841868	1.0
12668222910009540543	17564867423893513923	1.0
12610917096139004543	13245032437585329606	1.0
10642233693870618543	16122577509945442304	1.0
9058191865089885543	17779304015772492240	1.0
8810358510006741543	12452634139989901312	1.0
8076183766530311566	12016105005468068543	1.0
7728419750151791543	16194352477955472082	1.0
