9869502130913667063	12739518623714902016	1.0
9657362962569346609	12014751482449494016	1.0
9616618073917590016	22608454443073536	1.0
9167439548478920485	14605709831114326016	1.0
9148716767969794085	14605709831114326016	1.0
9072669230242671016	12661531513792277712	1.0
868334503652116016	15111796404861510096	1.0
8475695998089446016	15264848384574146995	1.0
8267202741608322650	15543519698292310016	1.0
7845262809886354453	12237109992427094016	1.0
7169135168288144287	12014751482449494016	1.0
6190828990016332810	12452660442369622016	1.0
591556413568035016	13892183954997438397	1.0
3663990964953700858	18138735433289302016	1.0
3660142365061637935	18138735433289302016	1.0
3049063039404866326	13526768949202518016	1.0
2572996041200032810	12014751482449494016	1.0
2568158283624659016	16415516969844926642	1.0
2432706238876796273	7727176586931911016	1.0
18282525434846187692	17138088583958102016	1.0
17823792039653544048	18138735433289302016	1.0
17733112035389409016	13675102967689117696	1.0
17242526570926204016	13308612815392915391	1.0
16962403740083277982	12739516476231254016	1.0
1675106856048282016	15046488768439045076	1.0
16220640113749184925	17346724136554070016	1.0
16220464144656213295	17346724136554070016	1.0
15692581857731653085	11869711510605398016	1.0
15457002785520932780	12739518623714902016	1.0
13436338740163506820	653074924917714016	1.0
13067364651097443664	14970238737911382016	1.0
13054864981882015035	12237109992427094016	1.0
12683600607258489016	16628390091793891328	1.0
11953641570550104123	12014751482449494016	1.0
11532778918462821774	13093011612044886016	1.0
11529170209040034492	16416740773531222016	1.0
11174837584841005016	193273528320	1.0
1011450518284897589	18072057676631638016	1.0
100903928446579858	12739518623714902016	1.0
9909742280536116016	15407575963844391127	1.0
9293513335975127016	13169032970780582332	1.0
8833546643457864433	17346724136554070016	1.0
8519969217022983304	13531345236856406016	1.0
8394868502857064439	688445785185193016	1.0
834883380449348683	11801105313631830016	1.0
832211025952539681	11801105313631830016	1.0
7282764669920972297	12014751482449494016	1.0
7226427927276898740	18138735433289302016	1.0
6683897056463213814	16416740773531222016	1.0
6672909184918005889	14970238737911382016	1.0
