9684109075824403793	18363050063755135703	1.0
8595933500358062703	12595368367231074304	1.0
8413599085611940703	193273528320	1.0
8138394645914587977	16198872484357919703	1.0
8113325586085781085	16198872484357919703	1.0
8071775855199670703	12158564291942867656	1.0
7773494283885462304	2295911904149659703	1.0
7638703169337810703	14903470833813022156	1.0
4640509617974943703	15982901006402234550	1.0
3589290366250112703	13678177296689707732	1.0
2191968117161257703	18210272906380157623	1.0
1726578136103191376	15478798075899723703	1.0
17015280167743733703	12234265594009152700	1.0
16192754034356429703	193273528320	1.0
13012223576755217703	17706652721060249600	1.0
12076837294825490703	14246266285854818304	1.0
11723153433471858703	18066750415608788938	1.0
11043007568182127860	16198872484357919703	1.0
10108251919252643703	14320219523838377984	1.0
7571261857635117703	17281335222272524288	1.0
7511225013029041703	193273528320	1.0
7030228946202040703	193273528320	1.0
6887097396149429703	12660969675274964694	1.0
6720216085523111703	13455311761527864249	1.0
6666846091893569530	18355807628645291703	1.0
6466753090772275224	18141608457172735703	1.0
6075944563076061703	15264906714524612796	1.0
5979413369440189703	14250454410299417040	1.0
5305237004131511703	16988326325636825088	1.0
498945029346275703	193273528320	1.0
4694610120773544703	193273528320	1.0
4344664256236680703	12810147990263024822	1.0
4146052738937876921	17929069624168853703	1.0
403041557554292703	631688543069928266	1.0
390382347264921703	14755170836134550455	1.0
3186478055183252703	6626309204818693531	1.0
3162520443729059703	14321937003242824625	1.0
17540268622411563703	193273528320	1.0
16902113275466668703	14032306936611864576	1.0
15756451619608206703	2141609057480920149	1.0
10688009275489925703	13886848127322019530	1.0
10057439189349586703	16342701807090777276	1.0
9787971363698856703	2019139232785162765	1.0
8885291185146613703	18067270496398254514	1.0
8085023186813597703	825570060579577462	1.0
7119358458505764835	15478798075899723703	1.0
6501435197919107703	12160809463377011152	1.0
6452747554503951465	18141608457172735703	1.0
5921698217592234703	12158520238463254528	1.0
488566726210131703	193273528320	1.0
