9938269491304518971	16846556412904927689	1.0
7597328151248859689	193273528320	1.0
7026510204615305689	15043426642787565568	1.0
6984053251324812689	11802204790899923165	1.0
6521279632714214689	16416736323945103360	1.0
5213843136134063689	15982901006402234550	1.0
519093133687262689	14461609018294065857	1.0
3335857147301032689	18282034783737407666	1.0
2423390004401555689	13820414420121084863	1.0
18016215010770813689	13239366642745526473	1.0
17913237252257041689	15983504620669423823	1.0
17607545610224674689	13604175748913954816	1.0
17011358905425259689	11732339674587332608	1.0
16988639189405709689	12669417125287343539	1.0
16820947196112073689	827132556302164559	1.0
1666587082042033689	14250454410299417040	1.0
12532337041092024480	12595427697909365689	1.0
11440133056454196320	13890139983615359689	1.0
860651159215660689	2157043224878439760	1.0
860598185256526689	12160809463377011152	1.0
8408453525876638689	193273528320	1.0
8121175632668593689	16411076102509821952	1.0
7521373579489435689	14325640171997888512	1.0
7216549330679980388	12595427697909365689	1.0
7199700238787408689	13093085373053841110	1.0
5303780997821466689	2123686429052499636	1.0
3620292081358895689	12661531513792277712	1.0
3580824432904972689	12661531516759168972	1.0
17296219543155880689	12733000821864702667	1.0
1552839059300423689	14607414104202149888	1.0
13887120496510602463	13890139983615359689	1.0
11981376656707076689	17920358130361827328	1.0
11470294055664646689	12814941943104536576	1.0
10253775100950746073	12595427697909365689	1.0
9930092255858839457	16846556412904927689	1.0
9922191474498734486	16846556412904927689	1.0
876320776254916689	13099741855862489088	1.0
7835435272993248689	13675680254204696009	1.0
4486562207282411689	13031121249273698767	1.0
3202718671271941689	782294051282525803	1.0
1903803021825326689	16265802097897766912	1.0
14829667968031169689	13165946723735961600	1.0
13591267063081793689	16777292570676953088	1.0
12594652981182206689	12591434335276745666	1.0
11515857576206877689	18079064988789506048	1.0
10942175131225207689	12375304370516982459	1.0
9646884334837943689	14903528056034426880	1.0
9446237540328772689	12092714431684464576	1.0
8901663153813814689	14760213209344434360	1.0
8176484484777834689	17420986388844642304	1.0
