9992650718059277718	16340365413366554044	1.0
8649714235325797044	13237963531821826254	1.0
7519518639372059044	11725101563771879424	1.0
7385239744316017044	193273528320	1.0
7245147103388350044	798060763984504565	1.0
5882807940535874044	17493286837513413067	1.0
4846773662905644108	14684216129094671044	1.0
4367495753156039044	16845666928365904336	1.0
3811241882754519744	17929291576198618044	1.0
243304011430560044	12738941543319076864	1.0
236183799700553044	17058206852292082864	1.0
16085062065602339044	16624957437966811136	1.0
13623801562708080044	15264927568055238656	1.0
8440938446774650044	14535864475946319872	1.0
7963341709023230019	14684216129094671044	1.0
7770641906293061044	8028914762521821385	1.0
7373255477897320044	18066750415608741888	1.0
7230193312304932044	12733266847844007936	1.0
7226894171794524044	17134768015892545536	1.0
18133946395668796773	839040808005770044	1.0
1760737985395788044	17138120491270144000	1.0
17362760511181418486	14323056254926501044	1.0
17114489810510292044	7421854491014191888	1.0
16860852586310338044	12958818558460738748	1.0
16229835292300186044	193273528320	1.0
14789527727394687044	836802473273504242	1.0
12887512655871642044	13309800245224275968	1.0
1191344373830757044	15407367104705372604	1.0
10907349749765571044	13820368244943671412	1.0
10049021550854547044	14321061736860352512	1.0
815894702612837563	18290187627221210044	1.0
5214322666097442044	16629167463694598144	1.0
492180558866356044	17348135956728774656	1.0
4579764474281791044	15111796404861510096	1.0
3473308009090239044	14034036433804572621	1.0
3146259666337632044	801783994532009132	1.0
2718082665361662976	14684216129094671044	1.0
2576632512741060044	13099741855862489088	1.0
2096309145281757925	14684216129094671044	1.0
17993863464728193044	5827862419484462190	1.0
16773335754304984044	12730220638007645180	1.0
15349452728566806125	18290187627221210044	1.0
15155985259785010044	13678744562996397497	1.0
14392675840267194044	2081449897482947903	1.0
9765599528273689044	15982922924541339331	1.0
873758600717263044	13099741855862489088	1.0
7755614313764387458	839040808005770044	1.0
7695931067191509907	14684216129094671044	1.0
7277017363460080044	845000873924912233	1.0
7260224706503065044	12373263663779199673	1.0
