9443108008108071393	14250454410299417040	1.0
7366448740899998393	13531024123388601280	1.0
7305350627216596883	12374994319962003393	1.0
7298659470888986393	13174431667852457406	1.0
6103751763805196393	13242460589828591812	1.0
4954234882357908393	12660969671940374528	1.0
4074869384498955393	193273528320	1.0
3142095271416503011	12516583952464521393	1.0
2017770692905172466	14542086709769726393	1.0
15012937565603284393	16120906256566234320	1.0
13494836285243299626	12374994319962003393	1.0
1327414345272224393	13241667907697508352	1.0
126695309499071901	18065856572784957393	1.0
12508685194287164393	15111796404861510096	1.0
115657338090108983	18065856572784957393	1.0
10299854916897430393	193273528320	1.0
10067557487534440393	17063229421407698944	1.0
9523698409202911393	14967082997805744128	1.0
9491045879641169393	13526261228233555968	1.0
8287918299041220393	13741022107323310544	1.0
8058508060343823393	18068987869808470964	1.0
7554841166016383393	15616695491360774845	1.0
7200763852999236393	13093085369518260224	1.0
3987435540729747393	14037105222535348224	1.0
3816262965228119393	15038306172722935996	1.0
15616828313603049393	15542134261559652076	1.0
14035574866617511393	769644353716979146	1.0
12409191262440355393	17279954123998943933	1.0
121389620677245894	18065856572784957393	1.0
11433099093399974393	18067270495995286732	1.0
10731494537992626393	13099741855862489088	1.0
9286505199657871393	12374149878689429171	1.0
6682277488750971393	13678744562996397497	1.0
586802369153938946	12662932167052019393	1.0
2074968541796949765	14542086709769726393	1.0
17668639514447612393	12738941543319076864	1.0
17607463262783855393	15908059509470188220	1.0
16803429334986547393	782294051282525803	1.0
16675296750686184393	14461609018294065857	1.0
14927116725998841393	15254796723751549399	1.0
13502306895631782257	12374994319962003393	1.0
12349222919235070393	16480048673078640640	1.0
1093494307363193393	14101576199226523648	1.0
95912007611018151	18065856572784957393	1.0
8278809393197459393	14755106016488122546	1.0
6316205283867319393	17277202050689531904	1.0
6258224935239263393	13173771943695935666	1.0
585643548348504945	12662932167052019393	1.0
5091033301640357864	12662932167052019393	1.0
3165841308253691071	12516583952464521393	1.0
