880513639439945999	2157043224878439760	1.0
877755832255714999	12160809463377011152	1.0
8663950544885784723	15042498602760001999	1.0
8374899751140587999	12591434335276745666	1.0
8319303883156309999	14391434917739297228	1.0
8193612755313675999	15119634794436100096	1.0
811951360227452983	12735796815509634999	1.0
7367835186039275398	17853384647635030999	1.0
6678911007307627446	17853384647635030999	1.0
6678641665580426972	17853384647635030999	1.0
6669009424587322999	11869738010553666263	1.0
6490683214950322562	15689635890067586999	1.0
5771672241509342999	16053261960468291267	1.0
4441674369971747999	13675722108091345361	1.0
4363961074153038999	14321088107959549952	1.0
3411318399122572296	17853384647635030999	1.0
3356602456986716881	17853384647635030999	1.0
3351760117643743724	17853384647635030999	1.0
3338430188362327749	17853384647635030999	1.0
3283776934456281999	2103324737006716265	1.0
16417386049673770968	15042498602760001999	1.0
16355341151174694921	12735796815509634999	1.0
16208731913096033999	193273528320	1.0
1554143118647847999	8031420568096663566	1.0
1527074632161947999	14823869430739501056	1.0
13260755892211242999	18142394659526148096	1.0
12131721123803772999	18290775856848488114	1.0
11476969289270917999	12952840415127535616	1.0
9792887683101754999	17995172105561366987	1.0
9690354121176541075	17853384647635030999	1.0
9257199207474363999	2118759899611367699	1.0
9038589670216691999	18067270493198614528	1.0
8674113949477416962	15042498602760001999	1.0
8426835019692941999	13169032966975782912	1.0
7625719479594436999	16696468583315668992	1.0
7366443195677154999	13244482571565268992	1.0
6807955213879084999	14903470833309118388	1.0
6678015605452872422	17853384647635030999	1.0
6626048374013666999	12018640390652428288	1.0
6068535972849178547	15042498602760001999	1.0
5133746076410866999	16416736326794256848	1.0
443324203765771999	13099741855862489088	1.0
4148405533664088801	12735796815509634999	1.0
4101493817109139533	15042498602760001999	1.0
3476559290685480999	11796003553909197746	1.0
3421264254902781091	17853384647635030999	1.0
3408325309304542382	17853384647635030999	1.0
3365195814662528907	17853384647635030999	1.0
3361558952353539379	17853384647635030999	1.0
3346573171584691344	17853384647635030999	1.0
