8746182523694702151	13820414420121084863	1.0
8668936984834199151	15042498599139203535	1.0
5603538469604299151	13099741855862489088	1.0
5282862960580095064	18067270496851241151	1.0
4603704192985990151	12092725521675889593	1.0
4586980517575921584	15761114049144872151	1.0
4248776930863754865	11873453224771380151	1.0
3474765493319391151	17058124453344504266	1.0
2590420011482700604	18067270496851241151	1.0
19414925117281151	17058206852292082864	1.0
11411207206826348151	16411076102509821952	1.0
11378647974769564151	15405051567577037499	1.0
8441425083067863151	12452634139989901312	1.0
7880214536731818151	13742388762866876416	1.0
7382493373210699151	193273528320	1.0
7378653148049128151	13099741855862489088	1.0
7327297842145116151	18067294691044360192	1.0
6324267282818945151	32492149148745728	1.0
5565032383043587151	12773136874647368672	1.0
5354034954830269151	17568528625815257088	1.0
5107856022194121151	12160809463377011152	1.0
3924305846936732151	14110839554625808575	1.0
3560388436875156151	15183521900388206270	1.0
2314074150740868151	16054733218695348224	1.0
2010565430911561151	12308819079933773772	1.0
17520165357917828151	13237958065271078912	1.0
17007625555551803151	12810147989692986826	1.0
16956222172802112151	15614815322182307539	1.0
13591541051038392820	15761114049144872151	1.0
12105446497659220583	12016109343688936151	1.0
12085686602954659377	12016109343688936151	1.0
12046438866219247017	11873453224771380151	1.0
759125217897415151	15119634794436100096	1.0
6106849049436290568	15044751514316308151	1.0
5277996681033399116	18067270496851241151	1.0
4635779992774707151	15839704061818502324	1.0
3990803383552665151	16704371954500501504	1.0
3950596085019972151	13530442447615688704	1.0
3566815743861072151	16415537890630616766	1.0
2752258931279181151	16633179610930793402	1.0
16712910671978966151	14903528056034426880	1.0
16615538059605106151	193273528320	1.0
14944849417681603433	12593655225035848151	1.0
14724574611697566151	193273528320	1.0
1464074735387280151	13096364077334242993	1.0
12831456155232947151	16696443535066454195	1.0
12123049967544707192	18067270496851241151	1.0
12020818333068735151	17921129987524526080	1.0
1170727842681386151	14612118987471897548	1.0
11108025399784896151	193273528320	1.0
