9497321469715790793	12375304370516918272	1.0
9173718289213211931	12375304370516918272	1.0
8878927011050905103	15558231082267574272	1.0
8866399888395351979	15558231082267574272	1.0
8800249178405288741	12375304370516918272	1.0
8512021629881759625	13528223710439075272	1.0
7906856987098313591	12375304370516918272	1.0
7194556946674824990	7038883595753472272	1.0
6821654205676879862	11651896049529782272	1.0
5546115926736057905	11651896049529782272	1.0
5446060578595624272	13167589299563064506	1.0
5062966347867838770	12375304370516918272	1.0
3747797515777971272	17058124453344504266	1.0
3629478693476340616	12735805671732150272	1.0
3186132644005708190	11651896049529782272	1.0
2949604108966604792	11651896049529782272	1.0
285897533867669628	12375304370516918272	1.0
2788496511037274839	14325629155406774272	1.0
17851214686666068198	13461211689382838272	1.0
17356162629727456272	13679059139374874624	1.0
16755320297258708272	2235317349982068387	1.0
16494182216237751272	13031121249273698767	1.0
15461562162700728674	12309376622523318272	1.0
15146786022669364272	12160809463377011152	1.0
1401981064901749165	15558231082267574272	1.0
13512612163196019076	11651896049529782272	1.0
13358675435006473272	12742883210900275200	1.0
12596855071141444452	12735805671732150272	1.0
12590657007957638354	12735805671732150272	1.0
12391738021858170272	13814777297019863040	1.0
12262281507937975272	193273528320	1.0
11369382428917975272	13682717291869896704	1.0
11338506776350615634	14325629155406774272	1.0
11041492011212290169	12375304370516918272	1.0
10936047299331553587	12375304370516918272	1.0
10523672000687193272	13814777297019863040	1.0
99080297620307272	15761992562980543436	1.0
9504076727373105501	12375304370516918272	1.0
9423869230244247870	11651896049529782272	1.0
9345462039077492004	11651896049529782272	1.0
9231018908933465272	15264880254695505920	1.0
9175374615293793605	11651896049529782272	1.0
9166128708369320885	12375304370516918272	1.0
9158479740869287107	12375304370516918272	1.0
9155814163921493171	12375304370516918272	1.0
9150836133475806164	12375304370516918272	1.0
8866714529239815350	15558231082267574272	1.0
8864913939829519272	17347289315595580618	1.0
8251252213276777272	15040028000147729613	1.0
8078689957436164656	12375304370516918272	1.0
