938625329378898750	14607414104202213836	1.0
9168750724674479750	13893315348167393280	1.0
6773695669276292750	16411108031296700416	1.0
6266526273137786750	16416736326794256848	1.0
5514036431474519750	14398257378799700936	1.0
475730053411386750	16842314445271248336	1.0
4002012480240452750	12742612803262725311	1.0
3215450147917388750	15832961719078024402	1.0
3084206751042417750	867124933844139067	1.0
242440348295253981	688898204256084750	1.0
2060368222940507358	12742612802826125750	1.0
16064522927620996750	14037356911913861120	1.0
11971387545585459750	14181451307158906293	1.0
11216330058450422750	13092994079988439749	1.0
11052301710465665881	12742612802826125750	1.0
109942656595127750	13759279653766299648	1.0
9845626978892907750	12734972258188508348	1.0
859370056418708750	12160809463377011152	1.0
8395788983015576750	15545503246374075082	1.0
7964600685060992750	14399964812983458747	1.0
7201371590655814750	15763961746617847765	1.0
7030153622718076750	13632455664737832168	1.0
6581244722139405750	13740941855859848372	1.0
6440578817321445750	16127383388946624701	1.0
6299700560017309750	739176907770842773	1.0
5262797810972395750	855107254628873984	1.0
4152433732942275750	17563978838109585408	1.0
3463300473126191750	15264927568055238656	1.0
302082308664006750	17203745855458700982	1.0
2919015760961729750	18353817564292894418	1.0
18310596867341332750	14682812017782615759	1.0
17532563271497524750	15833730216734274995	1.0
16620913942313897750	14181451307158906293	1.0
12754058676963575750	17851946486816833536	1.0
12518886891362775750	193273528320	1.0
11130022222649527750	12454368125661478912	1.0
9925024762072343750	18144113217675198464	1.0
8009845664357575522	18072051109605473750	1.0
6025533902584042616	12742612802826125750	1.0
4918765301658570750	11725077309466272945	1.0
3937958066481266750	18065300189836536014	1.0
18260690841233944750	13678744562996397497	1.0
14830319059324989750	12092722271496499389	1.0
12761484245903458750	14535827194904764338	1.0
10338102915974028844	18066701000480567750	1.0
10269004293959444750	16772223882202511565	1.0
10199206885009111750	14750397903366507709	1.0
9480890204371289750	12588923021479116800	1.0
933653109745604750	16633179610930793402	1.0
8899003838846695750	12660969671940374528	1.0
