8769388622715811263	16118586235491975168	1.0
7924092356663603844	18067239636808354263	1.0
7676127315333669263	17131945628176937908	1.0
7202025332131683263	13093085373523804880	1.0
6648180357036234263	15551392162604493514	1.0
3466486883633757528	14103775067863299263	1.0
2997190940796931263	13245032434753339392	1.0
2775820897821923263	14176181305871433728	1.0
185760399883607358	14103775067863299263	1.0
18154805545666155263	12237118813599415511	1.0
17646933327379715263	12376938244105292465	1.0
171290753773373249	14103775067863299263	1.0
16841722776346958263	15264880254695505920	1.0
16517076518880991548	712896183646857263	1.0
16233519264364714195	14103775067863299263	1.0
16198497908626420263	16415537890630616766	1.0
16068574021019866545	14103775067863299263	1.0
15949633425303394583	712896183646857263	1.0
12927399677597926806	14103775067863299263	1.0
11680473927829737323	14103775067863299263	1.0
10273891616532906263	12306284804415946752	1.0
9038206920321329263	16488460798822904756	1.0
7675447834649814162	712896183646857263	1.0
6757942153770711263	12595369453857844667	1.0
6246988501104423263	13893545266356682752	1.0
5033296204436600263	730598444746503584	1.0
3933806117186420263	13099741855862489088	1.0
15968794886910530263	13242460589828591812	1.0
15156128801823903263	17271482485691176650	1.0
15063925449718838263	859758691108761830	1.0
14212249020554773263	15472034966992322560	1.0
1330546557557845263	14895929344059768832	1.0
11695069377676349918	14103775067863299263	1.0
10521532824652077263	11725080647281147904	1.0
1015511625725057263	865175508796553958	1.0
9108948299076289263	12452097602873308625	1.0
8275045129689847263	17203745852091269120	1.0
8199323240538744359	14392617975070894263	1.0
7147608861068612263	14321087004152954880	1.0
4761027083834726263	18137395158679814144	1.0
2486391694290794263	12092722150779497918	1.0
1914398548266636263	18208313577066987520	1.0
179192450018653457	14103775067863299263	1.0
17725946983941387263	16415557789214112443	1.0
15947222664428545341	712896183646857263	1.0
14605721750890478263	12519678970322485248	1.0
102063400653193263	12956211607666482361	1.0
9099315491204261263	13099741855862489088	1.0
8646950307775892263	13173550957793301450	1.0
7257861950476022689	14103775067863299263	1.0
