9730022097210802931	12308819079933773772	1.0
965641853840349772	15985214314542114242	1.0
9181303255441786460	12308819079933773772	1.0
9111673065385668123	12308819079933773772	1.0
7179488346145427034	12308819079933773772	1.0
6945177658584299772	16415564313269370880	1.0
6876143889451305772	14250471930715963392	1.0
4449945879899171772	13241667907697508352	1.0
3074206149348743381	12308819079933773772	1.0
18438767328226683823	12308819079933773772	1.0
18176669444778979956	12308819079933773772	1.0
17496316134484412717	12308819079933773772	1.0
1735788395227636772	16917428634761886156	1.0
17344310048406183051	12308819079933773772	1.0
16895602596412009021	802988461912999772	1.0
16889880196647710386	802988461912999772	1.0
16866164586463189825	12308819079933773772	1.0
16759446921639435272	12308819079933773772	1.0
15595305228985807789	802988461912999772	1.0
14502654037348795772	15474625412092395520	1.0
12356575284465576725	12308819079933773772	1.0
12348405706857347746	12308819079933773772	1.0
12343720674832891641	12308819079933773772	1.0
11228306660707410164	12308819079933773772	1.0
100714179511391531	12308819079933773772	1.0
9068806465334768175	12308819079933773772	1.0
8671190508771799772	17706652721060249600	1.0
8592917440462574250	12308819079933773772	1.0
8325419056293280137	12308819079933773772	1.0
7468925074655117772	14900916754573164544	1.0
7366115077124629849	12308819079933773772	1.0
7247577234505130772	14103797143995217339	1.0
7244509881947590772	14481237534232805376	1.0
7114370657770309772	15045044999111163349	1.0
6855851938181725132	12308819079933773772	1.0
685147722758828499	12308819079933773772	1.0
6747862987651555772	12160809463377011152	1.0
6696202919411373772	13093069959175602176	1.0
6603944650999707815	12308819079933773772	1.0
4038190494669552772	12660969671940418002	1.0
3057721274592403959	12308819079933773772	1.0
3055367954682091467	12308819079933773772	1.0
2976228101395871252	12308819079933773772	1.0
2010565430911561151	12308819079933773772	1.0
190600115669816148	12308819079933773772	1.0
16898454020912075651	802988461912999772	1.0
16830037374074043772	18137377497774292992	1.0
16750511307775150772	13244461676549373952	1.0
16741288891896447772	11660053407900677579	1.0
16577930336494101588	12308819079933773772	1.0
