9989406365421435896	17564867423893454848	1.0
9814645932629034834	12666585912910544896	1.0
9807065873633537404	12666585912910544896	1.0
9607502683189408896	12591777315010177202	1.0
9593854746159904249	16625288408146640896	1.0
9581938325062816555	16625288408146640896	1.0
9407288478679041364	12157442772902608896	1.0
8895631678059574896	12092638545404014799	1.0
867012401056313896	12160809463377011152	1.0
8623398853930033896	13389670981774082048	1.0
8475176138219519574	16625288408146640896	1.0
8083994263539364896	12375304370516918272	1.0
8049384048933287896	18066750418340526792	1.0
7824021413300142874	12157442772902608896	1.0
7685558308356511896	12304345270199517184	1.0
7679728477833807333	7594873781428944896	1.0
7677964122481109695	7594873781428944896	1.0
7677063519306451255	7594873781428944896	1.0
7666890644499997511	7594873781428944896	1.0
7562126441509929183	7594873781428944896	1.0
7515282319854010896	13093007342847457222	1.0
5931793254530533235	12157442772902608896	1.0
5924803965743152896	14612182789211029504	1.0
537413483205896	18290141421677304243	1.0
537413483205896	18290141418544431104	1.0
5145716125011970896	14030334275312745672	1.0
512262318818243896	12449867773029447622	1.0
5089240502167591571	12157442772902608896	1.0
4973602200088685980	11727863587729235896	1.0
4308221450237447896	12016118149594915780	1.0
4201344690616743896	18066742632889896384	1.0
4063464458279416896	12810147990110120125	1.0
3091711443890530407	16625288408146640896	1.0
2973167841461966095	7594873781428944896	1.0
2559244114253999592	7594873781428944896	1.0
2555969394853227505	7594873781428944896	1.0
1870358902071495010	12956241191707344896	1.0
18351073555438632745	13244517786002128896	1.0
18208575709063266275	13244517786002128896	1.0
18194683157090035502	12157442772902608896	1.0
17659918959029085815	12157442772902608896	1.0
17520918888453078896	15617336501971964088	1.0
17453221382239965294	12157442772902608896	1.0
17436628845434952606	12157442772902608896	1.0
16918481633743132597	12157442772902608896	1.0
16837003553370299217	13244517786002128896	1.0
16475773089866444356	12157442772902608896	1.0
16474770116177890203	12157442772902608896	1.0
16334883303601984896	762376436451137959	1.0
14504418436423686896	648308216229757753	1.0
