8949031820358226638	859758691108761830	1.0
867476987703946830	12160809463377011152	1.0
7859687016472760163	12228100636490319830	1.0
7619341779395286302	7431901424634149830	1.0
7615099695929507940	7431901424634149830	1.0
7594482199164580259	7431901424634149830	1.0
7196384197564830830	13093085369518260224	1.0
7146499883623777830	18290740678151372800	1.0
6889595073212345977	822988380701978830	1.0
4484829058427884830	16265802097897766912	1.0
4019605873140794830	13820368244927627264	1.0
3756484441815150026	12526381747824293830	1.0
3528420793383711830	12452634139989901312	1.0
17489054943334813079	12526381747824293830	1.0
17478108845527558944	12526381747824293830	1.0
16279397341352152830	798719621074115149	1.0
12210013103967170481	859758691108761830	1.0
11353046218249861889	12228100636490319830	1.0
8538450689027524830	13093045838639267840	1.0
8238260584831694830	16055527109040339149	1.0
7964608311323812830	13101806768764223488	1.0
7614643037803423352	7431901424634149830	1.0
7602522356516196669	7431901424634149830	1.0
7597074989388523375	7431901424634149830	1.0
6933057482272357830	12661569892423613879	1.0
6894366824891085453	822988380701978830	1.0
6298514723197718453	709856905817479830	1.0
4027396092147930830	14030349780108168381	1.0
3748698932898574333	12526381747824293830	1.0
2581259154555812830	12374149874717882578	1.0
17984421597528720830	12807929184928137216	1.0
16626340722732320830	15761992562980543436	1.0
15624189943413787830	16118645763738697728	1.0
14445946802452832830	12157442772902608896	1.0
13080562310172586830	193273528320	1.0
12595267741966726013	822988380701978830	1.0
11471686355165790830	13893545266356682752	1.0
10426066202102029902	859758691108761830	1.0
9260515115049283511	859758691108761830	1.0
9037264480087842830	13820087950006404275	1.0
8876526750903554238	15038552374139792830	1.0
869930298751058830	12160809463377011152	1.0
7999926480502059499	859758691108761830	1.0
7855355524805099808	12228100636490319830	1.0
7853053833645630569	14327824764163376830	1.0
7593292901296322839	7431901424634149830	1.0
7289990491605545830	13174431667852457406	1.0
665345236864994830	17867461927324614656	1.0
6368272120129029830	808946247426886847	1.0
5378248735129814830	13814783833435661767	1.0
