9991867387847061499	11949979153673021890	1.0
9862742393984941890	18282034783737407666	1.0
9644738216917397890	14903528056034426880	1.0
8654292386516404890	11727024678328387052	1.0
861218000602221890	15111796404861510096	1.0
8451239377195481387	13820087950274834890	1.0
8372633584576206190	11949979153673021890	1.0
8309559494452405690	11949979153673021890	1.0
7702596364129465890	13525116493632684751	1.0
7386714397558281755	11949979153673021890	1.0
7377636786956006890	13678744561840267728	1.0
7369696573150256975	11949979153673021890	1.0
7364881240443518575	11949979153673021890	1.0
7214464115837646890	13093085373053841110	1.0
6980663246470157522	11949979153673021890	1.0
6960982248766838313	13820087950274834890	1.0
6056905575042624544	11949979153673021890	1.0
5277721096036771915	11949979153673021890	1.0
5258358953857192422	11949979153673021890	1.0
3936135063161318890	18079064988789506048	1.0
3904530545423851890	6072628335391801344	1.0
3643310353246785590	11949979153673021890	1.0
3044968633216685483	11949979153673021890	1.0
2024744772039327165	11949979153673021890	1.0
1911003115812202602	11949979153673021890	1.0
1895871714200245494	11949979153673021890	1.0
17614735380086770890	15695020275282076093	1.0
17299356778379071923	13820087950274834890	1.0
1693569162068237890	803148970512311427	1.0
16692875393563029689	11949979153673021890	1.0
1650579114887987926	13820087950274834890	1.0
16207162252809823384	11949979153673021890	1.0
14577496047463634270	11949979153673021890	1.0
12483631133337892534	11949979153673021890	1.0
11386928044269970925	13820087950274834890	1.0
10917860664463702384	13820087950274834890	1.0
10914122028482506370	13820087950274834890	1.0
1086599226927324890	17706652721060249600	1.0
10550194621374581830	13820087950274834890	1.0
10243239379007768890	17854706243822682112	1.0
10069902062579586880	889990437981329890	1.0
9993969937512968569	11949979153673021890	1.0
9988184371773052453	11949979153673021890	1.0
9043868005234865724	13820087950274834890	1.0
9043679430398087242	13820087950274834890	1.0
9040943463578686890	15111796405145757897	1.0
860544880287358890	12160809463377011152	1.0
7537518752461113890	14325640171997888512	1.0
7376432413286873167	11949979153673021890	1.0
7205515955190532890	13093085369518260224	1.0
