9582715800744288123	17420986388844642304	1.0
9380696533657027582	17633744036302946304	1.0
91524542948806395	17132439211610210304	1.0
8828967151666071304	17347288194609118903	1.0
8668875986767810884	15046232510562304	1.0
8524757783463248931	17132439211610210304	1.0
8334411988025704691	12518835808112738304	1.0
7573313474958923766	16122577509945442304	1.0
7504344426231279608	16122577509945442304	1.0
7196072365732881344	17132439211610210304	1.0
4682224541073499085	17347274012627042304	1.0
4663955854782021821	16416650699477090304	1.0
4440494011456653641	14185447938330722304	1.0
4314571851808661794	17132439211610210304	1.0
3586834574942744304	15119699631262400512	1.0
3490375208422754304	14903470833309118388	1.0
3472722330073213304	15548338728907833344	1.0
3471207993397486304	17058124453344504266	1.0
3098674479179450338	14756576046354530304	1.0
2966752709526570304	15542977656239741887	1.0
2787503196081149114	12518835808112738304	1.0
274326576818553304	13239366642745526473	1.0
2147559867019436304	16623811738260733952	1.0
2006631733804372304	13099741855862489088	1.0
1932082781861193304	193273528320	1.0
18086960065080283027	14185447938330722304	1.0
18056540332181122719	14185447938330722304	1.0
18049203608773427813	14185447938330722304	1.0
18046243104926248409	14185447938330722304	1.0
18042743149045993820	14185447938330722304	1.0
18040998352976904700	14185447938330722304	1.0
17823121165750848779	17633744036302946304	1.0
17611627033347596929	13165653051052130304	1.0
14403138859004720304	11651892848584216789	1.0
12797239318423359452	733346176629462304	1.0
11715476235448231267	13165653051052130304	1.0
11546649464549777302	17420986388844642304	1.0
10250939418385007304	18067270496885192125	1.0
10093964442438195304	11798771059036045258	1.0
9378276778781031492	17633744036302946304	1.0
9214590699504207726	17633744036302946304	1.0
9086706017307026021	11797927694962786304	1.0
878287648058490304	12160809463377011152	1.0
8615217971150548304	12730220633712677884	1.0
8610676048801660707	12595368367231074304	1.0
853396332430971304	12160809463377011152	1.0
8519969217022983304	13531345236856406016	1.0
8097543531963390304	13462593895758036992	1.0
7919977072978593843	15182133217202274304	1.0
7906343128776449053	15182133217202274304	1.0
