9795318562382691540	854158973498161333	1.0
7368980331907986540	12160809463377011152	1.0
698683815079776540	798719621074115149	1.0
6775601969607214540	16055527112241294265	1.0
5819795179906806540	16411076102509821952	1.0
5334540725302111540	18142457347522623673	1.0
3489349351190155333	840493666729087540	1.0
3488386050116657875	840493666729087540	1.0
3482231499346315101	840493666729087540	1.0
3474680105010492816	840493666729087540	1.0
3472239644515338354	840493666729087540	1.0
3471301877007728446	840493666729087540	1.0
3467928317621557540	14750358316689391616	1.0
14964441457437278217	15761088752799236540	1.0
1404658820718712540	11872833002641817600	1.0
13715800971923617540	12879718463769199564	1.0
13051486960126764540	18067270496901965782	1.0
11835627971248372540	13165629978384458425	1.0
11277454481823183540	13093085373204837821	1.0
9355829337378185540	14320219523838377984	1.0
9234769886440871174	7926283089361953540	1.0
8403051579364865540	13241667907697508352	1.0
7518658147122380540	16409932541697507265	1.0
7234989275149562540	16628385762466856960	1.0
6842268720955056706	840493666729087540	1.0
6667630305590577540	13455311761527864249	1.0
4574804461352060540	12875971315256786944	1.0
3485968224087478735	840493666729087540	1.0
3477043642772317287	840493666729087540	1.0
3475633463116693540	14830532479793758208	1.0
3473016728655811982	840493666729087540	1.0
17715692285814547540	11876267958571430858	1.0
17368852294810669540	14608826967782570682	1.0
14961132859456912218	15761088752799236540	1.0
9723392880950846540	16055527113095699388	1.0
914073341915019540	14178947608407441408	1.0
8961349661936892540	15111796405934214342	1.0
8880535243110367540	15624327201576480865	1.0
810476334678540	782294051282525803	1.0
7622444368294549540	18208265275864776704	1.0
6323945416256622540	14101576199226523648	1.0
5851519778640629540	17203658977787836621	1.0
4426036122951037540	11939801094793723904	1.0
4338285224757012540	13814732203131710903	1.0
3945260172210524540	193273528320	1.0
3481606409864892698	840493666729087540	1.0
3479060859977019740	840493666729087540	1.0
18003691811437504540	13244486965316812800	1.0
17731756502852212540	17203745855458700982	1.0
16774392037064086540	193273528320	1.0
