8827621607201216823	16767703832850333696	1.0
8467615837088826068	15983504620669423823	1.0
8203128711213221774	17641361396384389823	1.0
7931684961191843823	12951784921793999063	1.0
7912944931610920823	2368467108606625085	1.0
7694092781858424519	17131876277372304823	1.0
7307942838249386823	193273528320	1.0
7273968215706736823	13099741855862489088	1.0
7238867758031133823	12373263659755896832	1.0
6193766334975048823	13678744562996739528	1.0
5412484588186419823	12595367207589967814	1.0
4407923408462601989	17641361396384389823	1.0
3624903046019823	15477443374495039488	1.0
2389322979732560606	17131876277372304823	1.0
17334842146461865332	11869754459066660823	1.0
17251236323957278823	12160809463377011152	1.0
16611026154886094823	755647549664868318	1.0
13845062453480292518	17641361396384389823	1.0
12767298806961801823	14970196973649439673	1.0
10752712459263792831	17641361396384389823	1.0
8913498353092286823	11947437095637994685	1.0
8575259005470297238	15983504620669423823	1.0
6709379749487438823	12452648352036683776	1.0
6309586520198343823	193273528320	1.0
6241824838425833823	15617336501971964088	1.0
5579024681186114823	16055527113095699388	1.0
5510186234095589823	16268894878077812736	1.0
4813897646235276823	15692747515441046469	1.0
4402793606917593909	17641361396384389823	1.0
3364327857677476823	2207956703754352034	1.0
2370610416977912762	17131876277372304823	1.0
16582637854245274823	12158540042557502910	1.0
11391913427943694823	14968489350487142589	1.0
10454250061721681608	17641361396384389823	1.0
9521615165052840823	17560877227305725132	1.0
8899186571972683823	12587792744241222350	1.0
865274304964268823	2157043224878439760	1.0
8579351697643665823	17641121823749832704	1.0
844347883613586823	12092624392007318986	1.0
8399479785924841823	17632677479959232512	1.0
7684642363396539823	15040028000147729613	1.0
6928706292984252823	15111796405145757897	1.0
5189424156055164823	16698714970645578690	1.0
3915239046846777823	13099741855862489088	1.0
3069082837541185823	12308865237947300305	1.0
3051413637089341823	17418225382003310592	1.0
2979248334004864823	7594873781428944896	1.0
17808935969679465823	16127353766981723315	1.0
16611026154886094823	15182107988564377600	1.0
15212448727713901823	11939878063658098885	1.0
