9639947121240891946	14110857116574800304	1.0
8524656718453195425	16701830922999221946	1.0
756712010170390946	12308869605928992768	1.0
7521208159369866946	11725101563771942854	1.0
5965899065770774946	17779304015772492240	1.0
5889268593591949946	14325640171997888512	1.0
5250271765730260946	11943529431349378243	1.0
4064965167624517946	13319064648595593148	1.0
3876267464282031946	17347288198480833460	1.0
2844786326043907577	13746311845064992946	1.0
1956338912476157946	14755387491464773632	1.0
17606924710796269946	14181535969220143830	1.0
16477152260809413772	18290187627356725946	1.0
13723539200949618946	720914582765262128	1.0
12282469818481802946	14104146827347492864	1.0
10652601585916320946	12742845831799898112	1.0
9864944598345934946	14682812018503035583	1.0
9713574473394881946	11873453225899569098	1.0
9551061414390261946	12593683880435753905	1.0
7331786554274092838	18290187627356725946	1.0
7209979560182258946	13093085373053841110	1.0
684382596430918946	13099741855862489088	1.0
6810096662163264736	18290187627356725946	1.0
5639099241728320946	14250471930715963392	1.0
4558980715770172946	6713641982744935305	1.0
4514522310607867946	17058187052492783616	1.0
3944575794943646946	16848777349221580800	1.0
3940250380666424946	16842314441348349952	1.0
2926536544084470946	16411612715723840458	1.0
2357665365103814946	659296065929313210	1.0
18293135828026675451	18290187627356725946	1.0
13364434427677170946	2165719680730559556	1.0
118770261781777084	768606020388869946	1.0
11644611269855883946	15551735274944856064	1.0
104815440448225482	768606020388869946	1.0
100282617936931125	768606020388869946	1.0
93408651524819482	768606020388869946	1.0
9183900827578082594	768606020388869946	1.0
7781439543783642946	15043344037681561600	1.0
7163420178433673946	193273528320	1.0
7124475780185816489	18290187627356725946	1.0
6313426359343999192	768606020388869946	1.0
6265171499394181946	13173771943695876096	1.0
4581861385866846886	18290187627356725946	1.0
3826269791249512670	768606020388869946	1.0
2864915172184363946	12879718463769199564	1.0
2431548788715409629	18290187627356725946	1.0
17669365229924100946	15621971377647560656	1.0
17622748279908033946	12307962551785750528	1.0
17002104311085086946	12016928373738630613	1.0
