9432315227719634334	14250454410299417040	1.0
8515383720982332334	13093075456733741056	1.0
8371441215177189019	17058220101791494334	1.0
7245714554489036334	12373263659755896832	1.0
7240811086123488334	17492223678488772608	1.0
6955084126205407334	13894122540026036224	1.0
4596968000339120334	15111796404861510096	1.0
3467577882923334	11873379561754304957	1.0
16762594241166128334	16697012936060698624	1.0
15987996026911414334	16992061327981674496	1.0
15933660295825887334	15547467005165627570	1.0
15587927542028214334	12446230558499930112	1.0
12763756120468600334	14535847957363612351	1.0
12595931558703069720	17058220101791494334	1.0
12588312290994399487	17058220101791494334	1.0
11549193823705656857	17493311164208177334	1.0
11536786371433987334	13097019340518064128	1.0
11224295564975341334	12308819079933773772	1.0
10483689480678092334	13814746566528860160	1.0
10051906536497122334	14254071829794896829	1.0
9691214134593485334	13525116493632684751	1.0
8185976188097797334	16415537890630616766	1.0
8182981030305694334	12595367210673633985	1.0
7377014347348775334	12160809463377011152	1.0
5825851941628306334	12160809463377011152	1.0
3506695117672819334	15542134260671163326	1.0
3171217301945332334	2280099478982089692	1.0
2302173117860848583	17493311164208177334	1.0
16762161075525025334	11947437095117697239	1.0
1470253699771312134	17058220101791494334	1.0
13260602862890510334	11652212720535251670	1.0
13141894487589091334	17280014627203186688	1.0
12588779338514450434	17058220101791494334	1.0
11454832834565607334	16696502650996260864	1.0
10583981086918799334	813358282587290120	1.0
917885550345918396	12018643667712517334	1.0
8519821298352236334	13093022740305149952	1.0
8332343298229208680	11731491997122491334	1.0
6546246759971123334	13817597540050184383	1.0
4714167006039009334	13093013845427879936	1.0
2518297300235470334	15542134261559652076	1.0
21085242259714334	16698962383061688755	1.0
188386054354620737	12018643667712517334	1.0
18201391771392581334	14605643920546256599	1.0
17955833588110446334	13099741855862489088	1.0
17668770626506248334	12237111091938770871	1.0
1662815942324339334	15984034496475343035	1.0
16144847746885008539	14605983613804667334	1.0
12606131247091336324	17058220101791494334	1.0
10278998679407336334	14538980564607761365	1.0
