8232635025007035039	16557448539467600842	1.0
757037952529062644	17929358731805958842	1.0
755620140790487008	17929358731805958842	1.0
7545411828869527842	17487732147719503872	1.0
735064276845376635	17929358731805958842	1.0
7116010630955011722	17929358731805958842	1.0
6674590153890033862	15264905753916401842	1.0
6543098386459276842	12016928373738620882	1.0
6152903046456781128	13600835383864720842	1.0
5250832595014330842	18208313577066987520	1.0
5174948174737087069	17929358731805958842	1.0
3413712800401319842	2207956703754352034	1.0
2553964831236947842	702661152301718811	1.0
18265770778289692589	14614113514449584842	1.0
17828894353360453842	12742890941841408000	1.0
16997518832786516141	13600835383864720842	1.0
14951128535240085772	852194565990577842	1.0
1356435989610229352	17929358731805958842	1.0
12879633688596577842	13099741855862489088	1.0
12832582610500742842	13814777297019863040	1.0
11636236508716924168	17929358731805958842	1.0
11268709679448149842	877793465462671232	1.0
1114531350139628264	17929358731805958842	1.0
10116449769766894842	12958469876007106745	1.0
9661307749073062133	13600835383864720842	1.0
9645416430151776930	13600835383864720842	1.0
9378740413957263714	16557448539467600842	1.0
8756640108366389776	17929358731805958842	1.0
8564692401444492842	15192243333621067440	1.0
7394478270618959842	14535827191335223296	1.0
6823384128622062842	17058206852292082864	1.0
6319291725079067842	17850574354989104585	1.0
5955699360127193295	17929358731805958842	1.0
5846460547975071679	17929358731805958842	1.0
5496089201375165842	193273528320	1.0
5157066535369187184	17929358731805958842	1.0
4327527150244889836	17929358731805958842	1.0
3702775402813318544	17929358731805958842	1.0
17233345178881960096	14614113514449584842	1.0
17134485012965949383	17929358731805958842	1.0
16126480979401741662	17929358731805958842	1.0
15617671893251290933	17929358731805958842	1.0
14863343398908106842	16633179610930793402	1.0
1249463962160031993	17929358731805958842	1.0
12015870698666756577	17929358731805958842	1.0
11594326314569142842	13817597540050184383	1.0
11292434138437645842	18354353013570666496	1.0
10934571492426095878	17929358731805958842	1.0
9481458556791622842	193273528320	1.0
869850472479440842	2157043224878439760	1.0
