9238444974817333904	15048413937336892882	1.0
9011214146898976882	8028914762521821385	1.0
8383428525384870091	11949979157578770882	1.0
8311529896566064359	11949979157578770882	1.0
8300516835902570781	11949979157578770882	1.0
7908846484833135882	15119666633028665344	1.0
7389484363792647444	12016928373738620882	1.0
6973838358733813294	11949979157578770882	1.0
6966628281172329893	11949979157578770882	1.0
6964679890702759488	11949979157578770882	1.0
6963694139956719972	12515991350056904882	1.0
6953196831839117490	12515991350056904882	1.0
6685895049109895397	12515991350056904882	1.0
6680908037989373089	12515991350056904882	1.0
6648244751414587542	12515991350056904882	1.0
569968052095567882	12016928373738632368	1.0
554034251530928967	12016928373738620882	1.0
371019763238742882	15626826365729243136	1.0
3054407626994405046	11949979157578770882	1.0
2882147288864000882	659296065929313210	1.0
2510544748684539882	17134408454115426304	1.0
16283195098404545350	15048413937336892882	1.0
15484684873566767661	11949979157578770882	1.0
15327397955044319882	17993808818517049344	1.0
15165749198460707169	12814528028516328882	1.0
13084466177732088890	15048413937336892882	1.0
1061464631995358882	13099741855862489088	1.0
10458605498550626864	854083519149881882	1.0
1009376454243633485	16127349397754663882	1.0
10005171463329276882	16559960903307493376	1.0
865224427537448882	12160809463377011152	1.0
8423408430102032006	854083519149881882	1.0
8382700416722626196	11949979157578770882	1.0
8346637015072583882	770505461121370357	1.0
8315043119787342327	11949979157578770882	1.0
8253435653536826691	11949979157578770882	1.0
825339617746283932	854083519149881882	1.0
7424496236679122882	17203745855458700982	1.0
7390350087845677882	12160809463377011152	1.0
7070485899091460146	11949979157578770882	1.0
7060097481243953183	11949979157578770882	1.0
6975564682194904850	11949979157578770882	1.0
6969112979886961771	11949979157578770882	1.0
6701067403781967882	15264884747231297536	1.0
6689881607759529474	12515991350056904882	1.0
6664164344299986181	12515991350056904882	1.0
6663374138860369538	12515991350056904882	1.0
5414584695161814874	12515991350056904882	1.0
5268551090699656166	12515991350056904882	1.0
4678851409139039621	15048413937336892882	1.0
