9261655656031410676	17065450417715979978	1.0
8521098235089601676	13093045838639267840	1.0
7358213780463710676	14325640171997888512	1.0
6636877140418352651	17203745856365065676	1.0
606236756243676676	722228507390852074	1.0
4582658694848627676	14903491758959688372	1.0
3884118912938149676	13099741855862489088	1.0
3464946888211605554	11869711514090974676	1.0
2909464074955552391	824854195622562676	1.0
2568275124809986676	16848720264811309514	1.0
1731656271559655676	15975020700150792192	1.0
14187426511730774676	747529811976250171	1.0
13489599371102904676	17993808818517049344	1.0
11812864722558274676	18211637506744972486	1.0
10634783918347883273	16122524607505225676	1.0
9645602260616899676	12876063802122040013	1.0
9644483206023076676	12515980264746254336	1.0
9426249221934497676	14250454410299417040	1.0
871161867762923676	12160809463377011152	1.0
7471930691108285676	14752004255531401216	1.0
6670246228328006676	12515991350056904882	1.0
6140620189544899676	16697012936060698624	1.0
5971865347757093676	14110839558848686271	1.0
5823693773794002676	16480048676027936212	1.0
5443217261813133161	13245032438742186676	1.0
5347443802137871676	14901815012149418692	1.0
4369332504237787792	748021246138996676	1.0
1661377428433146676	13099741855862489088	1.0
1573167919268347676	12595367207589967814	1.0
15106267363158468676	16631166397308731392	1.0
13921856279277050676	11876267958571429818	1.0
11510669474569001005	13245032438742186676	1.0
10079576875961701081	13245032438742186676	1.0
8619498941152495676	16118645763738697728	1.0
7314119600867379676	13174431667852457406	1.0
7256201503171497676	12373263659755896832	1.0
7217480660433280036	13601076182685642676	1.0
4696488525398172797	13601076182685642676	1.0
3364897008633761031	12013880557449108676	1.0
18446345103465896676	15477443374495039488	1.0
18273086443186581676	12163283348604583936	1.0
17972771872295007676	193273528320	1.0
16772323174096549676	14038481789618551483	1.0
13532520234670400676	13958593396458127360	1.0
10118262590894645676	11725070833280876544	1.0
9366891284845669676	17711454266863975604	1.0
8898078445196643676	14607414104202149888	1.0
8231965855486820601	17632648862068756676	1.0
7968341429623712159	13245032438742186676	1.0
7683661092557153676	17203745852091269120	1.0
