8902551288243962633	13814746566528860160	1.0
8351150816200344633	14099314890366896619	1.0
8051601646065753633	13675118365146873856	1.0
7706371737024859633	13389670981774082048	1.0
7380906335044273633	12160809463377011152	1.0
7240077203744277633	12373263659755896832	1.0
6568284893039961633	13891850798679195648	1.0
6523351715939311633	15185288861438432983	1.0
6059738692307137633	15474637502425333760	1.0
5552681199829696157	13814783833822130633	1.0
5205755185620165633	659296065929313210	1.0
48610660797377632	13814783833822130633	1.0
4310204097929111633	770512212409611402	1.0
3936845841613444633	14101576199226523648	1.0
3397930066886998255	13814783833822130633	1.0
3123434609108681633	12595364957027041280	1.0
2396384696538570989	12379517654662247633	1.0
18268760908761444633	12742849168989487104	1.0
17658803596148714633	15544424609246871552	1.0
17291531076781678633	16118645766569311671	1.0
16987222080373689633	17058124453344504266	1.0
16861946587607935633	13820414420137070708	1.0
16817503936043483633	13103219615436158157	1.0
1501265755262658633	193273528320	1.0
12696195149001749633	15551735274944856064	1.0
12420983035500131633	16989806272293370804	1.0
9876136249685394633	16131034992041060530	1.0
9605791221217812633	16265802097897766912	1.0
8625303362259672633	14321936999655724495	1.0
7327594877793092288	13814783833822130633	1.0
7094010405158410633	18298967181200780756	1.0
6629857209610031633	18137299514053099520	1.0
5866047105128633	11651911464167407616	1.0
4101565383377401633	12955379225270144189	1.0
3831261234514500931	13814783833822130633	1.0
1890730453185017481	13814783833822130633	1.0
17738053805469515633	193273528320	1.0
16350062542609556633	193273528320	1.0
15601222813308816633	15111796404861510096	1.0
1090519201978408633	17203683302967934649	1.0
9380076563994881460	16774195293666195633	1.0
9130374499968860633	18137395158679814144	1.0
8840815257049149690	18071248556332723633	1.0
7350278317237005633	14678061050591444992	1.0
7210932715961070633	12011615653812240384	1.0
6756618823926463633	16700397241440927744	1.0
6206391331856522633	14903470832988765623	1.0
5426738423465789633	13675148166562562231	1.0
5208408503105153633	193273528320	1.0
4583626371474044633	11795386813785354928	1.0
