9515181138586019017	193273528320	1.0
9296252785685241017	16408274542587324106	1.0
861863864787256017	15111796404861510096	1.0
8602235690723191017	13096364077554006994	1.0
7119367845361798017	15769059099704033280	1.0
5214328528180514017	14903470833710510270	1.0
495690668238110017	16845678912569658569	1.0
4331865655762060315	808645273303690017	1.0
4328978479931648305	808645273303690017	1.0
3471887903775327017	12011573842305656497	1.0
2105913439389475017	193273528320	1.0
17608177152312384805	17137868654449390017	1.0
17408119594825290914	13098425752132643017	1.0
15023650753406638186	17137868654449390017	1.0
10528824966194645017	16118571946135781376	1.0
10045208491562610017	13894122540026036224	1.0
9673319969912663886	16342664470384995017	1.0
9627308869961430549	16342664470384995017	1.0
9626333186513847370	16342664470384995017	1.0
9041191421466236017	17723264095488049152	1.0
7831852913240372017	193273528320	1.0
7544938725174724017	14325640171997888512	1.0
6986882865720063017	13740941856212498125	1.0
6325166342350760017	14321093553978081280	1.0
522812418643712017	17569096085484392114	1.0
4756271138123129986	16342664470384995017	1.0
4088169286741881017	193273528320	1.0
3482500832378570416	13462567489338403017	1.0
1729447752826010412	12092714431701710017	1.0
16045391778935486028	808645273303690017	1.0
15692027595719331017	16558853789587658966	1.0
12842994684949882017	193273528320	1.0
12281162545079265017	13886256599481188352	1.0
12046438866219247017	11873453224771380151	1.0
10841980514914198017	2167033206826664533	1.0
10649034077216525617	13462567489338403017	1.0
9962153526752800017	193273528320	1.0
9673975901584050158	16342664470384995017	1.0
9634945583823046960	16342664470384995017	1.0
9524767834501231867	14967082997805758017	1.0
9054337760719877017	15474012842381803520	1.0
8772448671816529017	16845917480823029760	1.0
8445990403295752017	193273528320	1.0
7249580725031722017	13099741855862489088	1.0
7037221113752142017	2330392017591994840	1.0
6329766243779636017	13099741855862489088	1.0
6213524370926187017	14463844354302792660	1.0
5539070025570305017	13099741859112469716	1.0
5068465799214301017	15908059505716414133	1.0
4629990299938864614	16342664470384995017	1.0
