9377969186247661076	14398542108988976854	1.0
8562378226023186854	18141578816878469810	1.0
8544981361084071854	13099741855862489088	1.0
8349046011170544813	786108221747204854	1.0
7763952528100146854	16623000427105266612	1.0
7444339046069143273	13965040958240304854	1.0
7440173421725798680	13965040958240304854	1.0
6816656710211987854	13669166803195047120	1.0
670024339848741854	17560850873557497805	1.0
6613839513668357	11725101563771942854	1.0
2124217880861619854	16633179610930793402	1.0
1980921922168435416	16118853395342736854	1.0
18258186524138219962	3212539925678966854	1.0
18217677505207690854	13244482574999673783	1.0
17381562172510078854	17281405568297328837	1.0
16199734482556134854	18137395162350281427	1.0
15151808796502115825	11725101563771942854	1.0
1256625862625828854	14250454410299417040	1.0
9396473644953742190	14398542108988976854	1.0
9377955021584809203	14398542108988976854	1.0
8934792563835673033	683904729490677854	1.0
8741384461082637731	11725101563771942854	1.0
8259456310205307304	11725101563771942854	1.0
7872433803809606854	13093007342847453877	1.0
7572683170600811613	16118853395342736854	1.0
7567999554176484418	11725101563771942854	1.0
7516390576167551654	11725101563771942854	1.0
6690469670520218854	2207956703754352034	1.0
5646246595652416854	14250471930715963392	1.0
5147991432803879709	786108221747204854	1.0
4817408911535184647	16118853395342736854	1.0
4571089662471962854	13530442447615688704	1.0
4528835642310548854	14465502320248487936	1.0
4436969564078455854	15905492030101389312	1.0
4026877689355111842	11725101563771942854	1.0
3865551545857752854	664616877336746471	1.0
17865861792050002854	13820414420121083587	1.0
14731529963382697854	14608545523141967872	1.0
1421990388449692854	808206099941518844	1.0
12237070650188949854	13169273781497147083	1.0
945618042373436448	11725101563771942854	1.0
905654767273861411	3212539925678966854	1.0
862095814379477854	12160809463377011152	1.0
7536236851302959494	11725101563771942854	1.0
7528841939748829070	11725101563771942854	1.0
7448578487978276294	13965040958240304854	1.0
7027833166165216854	193273528320	1.0
5786003227634717854	14178947608407441408	1.0
5768505929730997854	14684231561386195643	1.0
5749632601163937854	16629167463694598144	1.0
