8885850600552159001	13961910673836266172	1.0
8665023799598213172	15543596543847219401	1.0
858797305292128172	12160809463377011152	1.0
8580325413705744172	11725070833280876544	1.0
8015569081221409172	14607414104202149888	1.0
7537023568348945842	15406223621202431172	1.0
7243622382720442172	193273528320	1.0
7039242860248695172	12594290781411344384	1.0
6673490818743191172	12810147986508087296	1.0
6283677498804014172	12662960741469438396	1.0
5154676624812483172	14535864475946319872	1.0
3161268788071212172	15264916633068503040	1.0
1688575864301855172	657322116430024054	1.0
16766657469155368172	16697012936060743626	1.0
16645709067858524172	653043322541660228	1.0
16407442687786684172	689490472075357706	1.0
15117658510292700696	15406223621202431172	1.0
14284991885108862172	15832348157229924352	1.0
12474382351380521543	12876063801535946172	1.0
12075295458937196172	13168727367167820469	1.0
11595863489674383172	17495879480676302290	1.0
11126531451865610172	193273528320	1.0
10532939136583526172	17422665343100256256	1.0
9109626980481739172	15047849870691978177	1.0
8896527258027009722	13961910673836266172	1.0
8885744931513929735	13961910673836266172	1.0
8881532083895280081	13961910673836266172	1.0
8877049465182413914	13961910673836266172	1.0
7955949658092392668	11868592250194089172	1.0
7153825576796182172	15264916633068503040	1.0
6308391570091033172	13678180522210099200	1.0
5778087850855339172	798719621074115149	1.0
1828068572746071860	16339028391191701172	1.0
14050837071601209172	751667699856565285	1.0
11656973885006332172	13679111937407844352	1.0
10163385989942140096	15406223621202431172	1.0
5997048076449394172	16119436149390311424	1.0
5109187058251831622	15406223621202431172	1.0
4254958780384297054	15406223621202431172	1.0
3516195921535260172	12304297879530436813	1.0
3052476762871872172	17926203151354953728	1.0
2603413172171057172	16415557789214048256	1.0
17812856393050589699	15406223621202431172	1.0
12872544746349867172	12590075243877750197	1.0
11522848580380823172	15047849870691978177	1.0
11350724832509277172	17346678090173238461	1.0
10641836770089830172	12742845831799898112	1.0
10460260825288094172	13814695911684571136	1.0
8598956019400067172	18071248556332679168	1.0
795599656875092522	16339028391191701172	1.0
