8393363575041070955	16629167463694598144	1.0
7651738592739569760	13023751330206901955	1.0
6840264552718676955	15040028000147729613	1.0
534393928641942955	193273528320	1.0
515947456629006955	12740100338380439552	1.0
4316368144165818955	12016118145338048512	1.0
3004392510005252955	16631185122155024083	1.0
1957743482535149178	13023751330206901955	1.0
17704705560188930955	13101802301760123083	1.0
16937449437772497048	15481044287066581955	1.0
15437055183036606808	13023751330206901955	1.0
14022064740239255955	12742845831799898112	1.0
13400612588432358567	17420956659096270955	1.0
11297425512479636955	16055527112609801657	1.0
1028694430512841829	807645103597058955	1.0
9920911566877803955	15326802678823697876	1.0
867446437507801955	15111796404861510096	1.0
857479466835207955	11869754459168365525	1.0
7902168322563216955	17560850873557497805	1.0
7652557664318541114	13023751330206901955	1.0
7036124618301027955	13886848123852029952	1.0
3709197074680890955	12660969671940374528	1.0
2978013280882115854	18067270496282463955	1.0
2252596372811575955	17791407422941822650	1.0
18230598555106604394	18067270496282463955	1.0
17676270625483900402	15481044287066581955	1.0
17122401468969288955	14109426574809945047	1.0
16493212588590533955	13103219615436111872	1.0
15591904452077656955	12092636474721950654	1.0
1481785336140252955	193273528320	1.0
13399930672233203642	17420956659096270955	1.0
11681687209102798955	12814904482399827910	1.0
9659517795864637955	13890161068350636032	1.0
873629713044427955	12160809463377011152	1.0
8430261927558245955	701515705357260476	1.0
8273638012544845955	18137377497774292992	1.0
8273638012544845955	17203745852091269120	1.0
7582580972780215895	13023751330206901955	1.0
7238720618074716955	15615591534441791488	1.0
6816534608938928955	11651896049529782272	1.0
6611878102720693955	822499798023098092	1.0
6373199869962244955	14607414104202149888	1.0
6024143559600086955	15185196435035369942	1.0
5849137875650206955	12373263663106346185	1.0
493622239305898955	193273528320	1.0
3470870829794426955	17058124453344504266	1.0
1939951430133263303	13023751330206901955	1.0
1937626413997790126	13023751330206901955	1.0
11634991964751968376	18067270496282463955	1.0
10397309447943856955	16127353766981723315	1.0
