9818374523529503377	14110853762377627059	1.0
9435203296838571059	14250454410299417040	1.0
9037274153103366059	14756580421463227846	1.0
7436769444593293059	13894122540026036224	1.0
7210873342332940059	12011615653812240384	1.0
7046331001967512059	734101726058517360	1.0
6177674274910596059	13813341398079161039	1.0
6146173734173699555	11869754460107237059	1.0
4773384293629099490	11869754460107237059	1.0
3488360654048593059	11725036787075121152	1.0
3003299002859050950	16480269446071439059	1.0
2997344092876725915	17281335225103151059	1.0
2351780319755380059	16624467201809711104	1.0
17608230308201727059	16767114430193382835	1.0
14219793260944149133	11869754460107237059	1.0
12894465953869230059	18216160815878752692	1.0
12893894028171251059	15326834470745538560	1.0
1096339532888889059	12808494359674670284	1.0
10738505019125816057	757025401539731059	1.0
10266701742445380059	14605925377097782218	1.0
9657934130308657059	14903528056034426880	1.0
9657252419726650059	7054359621202260680	1.0
8322469293560959244	11725042245978607059	1.0
7972056350726091270	15264906714642032059	1.0
7368345181641711059	12875972426861230021	1.0
7164658889957950973	11725042245978607059	1.0
7158175507899965493	11725042245978607059	1.0
6995899092322285059	11873360793993016503	1.0
5800041224344438059	798719621074115149	1.0
4593852697225755059	15326834470745538560	1.0
3338807398236915059	17853384647635030999	1.0
2967364814492307059	808946247426886847	1.0
265178039313408887	745776078007423059	1.0
1544556463198569059	17279954127468872642	1.0
14958067030137187059	14607415306792992768	1.0
13581200854117694489	14110853762377627059	1.0
12265267883075077059	14321087004152954880	1.0
11483359135437375059	15117397335518216192	1.0
8915801056278857928	17281335225103151059	1.0
7974401261197837539	15264906714642032059	1.0
7543460274066865059	17711787332987781120	1.0
7528046220551293059	17711787332987781120	1.0
6304219155422558059	16768010596594533582	1.0
4765428466618902059	13099741855862489088	1.0
3477593115007152059	14822164221348806656	1.0
2352837817135858059	12160809463377011152	1.0
2106644288923081059	14605925377097782218	1.0
17809487251436559059	193273528320	1.0
17384991644352018059	15474625412092395520	1.0
12403517503100404059	13242537564232481968	1.0
