9933204805816179375	16335330755062267904	1.0
9797032430089602375	16696457605379260416	1.0
9160956055150173375	13959707149859158226	1.0
9008445116899724216	13892189499629095375	1.0
7404354532067770375	11651578380863668224	1.0
603349641361590375	17633744039235531208	1.0
4300580703934541375	12879718463769199564	1.0
3644631196495741713	14903463081531080375	1.0
3619494260269909973	14903463081531080375	1.0
3354571272443767375	17853384647635030999	1.0
15256710517484913375	14042198061610958848	1.0
12078398936485338375	13099741855862489088	1.0
10620763224615627375	17855343054328747976	1.0
8827384280184199016	13165629978197938375	1.0
8798905498863165375	666716480557041555	1.0
8710225883516375	486774730504513072	1.0
867410011832975375	15111796404861510096	1.0
6960730658705777718	13165629978197938375	1.0
6859983547750760375	17277202050689531904	1.0
6006291001512703375	2289901729596111462	1.0
395768589924473375	12158540042557502910	1.0
3644595896004593197	14903463081531080375	1.0
3637935286602391147	14903463081531080375	1.0
3193101056774270375	193273528320	1.0
17713148325131366375	193273528320	1.0
14684937748976125268	14903463081531080375	1.0
11074496913936108375	746018503465396158	1.0
10102349869865720375	13818924693534603735	1.0
9582851540526310375	16055527113095699388	1.0
856790189865031375	12160809463377011152	1.0
8415694271455541375	13316854724712988672	1.0
775146684612482375	18137395162350281427	1.0
7597074989388523375	7431901424634149830	1.0
7377646493204417375	15983499161850137544	1.0
6114828420108964375	17920358130361827328	1.0
4729623752243009375	2110592599261148609	1.0
3478188766962680375	18071204524037810612	1.0
3345714989202110963	16127349398139293375	1.0
1930066851155275605	15115398419083996375	1.0
17819710639453754375	4173076784672406704	1.0
17353550241598058375	13679059139374874624	1.0
1501293222960486375	16912611712975302576	1.0
14576574887908366375	13101246997086601216	1.0
13041061387238381480	13165629978197938375	1.0
12587209274668376375	721074080430409876	1.0
1200522815842126375	11661198098289440450	1.0
10843811501364264278	13099508810937064375	1.0
995886544629350375	11870261223469676486	1.0
9546299222818300375	16845666928365904336	1.0
9529470136516653375	13093013845427879936	1.0
