9961058056521531470	6135324580514217137	1.0
9060081531411535470	17926218557402688720	1.0
7274756385102082054	18065300193993483470	1.0
7249890350604987470	12092655187325004210	1.0
717744424297576470	643427225721856183	1.0
4011906138792174470	13103137070459650048	1.0
3467813581740586470	17058124453344504266	1.0
16797065168334355470	16411108031296700416	1.0
16634877266694204470	15761992562980543436	1.0
13498443539303846470	17785493082070889940	1.0
12910797883267820470	13524795428909929431	1.0
8302340466001107470	8028914762521821385	1.0
6318904958576914470	12376439062221815808	1.0
4844308434433954470	16767656626864783360	1.0
4591440733745587470	2299409059178901615	1.0
4583334395283811470	15111796404861510096	1.0
17991177151596102470	15761992562980543436	1.0
16211579176708483470	2309450977542802347	1.0
16080642610262712470	16337044880805068800	1.0
15489682224356064470	664959242216491279	1.0
12863076924647562470	17706652721060249600	1.0
11469053067782819470	13814783833435661767	1.0
10798200036515951667	13165690503167009470	1.0
9438316594113780470	11651896049529782272	1.0
8651605459745161470	13604768321256816640	1.0
8534779118994538470	380792456795718266	1.0
7625369971587367470	17779304015772492240	1.0
7199800350222519470	14317767574253731840	1.0
5066197214901691470	13099741855862489088	1.0
17407059126528809316	15185227247217857470	1.0
16968950265433714470	12742885378764626894	1.0
16183222046402516470	12598456921163359671	1.0
14713756087277750470	18354049516766821065	1.0
13259032832522786470	12879718463769199564	1.0
10678472536792107470	17424090235859880389	1.0
9776022516585963470	5836753475233819614	1.0
874575993103892470	15111796404861510096	1.0
870702117233508470	15111796404861510096	1.0
858581719479035470	13099741855862489088	1.0
7608735160412023470	14607414104202149888	1.0
6006567684885667470	12875972426189490128	1.0
4571718724851565470	2299409059178901615	1.0
390483666416399470	12594290781411344384	1.0
219577651595459470	12160809463377011152	1.0
2135278811581746470	15764473066769350656	1.0
17640347093561675470	193273528320	1.0
17635085180248120598	13165690503167009470	1.0
13096043279346695470	15548079274174893493	1.0
8881174759604226470	18067270496398254514	1.0
7403633644576652470	13894122540026036224	1.0
