9817241106472444145	14895038622885541555	1.0
9817003521635980807	14895038622885541555	1.0
9806854213247183056	14895038622885541555	1.0
9799396161392250902	14895038622885541555	1.0
9797227649704303737	14895038622885541555	1.0
8521241442132104555	17575230196431244223	1.0
7663569909078001555	16628390091793891328	1.0
7525546266107074555	17711787332987781120	1.0
6905078654806608555	13675680254204696009	1.0
6700546298820077555	6210242069427291793	1.0
5592325096442015555	13742359097527821767	1.0
473037896947660555	17926260489168419276	1.0
3947012829438983555	193273528320	1.0
3489100153756737555	14538733156757792724	1.0
247887190933346555	17209849335626334208	1.0
2381083072861284555	16416738518673391616	1.0
1999910054118703555	17279366967609786368	1.0
182182007220863962	666716480557041555	1.0
17192768961666784555	15616695491360774845	1.0
16838697736805649159	666716480557041555	1.0
15152657424588775555	13093069959175602176	1.0
9821428016733651604	14895038622885541555	1.0
9807962482404598199	14895038622885541555	1.0
9453850134464511555	12958818554337077179	1.0
9297187417784292555	792290643319770368	1.0
9293488962550039849	13022403311617370555	1.0
8229463539262448555	13101499930826635963	1.0
7566480297925285555	17201203781207915444	1.0
7390585138529195555	13099741855862489088	1.0
6953554069967303555	12515991350056904882	1.0
6323534543015648555	12730220638007645180	1.0
3475100015416826555	17058124453344504266	1.0
3345683524644552555	16408276715840777927	1.0
3067106910281875555	11876267958571429818	1.0
2657300407887051555	13674866568394236144	1.0
1972406849762431555	13022403307476402620	1.0
17976490465497780424	666716480557041555	1.0
176563013091652662	666716480557041555	1.0
17173080003525514555	17857029567420619961	1.0
14571272639302762170	13022403311617370555	1.0
12758377863704250713	14895038622885541555	1.0
10581556092482193555	13101246997086662065	1.0
9814731758884261092	14895038622885541555	1.0
9809563225272398562	14895038622885541555	1.0
9802757226810515922	14895038622885541555	1.0
9645280357799668555	14903528059117416150	1.0
754251161512241555	13820369434633568256	1.0
7258548716117926555	14968475017739819189	1.0
7108364191072070555	14465259422514080187	1.0
6332171537397109555	13461776838070107060	1.0
