8889930840378965329	17280014627203186688	1.0
8236003305454298640	14321375011686885329	1.0
7372812529299851329	12160809463377011152	1.0
6679819508592627329	15333570082747364812	1.0
6207499329169724329	14320219523838377984	1.0
3537647255811404329	18064693245255284945	1.0
2781639186771201805	14321375011686885329	1.0
2780043911397761068	14321375011686885329	1.0
16884099166483192329	12453256412031674068	1.0
16723282394692790329	14606488375541104640	1.0
16598439969435109329	15326288029452526781	1.0
1548288333413133303	14321375011686885329	1.0
14051667112633778329	2096813020861810060	1.0
12468032924406863329	193273528320	1.0
11931107526640219329	16345744165264424960	1.0
11536736622975447329	193273528320	1.0
10968666050886752329	13675722108091345361	1.0
9002524400628899329	14607414104202149888	1.0
883179839183845329	12160809463377011152	1.0
8710250449640880607	14321375011686885329	1.0
8626982793221017329	12227477218300788736	1.0
8586477430245464329	12088122859738686924	1.0
8362681320842164329	13093085369518323917	1.0
7502615888547345329	17706986906707606982	1.0
7369139284270468329	12160809463377011152	1.0
7240560975959450329	14173588657453137920	1.0
7203584169169592329	17279434046409015296	1.0
7094358545110497329	14250454410299417040	1.0
6390174585515145237	664284829038755329	1.0
6019060560327833961	664284829038755329	1.0
520661075851687329	12519150152474165248	1.0
4422502739870295462	14321375011686885329	1.0
3943627925768557329	16846534345500917760	1.0
16695042914929416329	854083519149881882	1.0
16023406964315502631	664284829038755329	1.0
1572692174780749329	13099741855862489088	1.0
13337171810269797329	15189143711930908672	1.0
11187605500896722329	18067270497187456455	1.0
7548305018086143329	12594290781411344384	1.0
6397912871186164542	664284829038755329	1.0
6388689999985359352	664284829038755329	1.0
1988153933739367329	16916874523851153328	1.0
1931308122430056329	193273528320	1.0
1899076494234204329	851734309660702884	1.0
17540940917953578329	12814956163741253632	1.0
10072635065493994205	14321375011686885329	1.0
8243960303616412185	14321375011686885329	1.0
6390587460760532254	664284829038755329	1.0
6382778574487564210	664284829038755329	1.0
6372199253921926488	664284829038755329	1.0
