859766284393537379	12160809463377011152	1.0
7409855086393613379	13099741855862489088	1.0
7272233044632636516	16987837068732328379	1.0
7133395010238315518	16987837068732328379	1.0
6618783990783224379	12518856642999091200	1.0
6330998731939961064	16987837068732328379	1.0
6307914433568261257	16987837068732328379	1.0
495413458127704732	16987837068732328379	1.0
482395124396784926	16987837068732328379	1.0
4580427286537343476	16987837068732328379	1.0
3842137229704529379	12158499356332261376	1.0
2956809833631893379	12160809463377011152	1.0
2785470057844928379	13675722108091345361	1.0
2372190834352207379	15624312791261836498	1.0
12889327666112439248	16987837068732328379	1.0
11667136258698334920	16987837068732328379	1.0
11416660230607189379	12011615653812240384	1.0
11100748007742933757	15624894429310024379	1.0
10094314159345325272	16987837068732328379	1.0
8645111885697054379	13604768321256816640	1.0
763348595067210379	193273528320	1.0
7213168182521432208	14398554216874390379	1.0
7061643978362317252	12814115037258951379	1.0
6575155131156317379	851734309660702884	1.0
602149285448311298	15402283053132872379	1.0
5527063590430231379	14250454410299417040	1.0
496492572889065584	16987837068732328379	1.0
4044337887430061379	12011564963076491699	1.0
3361558952353539379	17853384647635030999	1.0
3358056140227320379	855107254628873984	1.0
3142827805228759379	18137377497774292992	1.0
2152494101140615379	13030309808127343301	1.0
1881647400956230505	12449867773029448379	1.0
1621838020699470379	12956200495545566414	1.0
12883364924234585310	16987837068732328379	1.0
10099668972822390379	13245331411721781248	1.0
9803764753907376019	708226747190276379	1.0
9656913422717600379	14903528056034426880	1.0
8971796957580849557	12449867773029448379	1.0
8635797917406758379	15264945206306929339	1.0
8019745881570253379	12160809463377011152	1.0
7451667406192754958	16987837068732328379	1.0
7267632198381459920	16987837068732328379	1.0
6684785732027907379	12515991350056904882	1.0
6328301762991207086	16987837068732328379	1.0
5197436472616075379	16122555424264595894	1.0
3937249439733992639	16987837068732328379	1.0
3479586826034068379	16767966577474666496	1.0
2885309612455010379	193273528320	1.0
2152494101140615379	12661562170022291122	1.0
