9819201192132020791	17850574354989104585	1.0
8998819664873294791	193273528320	1.0
8516324000773825453	704385203686568791	1.0
848508071453815547	13531024123102094791	1.0
617396676981484791	14606488375541104640	1.0
5279761424489666791	16844207894860725681	1.0
12073547775779022791	14106618516601874385	1.0
11832334831570926791	15623235286375127235	1.0
11646932635471493687	18143578695553560791	1.0
9633224543439297991	18143578695553560791	1.0
8726402674700037791	15474012842381803520	1.0
7558766464452117791	13099741855862489088	1.0
7049600798709664345	16263240252728920791	1.0
5526410081096341791	14250454410299417040	1.0
3476977117950513791	16055527109040275456	1.0
15592228911146585791	12160809463377011152	1.0
13335519128337548791	17711180431389483205	1.0
12488872020008156791	193273528320	1.0
11529249721794090791	12587792744241222350	1.0
11217067869881110791	18208313577066987520	1.0
11101230543777972791	15264848384574146995	1.0
10910674891995713791	16051884280179189443	1.0
10634813489196323791	16122524607505225676	1.0
8900950030486517917	17858920762086308791	1.0
858849510646027791	12160809463377011152	1.0
7845833800672623653	17858920762086308791	1.0
7042891733328350668	16263240252728920791	1.0
1935623091600390791	2235677165514039531	1.0
18063402091320286791	16846459604480032768	1.0
17532088595044731791	12877184158186602496	1.0
16421410102995603791	16407378486324798405	1.0
14901824969478190768	704385203686568791	1.0
14118985638268832791	11940680665441239040	1.0
13485484257009138791	14099314890366896619	1.0
11799185869361193791	13099741855862489088	1.0
11127988536793882791	17567081720052711424	1.0
9428437000846345791	14181462267564630480	1.0
9065986158816270791	13893545266356682752	1.0
7099151352598294252	12742842503200292791	1.0
6883451075085011373	18066685578782500791	1.0
6696181994292551791	2207956703754352034	1.0
6547870991103299480	16263240252728920791	1.0
5333211677139805330	18143578695553560791	1.0
405907015485828583	18143578695553560791	1.0
3963543113129318413	12742842503200292791	1.0
3486143926863938791	17058124453344504266	1.0
17988996300439852791	16270376053384413184	1.0
17580046806679411791	14542086706737184768	1.0
16061482138219910791	12730220638007645180	1.0
15997038238812852791	12160823779747954688	1.0
