977977451874860413	15542977656239741887	1.0
9440836494332149413	14250454410299417040	1.0
551600473994998413	14108836248734924800	1.0
3260917557209949715	14391755880645310413	1.0
2279157846991169193	14391755880645310413	1.0
2091451098138368413	12595369453857844667	1.0
18062266968828133413	13319064648595593148	1.0
17343479927189795413	15766215861418852352	1.0
17241974184859551413	14101576199226523648	1.0
17032863605753087622	14391755880645310413	1.0
15001514739040417225	15264919957373236413	1.0
14073648359968037413	14481237534232805376	1.0
10417350623611050733	14255506709027411413	1.0
8496906192058933413	15264924226570738119	1.0
8213718712224283180	14391755880645310413	1.0
8206839768028266636	14391755880645310413	1.0
8048530976070527162	14391755880645310413	1.0
670823126689839185	803194989060760413	1.0
6652487946342809623	15264919957373236413	1.0
6069667978634070413	15264858374854342865	1.0
5112908969913125847	14391755880645310413	1.0
4937100642446102406	1284702636208792413	1.0
4694261963150174413	16055527109040275456	1.0
3941236307556641413	17205145586228002816	1.0
3476463916627659413	13744065449089608116	1.0
3051076367412363413	12308871899441528832	1.0
17265781772067791413	15257850089016710848	1.0
15407362634248624413	12160809463377011152	1.0
12875880106365610413	14755170836134550455	1.0
12875216194417746413	17706652721060249600	1.0
12317625595254316403	14391755880645310413	1.0
11745153575472264413	18211637506763895472	1.0
9903493584525177413	15333317135468331008	1.0
8929219251761094413	17063229421407698944	1.0
8427571119887835814	14391755880645310413	1.0
7643653166214871413	14397115974060867584	1.0
7247717864622108413	193273528320	1.0
6586457836954886413	14104146827347492864	1.0
6041281492803678413	14099314890366896619	1.0
5722846532499221413	11726175845515262161	1.0
5149989640926248413	193273528320	1.0
418330606387422260	14391755880645310413	1.0
3927550424264053413	17641437335383030731	1.0
3295389074589785560	14391755880645310413	1.0
3037375038549407413	18071164980570544331	1.0
3010402917452744413	16631185122155024083	1.0
16215169571933108413	829041664834805311	1.0
14770995034394685771	14391755880645310413	1.0
12873624131672014413	13886238881729404119	1.0
12423383737610264413	12163305355727600564	1.0
