997395036948088426	12886760960299167694	1.0
9879689171287642426	16123915576941740032	1.0
9303532149887739426	193273528320	1.0
9053703734051031426	193273528320	1.0
8565709489141112426	193273528320	1.0
7827139511836087426	16055527109040275456	1.0
7142330866021837426	2151154734856804401	1.0
6997637650812238426	11873379558705133521	1.0
6737530756761816426	2207956703754352034	1.0
6543135074147776426	12518835808112738304	1.0
6323954809339217426	11869756666781411764	1.0
5944363496862348369	16126724717481599426	1.0
3475749427319579719	15264883681404564426	1.0
2837172687083594426	836110919476396898	1.0
2792155346212977426	15545503246374075082	1.0
18163399187374018426	17854706243822682112	1.0
1532681431663145050	16126724717481599426	1.0
1525770601539467754	16126724717481599426	1.0
1525097545827166081	16126724717481599426	1.0
12880521587271213426	193273528320	1.0
12742366985671522426	12810147986508087296	1.0
12062649909744278426	14684231561386195643	1.0
10986992579180599426	14254077336717686989	1.0
10505808258412873426	193273528320	1.0
10259331822136892426	16118645763738697728	1.0
9280905896777268579	14320569112058836426	1.0
8016469461970671426	712187325142234632	1.0
7643861455549028085	807050474854406426	1.0
7179131888360115472	2121516153104398426	1.0
5836143525247136426	193273528320	1.0
4503692890473248619	14968475017371829426	1.0
4439432208000998426	13241667907697508352	1.0
4234400803496598426	18067270497020265669	1.0
394759361373166426	15047849870691988410	1.0
17963980901737650426	193273528320	1.0
17534149904613667426	16848720264811309514	1.0
16767193650356374426	12730220638007645180	1.0
1538933525310518734	16126724717481599426	1.0
1537764087342159466	16126724717481599426	1.0
14088908984175696426	13934526942364352426	1.0
11624030340530253426	841336915016853225	1.0
11624030340530253426	6077931301957933948	1.0
11552641136041962426	13099741855862489088	1.0
10169087017095400321	13096364077588085426	1.0
9640442363599431426	13024610018727064421	1.0
9433265815627383426	14250454410299417040	1.0
9072385239332745426	14104146827347492864	1.0
878093098938886426	12160809463377011152	1.0
8332279509984711426	11725119237562350290	1.0
7544052447025150426	17711787332987781120	1.0
