871539502726152765	15111796404861510096	1.0
4868445646252360765	14320313020508784569	1.0
4557251643842600765	833378555332968134	1.0
3963577662701080765	15046488765491096784	1.0
3943577489913818765	193273528320	1.0
18338334540399951765	13601960284523593728	1.0
1728979557778110765	15975020700150792192	1.0
15161008641317123765	18066750418490084803	1.0
10450092945082305070	652712640858763765	1.0
9544743175699162765	17424090236061461433	1.0
8632284367829937765	17495879480676302290	1.0
7620596067569009765	193273528320	1.0
3814746678834729765	17779304015772492240	1.0
3221565406374910765	16767701513567993856	1.0
2802655699632262765	13169032970780582332	1.0
2074968541796949765	14542086709769726393	1.0
18431890360118704133	7178691483088360765	1.0
17525798349312674765	13099741855862489088	1.0
17314377872786282765	193273528320	1.0
1697410682296412765	16845678912569658569	1.0
14823895882412037765	16411108031296700416	1.0
11463368712323567765	12014751482449494016	1.0
11126508606940480765	11795386813785354928	1.0
10856713184358807765	16265802097897766912	1.0
10433039180395566466	652712640858763765	1.0
9787971363698856703	2019139232785162765	1.0
8488701751529997765	6665193604514394485	1.0
800134326905180765	15046741593035958217	1.0
720858207264349765	798719621074115149	1.0
6309760878763664765	13099741855862489088	1.0
6234032716097945765	707413835029670656	1.0
5336898139132495765	13820368244927627264	1.0
4472471249397215765	17209914370021130240	1.0
2584732254167646765	15111796404861510096	1.0
16840028798453023191	15763961746617847765	1.0
16836544549726944150	15763961746617847765	1.0
16534600744364778765	12016118145338048512	1.0
16461173803960596765	14607414104202149888	1.0
16213338313829034765	11725101563771942854	1.0
12081769678253372765	12306828912347884235	1.0
1203020283571346765	11661198098289440450	1.0
10662006725621781765	15111796404861510096	1.0
9555704190091788765	712227427146303991	1.0
9156922939199958765	16767701513567993856	1.0
8938825298084332765	16696461973361045430	1.0
870403591185393853	652712640858763765	1.0
8060877474041741510	652712640858763765	1.0
755128633315531299	652712640858763765	1.0
7531448336318677765	14325360754310575292	1.0
7450982500622311765	13093069959175602176	1.0
