9441535848128185211	13099741855862489088	1.0
9089065698335633211	12446230562589036471	1.0
8642353945558301211	13237963531620362422	1.0
8360226875793110268	17641121823749878211	1.0
3580293149287746211	13099741855862489088	1.0
2725568132155954211	17492214997968922811	1.0
1185550178752815211	751667699856565285	1.0
9867299040961963211	17995227154157183412	1.0
8762982276017465211	15623235283443515392	1.0
866436785143361211	12160809463377011152	1.0
8601586458228387211	743399707504242245	1.0
5785186302733050836	16409331237296972211	1.0
505468689500664211	13678744562996397497	1.0
18080499759859291211	15264909052451285170	1.0
17119634369097416211	16628333050333285572	1.0
1612615875761460211	16845618434863449552	1.0
15936023038932140211	13382143630006006494	1.0
1234864469842206211	14755153355617599488	1.0
11370325268620250873	2435744804286101211	1.0
9724509599834105539	17641121823749878211	1.0
9185595398260900211	13238861928253620224	1.0
8363370297753353211	12883946214826967040	1.0
8343689610983366211	15264914407952086707	1.0
7212296853829865836	11943519509974876211	1.0
5849910261169143211	834492665703222299	1.0
579246921241804211	14758828954269777920	1.0
268130896754424211	14248789781004681216	1.0
1958911357759412211	18072006119844281025	1.0
17147143888077451211	12159703364514349056	1.0
144606251215394211	13534120434269745350	1.0
11351614441152305211	12307184131913023488	1.0
9405022151634967168	13100924896014284211	1.0
8600256613135778211	14109436470414582486	1.0
7722128523178538211	13759279653766299648	1.0
7574180505551694349	15264883681975329211	1.0
7386846863354322211	12160809463377011152	1.0
7367706611712551460	12808494363847553211	1.0
7235757769258592211	18290236006609190912	1.0
6822251596882995973	17641121823749878211	1.0
6678438212767372211	14465484856911462400	1.0
6476724923498678211	17420986388844642304	1.0
4702536372001302211	13095823071867100092	1.0
14993280295833057349	16989806271557249211	1.0
13207833833541364211	14325640171997888512	1.0
11722982996542123211	14321407030756114432	1.0
11657389813981463211	12446230558499930112	1.0
10270784328568068120	17641121823749878211	1.0
9651552442999705211	12014712965182783488	1.0
8748369247847546211	14398220002850154678	1.0
8378158329908632211	12591434335376287161	1.0
