9706031931148830902	7470155383801379202	1.0
9597734634774114613	12591777315010177202	1.0
9298419771841678202	11940936851650510848	1.0
8892460786780833202	12660969675274964694	1.0
853614529622030202	13099741855862489088	1.0
7537824602607529202	13632455664737832168	1.0
7528183009700166202	13244426573781714638	1.0
7485120843219949202	16411108031296700416	1.0
7015926060720923607	7470155383801379202	1.0
6955568117625347202	13894122543311475127	1.0
646030084706868330	7470155383801379202	1.0
6311537361649190015	15331062040422689202	1.0
6081264173395277697	13101246997086656202	1.0
6013741118209952672	7470155383801379202	1.0
5847236180450327202	12087303861014888448	1.0
5371291425505411202	18282034787641391817	1.0
4712030269734389447	12591777315010177202	1.0
2190583419652331237	7470155383801379202	1.0
1968782102765616202	12740586390329736380	1.0
16978150149529213202	8031420568096663566	1.0
16640963227635262202	14967082997805757793	1.0
15992944525076487202	13490586791797831406	1.0
13798901617755400202	12446230558499930112	1.0
13094279107486484202	17127747672803901440	1.0
12875073670367266202	17706652721060249600	1.0
11393166861663550462	7470155383801379202	1.0
11140673925560446993	12591777315010177202	1.0
10576414758935349202	17127747676154350793	1.0
8183539283813451685	13328052154751446202	1.0
7541672567027588202	13632455664737832168	1.0
2979970886748867202	193273528320	1.0
18428834322770478202	12525880220198109184	1.0
1809542502181933332	13328052154751446202	1.0
17886596712837160202	193273528320	1.0
17031720164210921202	14322529627833106432	1.0
16807744372681494202	16411108031296700416	1.0
12399632731542152421	712944944700517202	1.0
11387220350508636867	7470155383801379202	1.0
11382191755492003127	7470155383801379202	1.0
9611918283242792638	12591777315010177202	1.0
7538473365401576202	14538980560618913792	1.0
7035855990610219078	12591777315010177202	1.0
7013458352947143749	7470155383801379202	1.0
7012233187595397150	7470155383801379202	1.0
6434695158654869025	7470155383801379202	1.0
6047036430798864202	17277202050689531904	1.0
5847236180450327202	17929358731805958842	1.0
5019378361795686202	2321876188624788392	1.0
4300408405646282202	193273528320	1.0
3922351959038852202	16842253933849083904	1.0
