9708018433870981632	732354369957451165	1.0
9381014892084125165	12160809463377011152	1.0
7529945800322299165	16123915576941740032	1.0
7370362138387715474	11802204790899923165	1.0
7369465684310293169	11802204790899923165	1.0
7366852029166329124	11802204790899923165	1.0
7363507860203293769	11802204790899923165	1.0
7231812970258332165	12011615653812240384	1.0
723000631432977165	13452787248470687744	1.0
6973418229334274125	11802204790899923165	1.0
6585339265209047529	18067259493787433165	1.0
6488855683985471165	193273528320	1.0
6322130410301911165	193273528320	1.0
5124113074745779401	11802204790899923165	1.0
244645153279702165	2144323821030495262	1.0
2204837517618940165	18002780777565181905	1.0
1973317524209910476	11802204790899923165	1.0
1898908372014863713	11802204790899923165	1.0
1893275457833802731	11802204790899923165	1.0
1878509609306949772	11802204790899923165	1.0
1618854612601541740	11802204790899923165	1.0
15629283720152532636	11802204790899923165	1.0
15622979030264851879	11802204790899923165	1.0
15618373201717540102	11802204790899923165	1.0
15615610532711050869	11802204790899923165	1.0
15614746741777865406	11802204790899923165	1.0
15603603565096520891	11802204790899923165	1.0
15565157989927374245	11802204790899923165	1.0
14874625608084727165	14612182789211081157	1.0
14867191457780374165	15545503246374075082	1.0
11657930215306287165	12446230558499930112	1.0
11132890273288748165	16767737986430271488	1.0
9925947212999464165	15116240576271351808	1.0
869797605703969165	12160809463377011152	1.0
7369978473316148240	11802204790899923165	1.0
7237454984420743165	12666585912910544896	1.0
6685307708292728165	2207956703754352034	1.0
6327640088991091165	193273528320	1.0
4786268697359698522	14177027980119892165	1.0
396840036813525165	13099741855862489088	1.0
378077795138519264	11802204790899923165	1.0
367332868850339062	11802204790899923165	1.0
3480841626552234165	13886238881729404119	1.0
328492596755939998	18290187623802665165	1.0
2360412693493809165	17921206953338514129	1.0
1926689139532548283	11802204790899923165	1.0
1925169442778181483	11802204790899923165	1.0
18210298266419783165	696825489640314956	1.0
16202466895806186060	11802204790899923165	1.0
16068799579713495165	12022064261271388160	1.0
