9451796581134632647	17639175587853095868	1.0
8312090513077389868	15046799935871647744	1.0
7834471024683338868	706124510565112052	1.0
7109438650500702481	12591434336012785868	1.0
7108375152145379682	12591434336012785868	1.0
7101963848308545497	12591434336012785868	1.0
7095106065518303456	12591434336012785868	1.0
7090171779382704563	12591434336012785868	1.0
7026443582276126868	12519709859727278080	1.0
5606124746992594868	16122577484175698613	1.0
2852617508406527868	14391752594588689363	1.0
2804057984976176652	12591434336012785868	1.0
18328009253097914868	12519678970322485248	1.0
18245024567433553868	15188650014030168064	1.0
17774070738629243868	15048676746385744831	1.0
17705380501362863868	193273528320	1.0
17645564305588993868	1861688993369233407	1.0
17639110904483145662	12591434336012785868	1.0
16936753833764707168	14822181791183655868	1.0
16654043997630732868	14322529627833106432	1.0
16434804415674491868	15981235221475360768	1.0
15830842154501789868	15626826365729294776	1.0
14509296879696091783	13744076560170002868	1.0
1306390825065069868	16916829426694488064	1.0
12110775549506705868	11652212720535251670	1.0
11659506708779409868	14101576199226523648	1.0
9647764845497738868	16916874523851153328	1.0
9083574496020750086	14464909768504103868	1.0
9064248095476596868	17058124453344504266	1.0
7949099931870825868	2231112611751512340	1.0
7680824228239110868	13820087950592957124	1.0
7115889124455793986	12591434336012785868	1.0
7106261375424007876	12591434336012785868	1.0
7101185797783461771	12591434336012785868	1.0
7101014398590055899	12591434336012785868	1.0
7091682147551740683	12591434336012785868	1.0
6635198572737053868	12597590501633599679	1.0
5949644484215076680	12591434336012785868	1.0
5355055469113473628	12591434336012785868	1.0
4016133751490686868	11869773060199741883	1.0
3473030515471954217	13744076560170002868	1.0
2374941939269432868	16416736323945103360	1.0
2353857877808843868	17494224836896006579	1.0
17804074614707550389	12591434336012785868	1.0
16474094531273629868	17993751660267109307	1.0
14937224407104095868	803148970512311427	1.0
14093625983845813868	16265802097897766912	1.0
14085963026379631868	18067270493198614528	1.0
12610207007867196868	2224253535701110880	1.0
12199215529386128957	17639175587853095868	1.0
