8135320310991093317	14607414104202149888	1.0
6842238542382159317	12160809463377011152	1.0
6774200676465777317	878834161527348843	1.0
4527844570749682317	6576896720593291471	1.0
3580762571259253317	802988461912999772	1.0
16968463697721516317	16051672169733685248	1.0
11552400675213012317	15331062041326255560	1.0
11396086878691372317	17564867423893454848	1.0
11287289145428188317	13095823071867100092	1.0
8858632495130795836	15693897635591088317	1.0
7382720022500348317	12875971315256786944	1.0
7258940090255934317	193273528320	1.0
6566616255026010485	2327338712608357317	1.0
6317255523705588317	193273528320	1.0
5659186008388646317	18066701000546056908	1.0
5328823649579697317	15542977656239741887	1.0
4255452408793389317	13099741855862489088	1.0
3478119987369857070	11725087209130544317	1.0
3469589628175325317	17058124453344504266	1.0
3164601904068300317	13097008465660915376	1.0
13897621499323316317	6077931301957933948	1.0
12882836875278193317	14900959579692072960	1.0
10100822654045339317	15406223621202378752	1.0
7689178751173169317	12304345270199517184	1.0
7368282631647008317	193273528320	1.0
7318003652754847317	15982403942206144512	1.0
7036405626375781317	17711787332987781120	1.0
6720100361361095317	18143578695284732119	1.0
6308674432360144317	14101576199226574005	1.0
4400439281372370317	13103219615436111872	1.0
3166570417763341801	14608826968017456317	1.0
3073144865872131317	867124933844139067	1.0
17241293311012679317	13093000638403500981	1.0
14086004229518043317	13099741855862489088	1.0
13573721320657167317	14678040194230255616	1.0
13056171222674213317	193273528320	1.0
12933152420848041828	14608826968017456317	1.0
9996950148872351317	11798796347803435008	1.0
9757469024955815317	193273528320	1.0
9709827406308535317	16558853789587658966	1.0
9602171494229470078	14608826968017456317	1.0
8533748219392927317	18140687023478931456	1.0
8441180575459609317	16912697538045605307	1.0
7952349763152350317	14830551214441103360	1.0
7009867198033078317	12018640390652428288	1.0
6816132274381417317	11725037830752174080	1.0
6687337999481480317	16265852606713167872	1.0
6377951156165606119	14616108011326000317	1.0
5259816867603449317	16844207894860725681	1.0
4152920004402118553	14608826968017456317	1.0
