917698187058698851	14684231561386195643	1.0
916682483097232943	14684231561386195643	1.0
904694211428719146	14684231561386195643	1.0
878310853784652643	2157043224878439760	1.0
8492849564773165643	13099741855862489088	1.0
8221815817001100643	11870293135076686029	1.0
8016970845867091643	13096090287552331776	1.0
6154523050050369643	2141737962072381198	1.0
4400715719387460643	14320219523838377984	1.0
4051655829300013783	14684231561386195643	1.0
3950736061091800643	17779304015772492240	1.0
3432115637601400643	12595385925057380352	1.0
17020537752027175643	15470613199673360384	1.0
12875055214836100643	16842314441348401584	1.0
12258546496887468643	12446230558499930112	1.0
12079415834268174620	14684231561386195643	1.0
12065064901152518008	14684231561386195643	1.0
10659698697379858352	14684231561386195643	1.0
10177167444333182643	15985231906795996098	1.0
913357907764916540	14684231561386195643	1.0
8297085801411629412	13314558965820669643	1.0
7198416279646125643	13093085369518260224	1.0
5141683330788992643	17851946486816833536	1.0
3831890766645529643	17779304015772492240	1.0
3830675484144315643	12160809463377011152	1.0
2427617325847623643	2171475353169425841	1.0
1927279846397125712	16341236174799613643	1.0
14835890581130814643	16848720264811309514	1.0
14664376534153013643	14254071826274637495	1.0
12068564169856191895	14684231561386195643	1.0
12068504216399937476	14684231561386195643	1.0
12061702882201025632	14684231561386195643	1.0
10609222016891817643	15693897635591079351	1.0
9655765028909507643	13093085369518323917	1.0
9111212916053985643	17279366967609786368	1.0
910952580039953129	14684231561386195643	1.0
906641343451379377	14684231561386195643	1.0
7743983851208681831	14684231561386195643	1.0
6681299846616281643	12158546631037348018	1.0
5776688293858628156	14684231561386195643	1.0
5768505929730997854	14684231561386195643	1.0
5212567290292099643	14320576865117453517	1.0
4526223298143005643	17993808818517049344	1.0
394390608350038643	14101576199226523648	1.0
3639163252905796643	2151154734856804401	1.0
18097413150403777643	14608826967782570682	1.0
17563358420370244643	193273528320	1.0
16919278104585049643	17271482485691176650	1.0
15612560951444968643	12160809463377011152	1.0
14958024381081227643	694484599421905494	1.0
