9024415696836366658	13093007342847453877	1.0
863823791477793658	13099741855862489088	1.0
5513454554690428658	18282034783737348096	1.0
4557046425022446658	13099741855862489088	1.0
1853841194439797658	14682812014565261312	1.0
14726158939246865658	18354049516766821065	1.0
144350433511819658	13244461676549373952	1.0
13875225180985436678	14327824767633310658	1.0
11318430763450611658	193273528320	1.0
9782482541225743386	753692488447048658	1.0
9432070620679463658	14606488375541104640	1.0
867328063878886658	12160809463377011152	1.0
799138246744247511	14327824767633310658	1.0
7519441599056682658	17706986906707606982	1.0
7486656698191159658	18071248556332679168	1.0
6877075386344540658	16480048676027953619	1.0
5945859199809082810	14327824767633310658	1.0
4509576268899605658	16622839244683407290	1.0
4030105946259090234	14327824767633310658	1.0
2565417364066693658	18137377497774292992	1.0
2565417364066693658	17203745852091269120	1.0
1950653999268626658	14535827194165837239	1.0
17603555372951199658	193273528320	1.0
17209161161914004110	17058194706124564658	1.0
15962643527897692658	15623235283443515392	1.0
15610674304761740658	13173847711213944832	1.0
1447820551501767658	15189739642938247880	1.0
14098723935847015658	193273528320	1.0
14032703578304887658	193273528320	1.0
13471381223768947658	12014712965182783488	1.0
12192137966302583574	14327824767633310658	1.0
11614954149777575658	15838779217920704956	1.0
11549539074423991658	193273528320	1.0
11326747941748171658	13101802301206220745	1.0
9765964386041848658	13101806768764223488	1.0
9041384467329911658	14038550942886920192	1.0
7528917534994801658	14325640171997888512	1.0
7473893363810275658	193273528320	1.0
7195256798721792658	15908053982388466900	1.0
6595684929026387518	681986541138679658	1.0
6022624318065164658	12730220633712677884	1.0
5768139961607444658	777548837671959363	1.0
5609597031913279658	14971271083359724738	1.0
4307656180869952658	15839668641223195346	1.0
317447180108242658	193273528320	1.0
2693227538626687038	15109794191137363658	1.0
2462636651157250658	13096372938540644561	1.0
18430313204952209658	15764523631129901499	1.0
18047687824576552658	15264909052451285170	1.0
15447753834496699658	739593992303490958	1.0
