8859376567306014257	17347289315595580618	1.0
7735645747959731257	14038499261545447424	1.0
7529264027285771375	2393442004252628257	1.0
6552322126689697679	15624928625533443257	1.0
4950427442471210257	11876267958571429818	1.0
397160005365041257	11876267958571429818	1.0
3778256060668740903	16480048676514147257	1.0
3481272132577033257	17786869769413118898	1.0
3174801193671726257	17422682905221529600	1.0
3007500077309086403	719290242784819257	1.0
2962277520783721257	16629167467113067712	1.0
16426704661026347413	12308853194859011257	1.0
15318208100608447257	15480835311574246644	1.0
1510506558571252302	15624928625533443257	1.0
14994913352799752257	12163634122878678982	1.0
14077001415945477257	18354353004980731904	1.0
9978266023876724257	18216160815944029911	1.0
9893609121773182257	14903528056034426880	1.0
9436170617964776257	13099741855862489088	1.0
865525771119918257	12160809463377011152	1.0
8345278860526035257	817123435287997910	1.0
7247286070139872257	12661526011079668435	1.0
6064950977427877897	864138402985604257	1.0
5132652685224852257	11949979153673021890	1.0
5125423795807853257	11949979153673021890	1.0
4000747366815738257	14037105222535348224	1.0
3633422023273266133	14616107915544931257	1.0
253952616771441257	13742359097527821767	1.0
17735706696040550257	193273528320	1.0
17329505669577741257	12016076320946583494	1.0
17110055588400517801	16558818578318818257	1.0
13502306895631782257	12374994319962003393	1.0
12169219207887418257	17203745854822808512	1.0
11541677179656412257	193273528320	1.0
10262907966443069257	14972696081432880307	1.0
10250632423491092257	16767703832850333696	1.0
10200475707338779257	14970238737911382016	1.0
9038414209667594257	14038550942886920192	1.0
852388522559944257	2157043224878439760	1.0
8201652885703939257	16629167463694598144	1.0
486544011221647257	17277202050689531904	1.0
4778514916259783257	18282034783737348096	1.0
3667482017523318257	12595416634073591217	1.0
3472900334991980257	648372417119812767	1.0
18427774157766053257	893095974318786288	1.0
17984402308824195257	18217523090756206592	1.0
17601277835476091257	17636908460832456704	1.0
16227435460338863257	15264859471348760576	1.0
14366488271716029257	16767689496249499648	1.0
12606637735306436204	14616107915544931257	1.0
