8919740326584911060	11661195847726530560	1.0
867644594504083060	15111796404861510096	1.0
8282744296696806956	13461776838070107060	1.0
8272501392275146650	13461776838070107060	1.0
8271290336183429487	13461776838070107060	1.0
7542118814147452060	17711787332987781120	1.0
7470586690133427014	13461776838070107060	1.0
7386601053696912060	6480202744439955226	1.0
7370299097237048060	12160809463377011152	1.0
7124305996705883202	13461776838070107060	1.0
6307080763777001060	803148970512311427	1.0
5705429730301657060	12446230558499930112	1.0
5243522117623069060	13528223706165280768	1.0
5032465218461278060	1219236796830552164	1.0
4362749887206943060	13678744561840267728	1.0
3612232803704334981	13461776838070107060	1.0
3541143797983074066	13461776838070107060	1.0
2376204112047308766	13461776838070107060	1.0
234513065836511248	13461776838070107060	1.0
1647037018488161611	13461776838070107060	1.0
16459385522395315060	16705206526775712454	1.0
16072333962083646060	851734309660702884	1.0
14772316274513916060	825994742241420307	1.0
12721958569791102060	13471105176613945344	1.0
12101551822034295754	13461776838070107060	1.0
1037719864952368983	13461776838070107060	1.0
10321690122263020060	16416665945399873235	1.0
9109371036320108060	13102376307197476864	1.0
9086935166899449060	13893545266356682752	1.0
8479124755612120260	16919378176252111060	1.0
8286138618000682297	13461776838070107060	1.0
7456282195035942060	15545561431255605199	1.0
6280437660161007060	11657225386684630718	1.0
5248150392190235060	13167589299563064506	1.0
3933449162495257060	18143578691815342080	1.0
3505825194171484060	17994396984223521719	1.0
3503019477231574060	18067270493198614528	1.0
17729149801388944060	193273528320	1.0
16195591513111874027	13461776838070107060	1.0
15141579823411511060	13093069959175602176	1.0
12697578506393389060	15551735274944856064	1.0
12428100496510812060	740616121957661967	1.0
12328757587093494060	16265808680552153779	1.0
12145544132303513060	13099741855862489088	1.0
11307177811892237151	13461776838070107060	1.0
11304491357123073944	13461776838070107060	1.0
11129539838798685592	13461776838070107060	1.0
10972104805387191160	13461776838070107060	1.0
10691315712154121060	12740586390329736380	1.0
10515969787039888060	15474625412092395520	1.0
