9852316648973221409	14758834408878243840	1.0
9478175651302877409	11872804436814387153	1.0
9062181569548650409	17134408457870367444	1.0
8832066009399997315	15913118337240979409	1.0
7984922158126738409	17495693126842770676	1.0
6768996172276963409	14607414104202149888	1.0
6681014471590740409	12515991350056904882	1.0
5958530969176702409	12591434336012785868	1.0
3945839121048446409	193273528320	1.0
284595757819473409	17926250386192838097	1.0
17495900278771853071	15913118337240979409	1.0
16602876184520503409	13030250414589607936	1.0
12151317801063602011	15913118337240979409	1.0
11557829868718052409	16772223882202492112	1.0
10980525727442694409	193273528320	1.0
10144106211909728409	14750326512456564736	1.0
9858162429451240698	17131909380149651409	1.0
9521666668273773461	708713268265450409	1.0
9509764326047790829	708713268265450409	1.0
9199574026208457409	17633744036302987985	1.0
6863825164218530409	193273528320	1.0
3184971516580309409	649089853165752111	1.0
18352027991987922409	16482588420384751616	1.0
16687159294680228409	13814777297019863040	1.0
1417677005036267409	18071169399980093624	1.0
14086164659306492409	13099741855862489088	1.0
12832446382218305451	15335301899711999409	1.0
12553486706402401409	12742834788378461363	1.0
12178478388492819266	15913118337240979409	1.0
11625553709075987409	12738941543319140538	1.0
11620775485505210409	841336915016853225	1.0
10685072106194887409	881718588797774696	1.0
10571445516789412409	17567100596433977344	1.0
8742311186882344409	16625288408146640896	1.0
7155133338649291960	12740586389911102409	1.0
7099617347888596409	17863444122858220226	1.0
665331156038020409	17131956653390282167	1.0
569399115583614409	16916829426694488064	1.0
4920537939711719409	17134408457534353093	1.0
202935792157754409	14535565391603751863	1.0
16815117695937794409	13814777297019863040	1.0
16802882439570248409	782294051282525803	1.0
15097718116906723409	14535827191335223296	1.0
11518038866805225409	18298870514371847859	1.0
8825737710035478258	15913118337240979409	1.0
8465033664383326409	13024610018730014309	1.0
5152830966366691409	14971371140309768396	1.0
4438506090618608409	17867461927324614656	1.0
17873708189727235409	12810147986508087296	1.0
17518706555078646409	11651907044646119630	1.0
