9597184466748399940	14321112288625426432	1.0
9566926612088049591	14681690533001951432	1.0
9553990170389265652	14681690533001951432	1.0
9239482440263601896	14321112288625426432	1.0
8880036667593433312	15047020817449746432	1.0
867738155912493432	2157043224878439760	1.0
861975357786956124	15047909338809106432	1.0
8617585267406645174	11795463749534482432	1.0
8508192408504366995	12518853280039698432	1.0
8471674195023943843	15615079097598738432	1.0
7857966292093910432	12955417696152846336	1.0
7676831522320828432	18067270497086063802	1.0
7489705050054907750	2326059585937859432	1.0
7315656465394691432	17135845524402910654	1.0
7229798149539561562	16341558320202514432	1.0
6938078254176718651	14321112288625426432	1.0
6029743179123366432	12730220633712677884	1.0
5938213367701928432	12518835808112738304	1.0
5879076659455704115	17706968152048402432	1.0
5508836640719175432	17201203785213410228	1.0
4355824356653922321	14322529627833106432	1.0
4168603675126369144	17706968152048402432	1.0
3155718722972328415	11795463749534482432	1.0
2992776580109958432	17779304015772492240	1.0
2555777392688219689	15331062037119762432	1.0
2034986589746126261	15547498860938002432	1.0
18290814136167008168	14322529627833106432	1.0
16428724849794570098	11795463749534482432	1.0
16368727487885365542	16053919528551186432	1.0
16084217189634162432	18138735433289302072	1.0
15974176860606639432	761562703366957489	1.0
15592216977790102432	17993848447722432177	1.0
15334439502254148931	17203725002756586432	1.0
14087079165324893119	12518853280039698432	1.0
1405809369104768816	14322529627833106432	1.0
13741528331764076432	12452682509911588864	1.0
13463341130456238432	12733291127294132224	1.0
12741448047251482060	17706968152048402432	1.0
12599716283732175417	17706968152048402432	1.0
11728946283808943442	14321407030756114432	1.0
11596894208912107034	11795463749534482432	1.0
10451459518239267432	17063229421407698944	1.0
10393705539843363612	15331062037119762432	1.0
9600617283886945362	14321112288625426432	1.0
9554621977300417432	13093075456733741056	1.0
9545793530310087820	14681690533001951432	1.0
94935937615813432	814475425162052512	1.0
9103373230759435322	14321112288625426432	1.0
8629327016502000451	11795463749534482432	1.0
8613657773199805590	11795463749534482432	1.0
