9563406955241440397	11869707125443788800	1.0
778183265093002397	14110839554625808575	1.0
7205826940885369397	18137920729532913358	1.0
7198554676502817397	13093085369518260224	1.0
632323124375315397	14677425524280703414	1.0
5055249088592889657	13892183954997438397	1.0
4313150531910735397	14245689088250339525	1.0
18015548210586030397	2187156314036573094	1.0
17980252545793056397	13103219615436158157	1.0
16221935120485672458	13892183954997438397	1.0
159760272942869397	193273528320	1.0
12340672239677552397	15474844222535559369	1.0
8992296138240559531	17858982209811294397	1.0
8625709332743204002	18141608457172744397	1.0
859922853066839397	16842314445271248336	1.0
8525267338404609397	13093075456733741056	1.0
7430483314321308397	13103219615436111872	1.0
7246056984934427397	14327873284408868864	1.0
7236490198650390397	13099741855862489088	1.0
7045571005081004406	18141608457172744397	1.0
2883562913220985397	17058124453344504266	1.0
2115766269094681203	17926551695378728397	1.0
17963588211798373397	13099741855862489088	1.0
17667949978873225397	17858961473373643961	1.0
17548578853106159397	12302609145634278346	1.0
16225607837235054738	13892183954997438397	1.0
15427130855141237507	18141608457172744397	1.0
12150928060267207397	14391807689455759817	1.0
11678278774049502397	193273528320	1.0
11081094331161533167	13892183954997438397	1.0
11080017445403316794	13892183954997438397	1.0
10971503968044335397	17922620878047150080	1.0
10968485044235377397	15833756696049614848	1.0
10755148318895399397	11947949459503054848	1.0
10549725626084397397	6943224993440454313	1.0
10342359668933590119	17995154543317662397	1.0
8873886977023042397	12086478144672293075	1.0
8245324235505098327	6915759824943531397	1.0
655967303750468344	13892183954997438397	1.0
5223164627830416397	16055527112241294265	1.0
3379288882593278693	18141608457172744397	1.0
3121173368274802397	756922059788253750	1.0
2998313258763201397	770675190040430343	1.0
2272546044399061397	16415516969844926642	1.0
17532451403930708397	12877184158186602496	1.0
11066586545701189068	13892183954997438397	1.0
10650654673049698397	193273528320	1.0
10344274047418699397	16561117611014807748	1.0
9848050796348529397	14753202852054695936	1.0
9432890908458713397	193273528320	1.0
