9266165719785865730	17348135956728774656	1.0
9261983229092429859	17348135956728774656	1.0
9008150781699792780	17867461927324614656	1.0
8270027980850949656	17203745855458700982	1.0
796528066620520954	17867461927324614656	1.0
7672402321398904656	13820087950592957124	1.0
7639679548250038998	17867461927324614656	1.0
7517353580835070537	17867461927324614656	1.0
7333346009215175810	15838823245630406656	1.0
7279602756021232144	17867461927324614656	1.0
6854566279793129656	12160809463377011152	1.0
6795186771897870910	15838823245630406656	1.0
6676397641603117100	17867461927324614656	1.0
6675537020351096429	17867461927324614656	1.0
6397167560742893656	193273528320	1.0
634730584772792112	11730681658297286656	1.0
6306928141955831757	17867461927324614656	1.0
6302099679686126794	17867461927324614656	1.0
6297004091746040652	17867461927324614656	1.0
6291051868386332140	17867461927324614656	1.0
5561472164412226656	12773136874647368672	1.0
5312703297269855387	17867461927324614656	1.0
4483857482552766237	17867461927324614656	1.0
4482791020686233081	17867461927324614656	1.0
4216205750164917976	18208300415707507656	1.0
3953205127864584542	17493293503302598656	1.0
3825300548952185569	17867461927324614656	1.0
3532955518759347656	12163283348604634814	1.0
3484415052287872338	14615824328772550656	1.0
2955151427324859147	17867461927324614656	1.0
2951562853195240069	17867461927324614656	1.0
2562474543582184103	18002780777565126656	1.0
19085526996627359	13886206021946310656	1.0
17202188854272337656	798719621074115149	1.0
17009009254267846479	15838823245630406656	1.0
1694503051106296842	17867461927324614656	1.0
1692718543650816189	17867461927324614656	1.0
16558986501643365656	193273528320	1.0
16224934320554771656	16192328272753778870	1.0
1593587941200348819	15764473066769350656	1.0
15101281905746389804	17867461927324614656	1.0
15099637397103373633	17867461927324614656	1.0
15095427513072391570	17867461927324614656	1.0
15092526662017514338	17867461927324614656	1.0
15083938364829925656	193273528320	1.0
15079106126210572575	17867461927324614656	1.0
12763737369052594089	17867461927324614656	1.0
11846617819065729522	17867461927324614656	1.0
11669800312246467656	13892724931898114048	1.0
11646689984703758251	17867461927324614656	1.0
