9699572471076602953	16697002945877824968	1.0
901580093221091990	13381002427805781953	1.0
841540020466905953	13814767371350441984	1.0
7519152046892717953	14109479402907631616	1.0
6566463018827966953	13099741855862489088	1.0
5880545974532472953	12595364957027041280	1.0
4222949797509346953	13886848123852029952	1.0
2594096460258610953	12160809463377011152	1.0
16314640912408940953	13759279653766299648	1.0
13614230594409146953	13675148166562562231	1.0
12276676391544805953	17422665359017699769	1.0
10616780802164638203	13381002427805781953	1.0
10426697012961767953	17063229421407698944	1.0
9844846489400234953	13674885272976810930	1.0
9770757780124602953	17858941652807235026	1.0
9044158735585279953	14968515664506120635	1.0
8396752219711087953	13241667907697508352	1.0
7844658079709681953	15622074293653928626	1.0
7249457310534048953	13099741855862489088	1.0
7112953084169232577	6479155988351013953	1.0
6920916849319771953	18280627421738696704	1.0
636310483488735953	13894087265371290294	1.0
283919639241339953	16337343896428216320	1.0
16597730934654144953	11798558861881800045	1.0
15987353630562790785	13381002427805781953	1.0
13596164215308543953	16194352477955472082	1.0
1235411816386604953	15046488765491096784	1.0
1039190837189133953	12160809463377011152	1.0
9776114316990265613	13381002427805781953	1.0
9448598371580799953	13242469437896893361	1.0
879805566843594953	15111796404861510096	1.0
877030399396306953	12160809463377011152	1.0
8555323959014034953	14038550942886920192	1.0
7097138812581057795	6479155988351013953	1.0
7028893211405594953	18361995611521155072	1.0
4571929019374447953	14608447731031661493	1.0
3040511509450611953	17639175588676294843	1.0
18116231760678296953	16624467201809711104	1.0
17856761997849465953	18137395162350281427	1.0
17656370693474967953	12157442772902608896	1.0
17245425548719889953	16120906256566234320	1.0
13276232236291211953	16127349397754663882	1.0
1242379189682501953	15046488765491096784	1.0
11869383958157135953	13099741855862489088	1.0
10611277175149777111	13381002427805781953	1.0
10026278105599051953	16842281404459909120	1.0
8125450555799725953	17494224836896015557	1.0
7890980224287015953	13093007345964265163	1.0
7805255481929379332	15977005480886986953	1.0
4591676308498408953	2299409059178901615	1.0
