926856912139473232	13103219615436158157	1.0
922263122679268635	14612182789211081157	1.0
8086289907162906562	13103219615436158157	1.0
7399749975256242157	685943812871201062	1.0
7239616564177298157	8388367116762966115	1.0
674827402173616157	13101733099988494802	1.0
4210053652351302639	13103219615436158157	1.0
407069074742972157	193273528320	1.0
296861320049561697	13604184603588350157	1.0
2195149351736951310	14612182789211081157	1.0
2124592659691872159	14612182789211081157	1.0
2122849985380046585	14612182789211081157	1.0
1920360801616489157	769644353716979146	1.0
17988786632991427701	17487732147719550157	1.0
17978715870842447492	13103219615436158157	1.0
1292095387121530157	193273528320	1.0
12660654538361604157	17707022032413130752	1.0
12082863698027793157	16989806272293370804	1.0
11619450367303571237	14039374459916318157	1.0
11406305292068299157	15833212419587627716	1.0
1031314094646537479	14612182789211081157	1.0
9852085613255137157	193273528320	1.0
914224868002030897	14612182789211081157	1.0
8910972843362323157	14177829435146764288	1.0
8358093414138060157	712227427146303991	1.0
8179424007148807157	12595367210673633985	1.0
7051690786305409157	15982403945741723571	1.0
2138844477954810354	14612182789211081157	1.0
1780749393364599157	13453625132165683910	1.0
17177637392338275280	17487732147719550157	1.0
16802853849854650987	13103219615436158157	1.0
1605592097940503987	14612182789211081157	1.0
14930500186368866452	14612182789211081157	1.0
14922483067187436459	14612182789211081157	1.0
14872158213809897941	14612182789211081157	1.0
14866931126886827913	14612182789211081157	1.0
14865347602479083271	14612182789211081157	1.0
14860887257448460124	14612182789211081157	1.0
14859341417050633131	14612182789211081157	1.0
13346467867639185157	15189143714981339333	1.0
12607449213622213157	14903470833813022156	1.0
10969613378928162157	13675722108091345361	1.0
10106157878288503157	12742883210900275200	1.0
961047000763766789	14612182789211081157	1.0
926132278252842454	14612182789211081157	1.0
8997082642670187157	12232577809792417488	1.0
8088518230727174040	13103219615436158157	1.0
7171171542749865157	193273528320	1.0
7131254900746705157	17993808818517049344	1.0
6032532468371686157	16196293025784135680	1.0
