9516835809202764362	17347288194609118903	1.0
8541514533984041903	16555704735181304531	1.0
8229250856846400903	12518875261682319360	1.0
7946464752196903	15477443374495039488	1.0
7262810680548763001	821224970637361903	1.0
7256821427145948903	14101576199226523648	1.0
5725476675188935903	16628402203601730736	1.0
4354600109579087918	17347288194609118903	1.0
3838884927728896903	17779304015772492240	1.0
340077652255889903	13099741855869857889	1.0
326761748864965120	13813307210828658903	1.0
2566628795014849903	15545561431255547904	1.0
16328252491333244903	18002503811578650546	1.0
11775656466879092463	13814732203131710903	1.0
10942755566896386545	17347288194609118903	1.0
858489231635922903	12160809463377011152	1.0
8324154821451668610	17347288194609118903	1.0
6890449709591103878	2081449897482947903	1.0
6723165448799940903	12810147986508087296	1.0
58160721913333903	14607414104202149888	1.0
5734094368739310612	13814732203131710903	1.0
5165837862032217903	15614815322182307539	1.0
4717646849193256380	13814732203131710903	1.0
4024742241070108903	12660969674806261427	1.0
3940069911775689876	13814732203131710903	1.0
12419618086426274365	17347288194609118903	1.0
11879586906403841903	1219236796830552164	1.0
11466075809313299903	13389729151633043147	1.0
10750754889466630903	193273528320	1.0
10657989708484150903	13242460589828591812	1.0
956247950779442903	193273528320	1.0
9460105273196915903	857979810551291653	1.0
9315627405295557903	712227427146303991	1.0
7684909334606842903	12594290781411344384	1.0
7536965036322279903	17995227154157183412	1.0
6600298349433736903	18298967181200719872	1.0
5592479095868516076	13814732203131710903	1.0
4338285224757012540	13814732203131710903	1.0
4255849690390288903	12742842503200243712	1.0
2039942943008926903	15764555528761308348	1.0
16689709100665044903	12447309136457169595	1.0
16306966908752138903	13244482574999673783	1.0
8594738030642061903	18071248556332679168	1.0
856905715837223903	12160809463377011152	1.0
8403242790730386903	5953891705787703967	1.0
7645836410850813903	17420986388844642304	1.0
6129431984517872903	17275992646917664189	1.0
6038164603887623903	193273528320	1.0
4249124307877828209	17347288194609118903	1.0
3916000082586257903	15474625412092395520	1.0
