9802046294884827747	18067270496901965782	1.0
8022513983132827747	14607414104202149888	1.0
7463981842167920747	13099741855862489088	1.0
7408083707461769747	12160240023509260767	1.0
6998790095338175747	16846484944787079168	1.0
5591248236875486747	13886844845345663177	1.0
2766738503477289747	12016118149596693437	1.0
2720708029296424747	17564848684951186630	1.0
2662329153863020747	15327675532716325583	1.0
17559340808462301942	15691019178863543747	1.0
15713328464932245772	16992592489786637747	1.0
14095689543917799747	14037707621763435952	1.0
12591911473480547747	12591434335276745666	1.0
11876027362097303747	193273528320	1.0
11694357213983647747	16482244217410741173	1.0
10954785674550827747	17993808818517049344	1.0
9435057280863998747	14250454410299417040	1.0
9396367413079178747	17706986907797803216	1.0
8867761508223350747	18137395158679814144	1.0
7236111708942052747	13678744562996397497	1.0
6650963332198640145	719907855822695747	1.0
6629627214763482747	12158543395982980308	1.0
6581022869489927747	17632714841879788478	1.0
6187376102207285747	18067216526934603213	1.0
5830954791030159747	15111796404861510096	1.0
3349707252002277747	2207956703754352034	1.0
3281188495612101747	17279413220112641232	1.0
17591640504400056297	15691019178863543747	1.0
17568586459206565747	15264005103569338368	1.0
1700838092042768747	13099741855862489088	1.0
1615095510725608747	16842253933849083904	1.0
15839612382610152747	637973945085351095	1.0
15599139642379576747	12160809463377011152	1.0
15286858058168008889	837904651463415747	1.0
11397344357251607747	18210272905694406581	1.0
11052332990256956747	17632648858297229517	1.0
7386450449882691747	2329444472887641064	1.0
7258204491235031747	193273528320	1.0
7198323542823623747	14037908916960933588	1.0
5273597514964536747	11949979153673021890	1.0
4571696821303441747	13099741855862489088	1.0
405980296251115747	15472034966992322560	1.0
347160515013195747	15975020700150792192	1.0
18373195946826556747	16265802097897766912	1.0
17551405512327001747	17706971510712827904	1.0
15076466803779358486	837904651463415747	1.0
15069692270178802149	837904651463415747	1.0
14756095182681522747	15618382158836459213	1.0
13872420231256778178	14399964812983458747	1.0
13556814283326665747	13814783833352883667	1.0
