8647986593201369901	13237963531821826254	1.0
860661666949847901	2141737962072381198	1.0
7251789708406024901	17633743989058353094	1.0
6704716958999707901	14894190977521549312	1.0
3984851399941006901	12664081221127503872	1.0
18377287646127965888	16992006296192147901	1.0
17821931833468477901	4173076784672406704	1.0
1660936109699993901	13820087950006404275	1.0
16457994962283644901	12955444160830962621	1.0
15975525046297135901	14903470833710510270	1.0
15778898605758130901	13099741855862489088	1.0
15441723584528450901	739593992303490958	1.0
11949268395802021901	15472034966992322560	1.0
11515997330132240901	193273528320	1.0
8999111982589748914	16992006296192147901	1.0
8592346688492296901	13244503578250313728	1.0
8281615406631132901	701515705357260476	1.0
78281425525999901	17560932104273978323	1.0
7542526359291051901	13632455664737832168	1.0
6270331090806962901	13173771943695876096	1.0
4549667266157094901	12160809463377011152	1.0
4389985420986028901	14109436470414582486	1.0
4313964018872284901	14823869430739501056	1.0
2958967998624496901	12160809463377011152	1.0
17538665097134994444	17132439215296787901	1.0
1634484970329077901	16416665945399873235	1.0
13385732785846985901	13534950475354341376	1.0
12221695718481847901	13817597540050141184	1.0
10933929944578143901	17993808818517049344	1.0
1018027053703149901	13894140127917113344	1.0
774132226784064901	12738398340245280177	1.0
7367609369761752901	12160809463377011152	1.0
7226192369878885901	12733266847844007936	1.0
7054037844775185018	17132439215296787901	1.0
6058866003646574901	17779304015772492240	1.0
543869352390862901	14108836248734924800	1.0
4622453731400680901	8031420568096663566	1.0
4044959918569187783	11725027895749821901	1.0
3948925188437971901	17281377969994060733	1.0
3052820390286144901	17632715911326646716	1.0
303530056317400901	14178955352233540532	1.0
2943962352633637901	14750314319044454090	1.0
1739827875510098901	12016928373738630613	1.0
16198208736521478901	12595385925057380352	1.0
12754265782542861901	15264848385967104456	1.0
1248287419825611901	15046488765491096784	1.0
9597859805047514901	17494224836896023254	1.0
8190561683248539627	12452097602957982901	1.0
7519049207912460901	16629167463694598144	1.0
7202220190609206901	13093085373053841110	1.0
