9798089387715714806	14030349780108168381	1.0
9653683547278434806	14903528056034426880	1.0
8906919115467568806	193273528320	1.0
860109160265700806	12160809463377011152	1.0
7251075275318931063	2087469259680982806	1.0
6033362526638077806	16192328272753778870	1.0
4277152775036003806	16633109341729193984	1.0
4086810196895492806	13886189489120536279	1.0
3810188228502066806	762073910934943780	1.0
3472797784016616806	17063229421407698944	1.0
2321350317768281806	16561628912556959427	1.0
2109105234984814712	14831380276273273806	1.0
16496579928887273806	13103137070459650048	1.0
15470230773517057806	810630652151408266	1.0
14320883711450708806	17131909383719674546	1.0
13591667496158513135	14831380276273273806	1.0
12952384931440123405	16767737943480655806	1.0
12699981699507220806	11876267958571429818	1.0
10150898951756513552	17204217555464537806	1.0
9013750800756074801	14831380276273273806	1.0
8990709280259293566	14831380276273273806	1.0
8449091298365379806	783514465859864264	1.0
8346480488167191120	13245032438959962806	1.0
8270750140849285806	14254071830280141748	1.0
824608292695442806	2380363090145813421	1.0
8007825406343947093	17204217555464537806	1.0
7508558865828439806	13099741855862489088	1.0
7234287193890358806	193273528320	1.0
7216185809331049806	13093085373053841110	1.0
6790522286531936806	17136434956248273852	1.0
5773183711760783806	12516040690641141760	1.0
4436156801449465806	12591434334990888140	1.0
3473705551183413806	648372417119812767	1.0
3070292545359525806	16407378486324798405	1.0
17939043257600020806	16411076102509821952	1.0
17902441108147716806	15048676746385744831	1.0
16695662990895615806	16552109409787683280	1.0
1417175669939423462	2087469259680982806	1.0
12769284500925649806	193273528320	1.0
1262634566236297806	16989806272293370804	1.0
12245596740136651518	14831380276273273806	1.0
11633346458283480123	14831380276273273806	1.0
11552952323616748806	11869756666781411764	1.0
8766659983830917806	6713641982744935305	1.0
852317259629632806	14750358316689391616	1.0
8074070041375443205	16767737943480655806	1.0
7526115760756795806	17854706243822682112	1.0
7200424898570999976	12875972426406820806	1.0
6758373742403809806	14903491754970841088	1.0
6713000002420422806	12160809463377011152	1.0
