8593687996525519936	15979559492349246132	1.0
8468005377751866132	12452661541881249792	1.0
8354508273523382132	12092725521675889593	1.0
8352675365033970132	12886723602014403003	1.0
8233487840526469132	18285165157766135808	1.0
7985796034305542132	17632677479959232512	1.0
7235953095818184132	15047849870691978177	1.0
6990406268329258132	15119634794436100096	1.0
6902385159381943132	12810147986508087296	1.0
6832767038406570132	18137679850587087293	1.0
6081405053125275604	801783994532009132	1.0
5857578942427467132	12373263659755896832	1.0
5542586770870290132	15908089128105856467	1.0
3154599496496642442	801783994532009132	1.0
15589331169632706132	12160809463377011152	1.0
14788978050960711608	13101809908385362132	1.0
14407490642149620132	13099741855862489088	1.0
12899807512838572975	17135888465485939132	1.0
11619977870035810197	801783994532009132	1.0
111009582157288132	814475425162052512	1.0
9706030070144983132	16055527113095699388	1.0
9446139095899126132	193273528320	1.0
867035928900545132	12160809463377011152	1.0
8560537250994334132	13099741855862489088	1.0
8544717591548675933	13101809908385362132	1.0
8374773277736568132	15264924226570682368	1.0
8191576236133630132	13894122540026036224	1.0
7698714506333812132	15764523631129901499	1.0
7524705795991778132	14399950648181260288	1.0
7296568239028605132	13814739989687423187	1.0
6855851938181725132	12308819079933773772	1.0
17968471806910653132	15616695491360774845	1.0
17958269529397580132	18068901094712457935	1.0
16851985556886169132	13093075456733741056	1.0
14132528445846267132	765920913531683637	1.0
13598194223063120111	801783994532009132	1.0
12138847084446276132	14535827194165837239	1.0
11623262605216852514	801783994532009132	1.0
10209086019601109132	16416653955062300672	1.0
8897423683241661132	18287075009463646905	1.0
876795310050464132	15111796404861510096	1.0
8522963444976981132	13093045838639267840	1.0
7176292288634975318	6424220421400056132	1.0
6305232140544705132	16480048677070558922	1.0
5128218161586761132	15111796405061469396	1.0
3146259666337632044	801783994532009132	1.0
2805438441362096132	15448579699629673926	1.0
2141471417029320972	801783994532009132	1.0
17509417930434756132	14110839554625808575	1.0
12889373948695090132	16052773780120203711	1.0
