9821049960672821161	13606760679276019712	1.0
9686841506277716712	16342664470384995017	1.0
9302268583504534628	13684429257244147712	1.0
8900291104443348441	16629167467113067712	1.0
865193821600116712	13099741855862489088	1.0
77589904622845712	13093013845427879936	1.0
7535649665592900712	2411405549630835067	1.0
7381316281134338739	15408402823183859712	1.0
7359891492214139932	16629167467113067712	1.0
7293697179828875712	17711787332987781120	1.0
7254008741988792919	13028854039117299712	1.0
7251067509740948734	8031722940988915712	1.0
7213010110590023712	13093085369518260224	1.0
6810603256492043712	18280627421738696704	1.0
6308778095751450712	193273528320	1.0
4352807975895116712	16550964716348899328	1.0
401419624933193414	12742842546149973712	1.0
3472609402451230712	840493666729087540	1.0
3258242388771446712	16480048676027936212	1.0
3172973098072206015	13028854039117299712	1.0
2976199423637922712	13099741855862489088	1.0
2579841845483997712	13099741855862489088	1.0
1922424662207535669	13684429257244147712	1.0
1907735871987590580	16629167467113067712	1.0
18405266178939293712	2223778478338902525	1.0
17546240879027165801	12742845767375445712	1.0
17168672440357198009	12661531513792277712	1.0
17000092197543975712	16411108031296700416	1.0
16861033408573846269	12661531513792277712	1.0
16818601000282287504	12742845767375445712	1.0
15114063476564190577	12661531513792277712	1.0
1383088191783522712	768494790211890486	1.0
13788113632379618712	15975935558249611264	1.0
13717943257763160337	13239961345392115712	1.0
12550999885229852573	12661531513792277712	1.0
1234438581126424466	12661531513792277712	1.0
1203468112798309662	13600824497602035712	1.0
10744121033214712927	15776008000306675712	1.0
10357403776728500807	13600824497602035712	1.0
9917218366825442712	12742885375563792384	1.0
9831826354963418315	16629167467113067712	1.0
9500794548899462910	13684429257244147712	1.0
8880720554867975712	17641426382711006642	1.0
8781667677393187329	17560899234889203712	1.0
8605590833117853217	13600824497602035712	1.0
7889608722283892089	13600824497602035712	1.0
7523066501473717381	13028854039117299712	1.0
7520559743853391712	12235682938003390464	1.0
7381862635347623829	15408402823183859712	1.0
7381640070144586322	15408402823183859712	1.0
