9768849169126826387	16055527113095699388	1.0
90984083375047394	17348137021880722387	1.0
8946437294575307387	16480048673078640640	1.0
862947167225911387	12160809463377011152	1.0
7516531562760945318	12740586390968050387	1.0
7469733821075631903	13607602849076978387	1.0
7235241179207747387	12742883210900275200	1.0
6627291968070060842	6999613142110475387	1.0
5136259212024206023	17348137021880722387	1.0
394416223498496387	14038541047282329008	1.0
3172957531048786387	15836323999865896960	1.0
2842274686821367313	17348137021880722387	1.0
1859752687465724387	193273528320	1.0
12212277638395539387	821713522869863209	1.0
12046076729788275609	12740586390968050387	1.0
10223296544545971387	16337277990155105726	1.0
9936113297538354387	15524031477471692716	1.0
9793894752601793387	15982403945088201392	1.0
9320116804950997387	806120339347395156	1.0
77125929030436248	17348137021880722387	1.0
7123381332677192387	12670536389469711568	1.0
6915498914728332141	12740586390968050387	1.0
6632152135206584387	12597590501633599679	1.0
6522588736729100387	15048676746385686528	1.0
6261979144076710136	17348137021880722387	1.0
5667986227859483387	13820087950592957124	1.0
56602733033153387	12590898792334681035	1.0
5209091869900359043	17348137021880722387	1.0
5203121998301620819	17348137021880722387	1.0
5192067242052328943	17348137021880722387	1.0
5135500677920919702	17348137021880722387	1.0
4797303418254895387	16480048677070558922	1.0
4584957171395501387	16266396830609238459	1.0
4300475725767109387	12088122859738686924	1.0
3488384096734850893	17348137021880722387	1.0
17539397628851874387	15119634794436100096	1.0
17439164451759421387	12661531513792291775	1.0
17098545276501844006	12876887234212584387	1.0
15269940725740534939	17348137021880722387	1.0
1423404003432150637	12876887234212584387	1.0
12884414128930012924	13607602849076978387	1.0
12685653485696104771	2235317349982068387	1.0
11369452908888215387	16407405954171142144	1.0
10955881084220892387	15545503246374075082	1.0
10835398207388301387	193273528320	1.0
9955896438943040387	16051672169733685248	1.0
9438448329270755387	14250454410299417040	1.0
8921709650934741387	13814777297019863040	1.0
7782374067937349480	16416731924687474387	1.0
7580346198954862929	12740586390968050387	1.0
