9645562029141335106	13024610018723364864	1.0
924223062340107211	15041150657254706106	1.0
7541904851702145106	2411405549630835067	1.0
6639978965545257106	14608478538832019456	1.0
4834969473541706753	738678782689987106	1.0
4722381287216234309	4783335092312864106	1.0
4586901043533613106	2299409059178901615	1.0
2983305661740946106	17779304015772492240	1.0
2772749726525292106	13526261228233597395	1.0
2363248655291335106	13093075456733741056	1.0
2126655717213634859	15041150657254706106	1.0
17286412948823435106	12519658229925412864	1.0
14881738683921430650	15041150657254706106	1.0
14868227549946943716	15041150657254706106	1.0
14855584162473174620	15041150657254706106	1.0
14552572387457987106	14901810601691971584	1.0
13715237420130268106	14542090997409513472	1.0
13071736917360100106	12594224925600181967	1.0
12080244758735476514	738678782689987106	1.0
12076926007370812257	738678782689987106	1.0
12072703612163853512	738678782689987106	1.0
11900676857973596106	7789427636455449391	1.0
11679931610682542106	14538374708237215434	1.0
10956623306373536106	5836753475233819614	1.0
903198381664439895	738678782689987106	1.0
902555489449603397	738678782689987106	1.0
889381528510460106	768169312700124815	1.0
8623515633757958106	749256569583974029	1.0
8239845209000074106	17496470039639938754	1.0
8228692314976652106	16118645763738697728	1.0
7791625764360941924	15041150657254706106	1.0
7673872831524815452	18066656887440338106	1.0
7357295758476118733	14323131008846780106	1.0
7210199419542788106	13093023745327497216	1.0
7206217508052350106	15831209024528842752	1.0
7123746301450900106	17347239846162202624	1.0
6322917699348793106	16842314441348349952	1.0
6004075175053254106	15042498599139203535	1.0
5364753926552060106	14968267304232015574	1.0
510850176252063106	12446230558499930112	1.0
3130818219572181106	14181535968951717824	1.0
2124697800459478800	15041150657254706106	1.0
1961067333940281542	14323131008846780106	1.0
16855078459186941106	13814724580591335629	1.0
16186958676074783106	829041664834805311	1.0
15390424026894449106	739593992303490958	1.0
14873619280067758857	15041150657254706106	1.0
14095539610941935869	18065300192652017106	1.0
12061647077765507412	738678782689987106	1.0
12053504223380682497	738678782689987106	1.0
