9363655556997095820	17929299414753519306	1.0
9072968855632561820	13894122540026036224	1.0
79883830615655820	17777309520104521728	1.0
7979858233730145820	15982922924540817586	1.0
7246363671441746820	193273528320	1.0
4548667932316816820	6713641982744935305	1.0
3480212216252194820	16626118612440055808	1.0
3138185508157774820	768043246243375449	1.0
17666807447525981820	13675722108091345361	1.0
1624312641523198820	12090710086628846794	1.0
14914644687427889820	16633179610930793402	1.0
14324597595358287447	16696469807381402820	1.0
12875375937344738820	13606757363561267200	1.0
11347962189853760820	18140684944375540425	1.0
11295875725661697820	13093085369518260224	1.0
9539967212813437820	15977581613055785657	1.0
9049619164047723820	16844245256781168640	1.0
868423319274904820	2157043224878439760	1.0
8310058159921545820	12163577978156465340	1.0
7441340089592640820	16623842541766180864	1.0
7217553073502354820	14967082997805757537	1.0
17891987928657960820	15407571699767443456	1.0
16080005372885310820	12309670195530824880	1.0
15575047681775861820	13031157502804616688	1.0
13591541051038392820	15761114049144872151	1.0
12987027364102777820	193273528320	1.0
12465196192955968820	13524795428909929431	1.0
857386034852540820	12160809463377011152	1.0
7247239022973398820	12373263663779199673	1.0
7234720852463271820	12665767798950068224	1.0
6619710595454659820	12955417699571454908	1.0
5527284089863196820	2089776034850842290	1.0
5093854267206623820	737498966989755191	1.0
4416686775899773820	17209914370021130240	1.0
3705269576027992820	12092725521390943435	1.0
3471030413661008820	17058124453344504266	1.0
3217038164260395820	193273528320	1.0
2793077188033279820	15833998580017790976	1.0
17799193128565231820	15693882307142221824	1.0
17506399833355843820	18000012323250503680	1.0
17256591487988586381	16696469807381402820	1.0
17193411054374127038	16696469807381402820	1.0
16070031473384704025	6255807112945443820	1.0
15590583083916317820	12160809463377011152	1.0
15117467770686999820	15046488765491096784	1.0
8518372661596198820	14462969041163124736	1.0
8073314449572311820	18143578691815342080	1.0
8046451902932594820	12160809463377011152	1.0
6571599581000609820	851734309660702884	1.0
6262582024053465820	640069187488156320	1.0
