9842672716801277307	14607414104202149888	1.0
9451047609199307	16698962383061688755	1.0
9290697086683874307	193273528320	1.0
8685401951188177059	14972696081432880307	1.0
8585740198677074307	193273528320	1.0
8432378955679182370	14972696081432880307	1.0
7597879176118060655	13886256598234672307	1.0
6594670477028001150	13886256598234672307	1.0
6317196459296679307	13886238881729404119	1.0
5627365595416757114	12740586390278693307	1.0
4922927220102946307	18208313577066987520	1.0
3289192631709802307	17632677479959232512	1.0
3123691370915206307	16552109409787683280	1.0
250685826270294424	17921696283257519307	1.0
2016484336041246434	12084183342840400307	1.0
1765092048110410858	16912697538045605307	1.0
17244709871624727296	15477463127049680307	1.0
16684836841400372070	14903528059118276307	1.0
16470356861748048673	17993751660267109307	1.0
15621232076761504288	825994742241420307	1.0
15619487860434656700	825994742241420307	1.0
15616132799446770026	825994742241420307	1.0
14848345712398623905	825994742241420307	1.0
14095552676262255307	193273528320	1.0
13054106718339760307	16192328272753778870	1.0
1166735619439456655	825994742241420307	1.0
10411459027796527307	12449845808566632448	1.0
9376216662796826604	14972696081432880307	1.0
8915807409994465254	13886256598234672307	1.0
8912973903979735215	13886256598234672307	1.0
8260062385446651307	13461776836810875829	1.0
8130559191997997307	12159711078275612672	1.0
6826465626791731153	12740586390278693307	1.0
6208895267741333307	15614815322182307539	1.0
2460597754684068962	14972696081432880307	1.0
18007978626262354424	12740586390278693307	1.0
16474094531273629868	17993751660267109307	1.0
16451384582360309919	17993751660267109307	1.0
16338984872798071524	15477463127049680307	1.0
16337894256082806473	15477463127049680307	1.0
16336157637611628921	15477463127049680307	1.0
16334290409076071110	15477463127049680307	1.0
15627654788029104168	14972696081432880307	1.0
14760290125524120208	825994742241420307	1.0
14757106846082517036	825994742241420307	1.0
12455527736894118675	14972696081432880307	1.0
1164320975928091380	14972696081432880307	1.0
10784160795499458631	13886256598234672307	1.0
10262907966443069257	14972696081432880307	1.0
10093358536027715582	14972696081432880307	1.0
