9097096634293804309	193273528320	1.0
7394325564503655309	15474637502438753653	1.0
7251231458424609309	13886238881729404119	1.0
7020766492750782309	13679362628889591223	1.0
6397424554291935309	12228100636490319830	1.0
6186562735028311309	14250454410299417040	1.0
6048632098196194309	12375516640685588480	1.0
3475175989089116309	817356304392370082	1.0
15450933441731423309	749729295187355251	1.0
14872297589842480309	15545503246374075082	1.0
14861011880209610309	16633179610930793402	1.0
10893985456580702309	16916874523851153328	1.0
10847152135921342309	15477432314954252288	1.0
9074465128850909309	13099741855862489088	1.0
8937315261045280309	13244479230080754359	1.0
7373719948528614309	13165946723735961600	1.0
7206704273851621309	13093085373053841110	1.0
6785004652824560309	14607414108124982718	1.0
5334855267321129309	2465307253291352137	1.0
5025612752766938309	5798406956304673006	1.0
4970192181203008309	14321160680021950464	1.0
4383022386477142309	16845666928365904336	1.0
3636909906955202309	16338751262721835008	1.0
2465993523457683309	13099741855862489088	1.0
227146183186816911	16550937291736207309	1.0
16893853677468949309	746989939051078774	1.0
12691286567207057309	17564867423893454848	1.0
12301452569510230309	12088122859738686924	1.0
12251627373334675309	13099741855862489088	1.0
12143359909743755309	14535864475946319872	1.0
11751947754710893309	13093022740305149952	1.0
10735686486139026309	13886238881729404119	1.0
9942038059497569309	17203745852091269120	1.0
8755522730525827309	17706986906707606982	1.0
761098434171863309	14758828954269841868	1.0
7195995155047992309	18360549779500433408	1.0
5968229837472713309	16550995485494607872	1.0
5856786027753787309	12378676503435066804	1.0
5345895012162455309	16415537890630616766	1.0
247072102227790309	12738941543319140538	1.0
210540690178160187	2072106251628924309	1.0
17210632567295561309	13958581327600025600	1.0
16190625002377656309	660416012886808393	1.0
15601997505013484309	12160809463377011152	1.0
15449637826082355877	677596530782206309	1.0
15006836464858429309	8031420568096663566	1.0
14587462758169632309	2245754941722921100	1.0
14270203484454064821	12668055890864815309	1.0
1345817901195082309	13103137070459710933	1.0
12814104751410567483	18141529202141231309	1.0
