9766661032479973186	18067222170521567232	1.0
7977304596412473186	12092665002030380490	1.0
7275044870771925137	12519658234081290186	1.0
7165973796976537900	12519658234081290186	1.0
6854381046367007186	17560877227305725132	1.0
6759669278850868186	13102368597731180544	1.0
550050909903606828	15477389481245461186	1.0
527927378630256458	15477389481245461186	1.0
4643631774118801586	15477389481245461186	1.0
4574598788218269186	15111796404861510096	1.0
4319308352385773186	193273528320	1.0
3971592531969118186	17420986392380236208	1.0
3481467368833710186	17058124453344504266	1.0
1974672075797254186	15833159558156517376	1.0
18318592451349215427	12519658234081290186	1.0
18316345762557837564	12519658234081290186	1.0
17661383318660166186	14323039731683940042	1.0
15682968127586723186	14894146936926896128	1.0
11172686420480482186	12378665543203346635	1.0
9421093148006372186	14250454410299417040	1.0
7380885497903247620	15477389481245461186	1.0
7376083105823163508	15477389481245461186	1.0
7295153265631754816	15477389481245461186	1.0
6961106597929533000	12519658234081290186	1.0
6431286045626882887	15477389481245461186	1.0
6021419991086600186	12875972426792676799	1.0
5748787108327842364	15477389481245461186	1.0
538758371375970325	15477389481245461186	1.0
4130405124081544360	17130272172976171186	1.0
404014638046239186	15119634794436100096	1.0
3796636497806634984	15477389481245461186	1.0
3646777259909591214	15833756571407210186	1.0
3555439924539593186	13101749430950821888	1.0
2482295304437072045	12519658234081290186	1.0
17868502766710475330	15477389481245461186	1.0
17017976551394151129	15477389481245461186	1.0
14045956159018170186	14612118987471897548	1.0
1179876323222200186	12016118149596693437	1.0
11048011895835148186	17281335222272524288	1.0
10962673360772138186	18072065386097934336	1.0
10755919466814854186	12375516640685588480	1.0
1062658829236268186	13173813660713281714	1.0
10404855881127820812	12519658234081290186	1.0
10402126806947516085	12519658234081290186	1.0
10386939695107996538	12519658234081290186	1.0
9903631642053594452	12519658234081290186	1.0
9593074587934661363	12519658234081290186	1.0
9030857466824924528	12519658234081290186	1.0
7389826526956393186	16552109409787683280	1.0
7038328545591965186	15975093302278027963	1.0
