9957280842797506695	14327824768369359561	1.0
9957280842797506695	14033471206997141427	1.0
8866602855759736695	15558231082267574272	1.0
863085954772257695	12160809463377011152	1.0
8596443347522441695	16123915576941740032	1.0
8441413513852183695	14895929344059768832	1.0
8131298341698557695	12160809463377011152	1.0
6807619533220135599	14320569111892052695	1.0
6708719535047411695	13099741855862489088	1.0
6309125309396837695	13099741855862489088	1.0
5925327861570107695	14612182789211029504	1.0
5308221448144500695	16123915576941740032	1.0
4743541869538972695	17857334304246333440	1.0
384994907807855695	16842253933849083904	1.0
2931983165685041695	18067270441186342578	1.0
2785678213440259695	12591434334990888140	1.0
17230075931388157695	14538374708237215434	1.0
15915074000765710695	14391752590700372947	1.0
14908548248967279695	12092676095996915662	1.0
11675209870155104695	17199466702266235577	1.0
11664590163414331695	12742883210900275200	1.0
10654569916926184854	15264890176070015695	1.0
10373899465108419196	14320569111892052695	1.0
8757041455577528695	16270348574183705522	1.0
8515090993098290695	11724231794001641143	1.0
8267239709470907695	17203745855458700982	1.0
7260181696663205695	12373263663779199673	1.0
7248363694455743695	12373263663779199673	1.0
3096800214380376695	17200559467393974272	1.0
2501623507555440544	821412145261244695	1.0
17676836986263278695	12660969671940374528	1.0
13710279190066709695	2153860967129464645	1.0
13050369493567381828	16633180767035380695	1.0
13002978694466139695	18355797716014989312	1.0
12653947701061227695	13102376307197476864	1.0
11335024008267647164	16194012797581973695	1.0
8174617178989799695	17420986391810057167	1.0
7212481025997713695	15617336501971964088	1.0
6664084592259746695	18071169399980093624	1.0
5108383463208495695	17561756785239456204	1.0
4446939196668173695	12591434334990888140	1.0
4417648500322708695	841026346179473116	1.0
3844401588335172695	12308819079933773772	1.0
3823006460854660695	15975084484710105088	1.0
3226177609159146612	15545503243038666695	1.0
17744542774019005695	16123924377329780690	1.0
16599242179310185695	14177027977069461504	1.0
15850597236406647139	14320569111892052695	1.0
13061440572042457695	193273528320	1.0
11541763126248247695	13678744562996397497	1.0
