9440645278918679451	17995227154157183412	1.0
8376180116367870412	14245689085199908864	1.0
7846539368722089412	14109493716821202634	1.0
7466597647936791412	16055527109040275456	1.0
7092799398873829412	15764274025099952128	1.0
557851393601336595	16055527112794100412	1.0
5570538711426761324	17995227154157183412	1.0
551814610899236934	16055527112794100412	1.0
5314316386277411870	13820368244943671412	1.0
3475990400777772344	17995227154157183412	1.0
3022912691221901412	13820414420121084863	1.0
18064256527851426580	17995227154157183412	1.0
18060428470697960412	18066655896263503291	1.0
14903498499792653412	16633179610930793402	1.0
13261689935529018533	17995227154157183412	1.0
12066130357768069410	17995227154157183412	1.0
11905858626820632477	12157442775700927412	1.0
10704802954162702760	17995227154157183412	1.0
9238500753544223386	17995227154157183412	1.0
9232397626519860490	17995227154157183412	1.0
878335403746786412	12160809463377011152	1.0
8545448341653146412	15481121291082573243	1.0
8539017779209636048	12953134001912083412	1.0
8125720348528565412	13679390006475489280	1.0
7946429850239015632	17995227154157183412	1.0
7298803427708177412	17711787332987781120	1.0
7203829733896327412	13093085369518260224	1.0
5577427564174059838	17995227154157183412	1.0
5333724781065843310	13820368244943671412	1.0
4677159286581013938	17995227154157183412	1.0
4047452659032909448	17995227154157183412	1.0
347024523693759412	12519658233579290561	1.0
3374777582384826032	17995227154157183412	1.0
3089972214542554566	17995227154157183412	1.0
1857167706496957751	17995227154157183412	1.0
18191422340539098944	12157442775700927412	1.0
18077727448094391929	17995227154157183412	1.0
17962901194589124412	13746372246249668608	1.0
1644305352108592917	17995227154157183412	1.0
15429634675060423412	18141608457172744397	1.0
15118960618395402412	12309737262337228800	1.0
13337281280446732412	17711180431389483205	1.0
12609154736469073412	12591434335526900951	1.0
1062921588173888374	17995227154157183412	1.0
10385211859325820196	17995227154157183412	1.0
9430041558625514523	17995227154157183412	1.0
9307204689227858412	11725070833280876544	1.0
8865073923890271412	18137395158679814144	1.0
8458750487658433412	15046488765491096784	1.0
7999817702449373412	13528477620336852992	1.0
