9945763093515177894	14108836248734924800	1.0
8416611250889100894	17632677479959232512	1.0
8405165802829282894	17632677479959232512	1.0
7922257541984338894	17853313231309826506	1.0
767193452170849894	753971653279148047	1.0
7299503517868562192	694668403235813894	1.0
7040220802747343894	13632455664737832168	1.0
6854771901212429894	193273528320	1.0
5253130331390964701	16122555424264595894	1.0
4960448982960763596	14535847957144647894	1.0
4306776320828987894	193273528320	1.0
3948063507647218894	13886848123852029952	1.0
3649768553029798894	13674866568394236144	1.0
3475457940826624747	628377059112693894	1.0
3462856828746028450	628377059112693894	1.0
3461294509537860387	11869773057486791894	1.0
2557039966023445716	628377059112693894	1.0
1946662630268646721	14535847957144647894	1.0
17925247749403877191	16122555424264595894	1.0
17162235581988269894	15542103402761731529	1.0
15510315622542874535	11949995679966289894	1.0
15494521151957813894	11949979157578770882	1.0
13041588182219674894	16629167463694598195	1.0
10723914285726766894	13670579654161858560	1.0
10181281985158407233	14535847957144647894	1.0
9268299120487109894	15192243333621067440	1.0
870765278988878894	12160809463377011152	1.0
8115164967225501894	12158520242620264905	1.0
7391584653836137894	17641070108048668094	1.0
7372222585529702894	12160809463377011152	1.0
7250070318372941894	12814912269175488512	1.0
6437978811609542737	14535847957144647894	1.0
5588269638434177894	193273528320	1.0
5246067094482769970	16122555424264595894	1.0
5240938033571585234	694668403235813894	1.0
4500245831259139453	16122555424264595894	1.0
3488219766157465262	628377059112693894	1.0
3482715546470468894	13679362626058977280	1.0
3469841287431665311	628377059112693894	1.0
3064537747466931161	16122555424264595894	1.0
18094232385042214096	694668403235813894	1.0
18083290938779470099	694668403235813894	1.0
18073612710971654133	694668403235813894	1.0
16396117084337278894	193273528320	1.0
15758352056538112894	746816066141816405	1.0
14968573530619552894	14173577699697022678	1.0
13703108655547645894	14109426574809945047	1.0
13423664922347977894	16127333876296769464	1.0
115823325721908894	18141056433616060416	1.0
10539016253180331894	14607414104202149888	1.0
