9208402411272426500	17926250386058623934	1.0
8073804960324251363	17705242047641869500	1.0
730656720897633500	12016105005468068543	1.0
629699436880257401	14178918007492887500	1.0
613838719536539363	14178918007492887500	1.0
5342773591962652500	193273528320	1.0
3926546832101526500	16842314445271248336	1.0
3489035045462051500	16845678912569658569	1.0
305858134770254500	14178955352233540532	1.0
2195829361459614500	2171475353169425841	1.0
15603526938680675500	12160809463377011152	1.0
11392414951706679921	15615638804851896500	1.0
10530835042386367500	12595369453857844667	1.0
10285941220334720500	808781388732640605	1.0
10217147053370365500	16337277990155105726	1.0
8078270945964330500	16480048676196578741	1.0
8065365233468080500	13382419582329869036	1.0
7752734099980617500	13814777297019863040	1.0
7517552540886972500	12016118145338048512	1.0
7194547940126555500	13093085369518260224	1.0
7141716466393752500	16842314441348401584	1.0
3474695611101240500	14248727057302353862	1.0
16596004885321145427	13814721174682252500	1.0
1066078989850190500	12157442772902608896	1.0
10625889489085283500	16912611716192595663	1.0
9449263416190845500	12160809463377011152	1.0
857896659240705500	17134444848471915725	1.0
8392897877313578500	17632677479959232512	1.0
8037714018897811500	16629167463694598144	1.0
7891292481399315500	17058168330730340352	1.0
7233498650776222500	13099741855862489088	1.0
5831280301272661500	877025984689595128	1.0
4020569701050901500	16122579567234777088	1.0
3468819385864335500	11796003553909197746	1.0
2786615632508096500	16709459330377711616	1.0
273927896532615500	14037356911913861120	1.0
1574157841435386500	17347288198480833460	1.0
15587880385518859500	2157043224878439760	1.0
13402967304892549500	14321375011687485653	1.0
13165022463361497500	17637219536723771392	1.0
10961044593204847500	11651932342003433472	1.0
10652267721115302500	14038476274880479232	1.0
8734059012343894500	875874357786010904	1.0
7384455455520279500	15047849870691978177	1.0
633786009551588500	13031157502804616688	1.0
3927007562187789500	795906528878513979	1.0
18053051416912873500	13093007345964265163	1.0
16190388220316324500	13101732954093628631	1.0
15571424126250709500	16845678912569658569	1.0
15127614463471744500	813358282587290120	1.0
