9335795004267946580	14321160683608791227	1.0
7851953122237948580	14678020441675661312	1.0
6965604601510899580	13894122543311475127	1.0
6488647510996011580	13679111941614337480	1.0
6326248034108041580	15398322620839493632	1.0
4425866550841283580	841026346179473116	1.0
3064295731358956580	12308865237947300305	1.0
2668573568804792580	13675730831693699011	1.0
2344654306657291580	12160809463377011152	1.0
19083040166020580	18208313577066987520	1.0
17675206381665002580	721752539512914925	1.0
17236328583777102580	2240789911598089530	1.0
15201139913662745742	15551735277743174580	1.0
14658479221893518580	12308840020949311952	1.0
14078639779055631580	193273528320	1.0
13465638621500432580	14250471930715963392	1.0
13408997962331871580	16629167463694598144	1.0
13396899487718136580	193273528320	1.0
12869727209086952580	17706652721060249600	1.0
11674229285543553580	11869756666781411764	1.0
9021811758837459128	15693897634986587580	1.0
8882630796468732075	15693897634986587580	1.0
8452881480726817580	16337300001862508227	1.0
7915740817808623580	12525841784535777280	1.0
761703167463439580	13098389434713432507	1.0
7535936639747127580	15451973883438553030	1.0
7264489922879703580	13678744561840267728	1.0
548510965475148580	17347239846162202624	1.0
5228080978415149361	14110821940055227580	1.0
18430150285361484580	17347295921255219200	1.0
11687841230788883580	14678310631053578453	1.0
10691764279503153580	13886848123852029952	1.0
9784745109891243580	17858941652807235026	1.0
9692092500693199580	2151154734856804401	1.0
8250090635765285580	17634674145830691040	1.0
7189969132320056850	15264092016527589580	1.0
6694762129190854410	15264092016527589580	1.0
6472230273632835438	15264092016527589580	1.0
5401905396676401444	6977308014846214580	1.0
5227265505871742617	14110821940055227580	1.0
4582837918576967580	13099741855862489088	1.0
2253926978483921861	11867471804543259580	1.0
1855533797026206580	643441137432440335	1.0
18316369810060460329	15693897634986587580	1.0
1756932288639022210	6461619628651429580	1.0
16339505017390198580	16123915576941740032	1.0
16069964014130630580	12730220633712677884	1.0
12487466022542170580	16629167463694598144	1.0
1065585518026931580	15185288861438432983	1.0
10288015368911624580	193273528320	1.0
