9931068972064000755	13526261228233555968	1.0
9430626770129356755	14610798435352182784	1.0
7714584981931783755	193273528320	1.0
7677607284629838361	13167629031400333755	1.0
7290854050671088755	712401185116767005	1.0
6736314868784348755	855107254628873984	1.0
4699875304772162755	15769059099704079795	1.0
401866351965943755	18137377497774292992	1.0
3983599214426869755	12525880220198109184	1.0
23191829203607287	16698962383061688755	1.0
18378021262948157	16698962383061688755	1.0
16083072104083411755	4173076784672406704	1.0
15570204836092479755	14101576199226523648	1.0
14878436979293675755	16633179610930793402	1.0
11668722338548809755	193273528320	1.0
11371535744445600713	6055195102432071755	1.0
11348542224575082181	6055195102432071755	1.0
11140748157399477755	18067270497204168893	1.0
10282030656917701187	16698962383061688755	1.0
10120725079918022755	12886723602014403003	1.0
9784006348325873	16698962383061688755	1.0
8868669460012107755	14110839554625808575	1.0
7239787400706470755	12373263663779199673	1.0
7235869197935617755	13099741855862489088	1.0
7006318721946987818	13167629031400333755	1.0
6985580017000959159	13167629031400333755	1.0
6830471976586388899	13167629031400333755	1.0
6325653400208037755	16700729173693431808	1.0
3999146006645739755	663917884036033533	1.0
3928663207354775755	13097019340518064128	1.0
337752679032613349	737393233914470755	1.0
3178205622353224755	14038481789618551483	1.0
2943614450908970755	14684199618585209028	1.0
2055064576637708755	854083519149881882	1.0
18982937329990093	16698962383061688755	1.0
1896168724962838755	17202618942867165884	1.0
10285471118989106008	16698962383061688755	1.0
10278523691562893028	16698962383061688755	1.0
8346270272905190964	6751052956506258755	1.0
4743692139668411755	14894146936926896128	1.0
4628866287968800755	13093007342847457979	1.0
358137676185568938	737393233914470755	1.0
349604559717910089	737393233914470755	1.0
3132131269608088755	15982922924021637847	1.0
3023219698817036755	16415537890630616766	1.0
253775153016468755	17209849335626334208	1.0
2465425676465036687	16480880762862754755	1.0
21085242259714334	16698962383061688755	1.0
1899228991158373755	193273528320	1.0
1674214810283489	16698962383061688755	1.0
