9928124763213702367	11940975341785039031	1.0
9560808383838603836	2135197908639020367	1.0
7813558040516260367	17064126695910408192	1.0
7762979636900312367	13099741855862489088	1.0
7670428391116787367	17712054479953592320	1.0
7288851744798065367	15831812738016915143	1.0
5833655996336699367	16550919649257062400	1.0
3479358453999570367	14750358316689391616	1.0
3029410176461576367	16342930599647171276	1.0
2993687585593095367	12160809463377011152	1.0
18132337376711052367	798719621074115149	1.0
17959286637863518877	14538980560618972367	1.0
17433306549784575367	17711180428339095505	1.0
16430022256856862920	18067270493198673367	1.0
1634841426671272367	18066750418340526792	1.0
15295323639723235367	12661562166973871539	1.0
1325420415329090367	12591434334990888140	1.0
12167121417014765367	17203745852091269120	1.0
11015092866686025367	17134404090428653568	1.0
9563398081664418026	2135197908639020367	1.0
9550251272582817310	2135197908639020367	1.0
8868487404943143367	14110839558848686271	1.0
7218264152641360367	14756544121862619136	1.0
5362220858025247367	16844207894860716730	1.0
4231269782308795367	18298967181200719872	1.0
402161299493914367	13098389434713432507	1.0
2426675030922852367	7727176586931911016	1.0
15434997450410411367	15617336501971964088	1.0
13130321468691869759	14538980560618972367	1.0
12364249999467532367	13099741855862489088	1.0
11751686709894784871	13814695911684625367	1.0
9428641007657041367	16552109409787683280	1.0
9059691147030046964	16480048676632784367	1.0
8299717323192863367	12661531516574082235	1.0
8066137321024675367	14250454410299417040	1.0
5879234215122992367	770512212409611402	1.0
5796306213125202367	14970462905139515831	1.0
3879505712764006367	15119634794436100096	1.0
1904057011271205367	11802204790899923165	1.0
17955262832851823367	13997242980996950817	1.0
12332768013217608367	12018686513094522839	1.0
11763469153944818503	13814695911684625367	1.0
11323333901492357477	14538980560618972367	1.0
9615659575214696367	14468082874038935501	1.0
9585701189650896367	14321144152681675444	1.0
7708199906987774367	14895908413606524867	1.0
7648358517346460367	14325640171997888512	1.0
5578824892115431367	12955066947648669374	1.0
5335112015860256904	14538980560618972367	1.0
3868651433073770367	14320219523838377984	1.0
