8611965512645888259	16118571946135781376	1.0
7691222146084090259	12308865237947300305	1.0
5708048572446011259	16846777387913963721	1.0
507681564144772259	15622053368573240505	1.0
494280355580441259	193273528320	1.0
3077817062132530259	12952044389324679093	1.0
17549333779522444259	17199456807315699635	1.0
17518680553371817259	193273528320	1.0
17348226659007100259	13093023745327497216	1.0
14473721870365474259	16415537890630616766	1.0
12218627380820648259	13244482571565268992	1.0
12017330841020436259	13814694769223270400	1.0
10583319563059702259	15331049937086838741	1.0
7576738117722488259	13532750429896572928	1.0
6233679516740591259	13313132756633311152	1.0
5974685044123906259	17779304015772492240	1.0
578014591752369259	13028266869843296256	1.0
5590205440359103259	14182085593118277632	1.0
4575741438586884259	2299409059178901615	1.0
4043476230226924566	2238106347101009259	1.0
3970074560953060259	13385160737832348880	1.0
2747378843104820259	820831186401582256	1.0
18366491657277393259	17636908460832456704	1.0
13331364030924036259	2444558592122900197	1.0
12189184730109338259	12661531513792277712	1.0
12175323258523632259	15404838266616152064	1.0
8879928468220465008	776327748810454259	1.0
8297868786445327259	12661531516574082235	1.0
8275965124593240259	14110839554625808575	1.0
7376792851653638259	13099741855862489088	1.0
7200360577075583259	2162109825084160289	1.0
4588073561080377259	2299409059178901615	1.0
4017277818691632259	13099741855862489088	1.0
3561354614627248259	13886247716025919690	1.0
3510235320901192259	2141737962072381198	1.0
16645843847731934259	7007464543531750401	1.0
15609191025520741259	12160809463377011152	1.0
14833812087569833259	12446230562589036471	1.0
14336033457701778259	12159108593077645489	1.0
14050279180965359259	193273528320	1.0
137854063879234259	13103137073257559216	1.0
10287629308167983259	14392561930042605568	1.0
10234978808819026651	2238106347101009259	1.0
9169974756411166259	708142982000251649	1.0
9077541098477803259	193273528320	1.0
9035502896114350259	11873447900224684032	1.0
8908725080078682259	17057936312302043136	1.0
8876556698786582259	13308612815392915391	1.0
7928546640202917479	15048485356868579259	1.0
7877386832799163259	768188227731534130	1.0
