9915463003230740241	17275992646917664189	1.0
872582088847690241	15111796404861510096	1.0
82729700507248241	14109479402907682485	1.0
8126316644600668241	13997242980996950817	1.0
7657871316084447241	13741022107323310544	1.0
6689901386330816241	15047849870691978177	1.0
4792581490927171241	14606488375541104640	1.0
3924294877671244241	18071160500913176576	1.0
3725839438210314241	17922625387762810880	1.0
16870090137458414241	16120906256566190080	1.0
16203248211454200241	18137377497774292992	1.0
16203248211454200241	17203745852091269120	1.0
16016708388864463241	2393442004252628257	1.0
15840154296396359241	15908053985436873940	1.0
15699661282093720241	706124510565112052	1.0
13837641343485940241	13526261228233597395	1.0
11866834916056659241	12084262469040926415	1.0
11277213066088059241	13093085373204837821	1.0
8755474020525953241	14972690510357382356	1.0
7992348707010987241	803148970512311427	1.0
7339221251059454241	14325640171997888512	1.0
4751179905507343241	14903470829890225613	1.0
3668584822694959241	15618449130802706374	1.0
2766585025873353241	16709459330377711616	1.0
1904011772442443241	11949979153673021890	1.0
1892272128768220241	684260039459779784	1.0
17974549219201729193	15114269242117111241	1.0
17919663168139977241	16127373485176564673	1.0
17240687832235758241	13093000638403500981	1.0
16868533903264784241	15046488765491096784	1.0
14477583338150365241	14903491759110407885	1.0
9146989486625025241	13167645394655111093	1.0
8772114105710620241	14756544121862619136	1.0
8470257422374334241	712187325142234632	1.0
7419622515229073241	193273528320	1.0
7237223051923382241	12742885375563792384	1.0
7234658655636358241	12741778223189196800	1.0
4470879508206691141	12738343360722029241	1.0
4053572284564248241	13670642274785034240	1.0
2133028958535112241	12595437662233492155	1.0
18159692259818425241	193273528320	1.0
14321046941994253186	12668055890529592241	1.0
13500936419146151241	13099741859112469716	1.0
11845628194100010241	13386036975585198080	1.0
98855078156833241	15761992562980543436	1.0
8636249676205147241	12519150152474165248	1.0
8527771285044660241	13099741855862489088	1.0
8441003447428867241	16194352477955472082	1.0
8254392476676991919	12166422535906327241	1.0
7366600365928052241	12160809463377011152	1.0
