9549849230395362393	16842847798977101824	1.0
9442243186321686218	11798793109398093824	1.0
9428923818403364824	13099741855862489088	1.0
8854639171712010775	17131057284407885824	1.0
8239894936852662583	16842847798977101824	1.0
7399546505354663779	13820957664764493824	1.0
7385584945290474506	13820957664764493824	1.0
7381606852813004560	14898981571158605824	1.0
7373077550345241574	14898981571158605824	1.0
6837527837373928296	12018676644471373824	1.0
6831781927899860824	18067270493198614528	1.0
6818954637749084288	12018676644471373824	1.0
6568264753948947824	17277149269836478423	1.0
6350310823360933940	13242499121308237824	1.0
6179839672099656065	11798793109398093824	1.0
6004267827399749824	17921129987524526080	1.0
3482030731057640060	15548312443707981824	1.0
3028562100943188824	193273528320	1.0
2994532341004070824	12595367207589967814	1.0
2413516364105244635	13820957664764493824	1.0
18370382260590531824	13093013845427879936	1.0
17864346483704675824	14108836248734924800	1.0
17559765802215475999	16339593596002893824	1.0
16772596282671296824	12742885375563792384	1.0
16468789954548557576	15548312443707981824	1.0
13339266259655461824	17711180431505730241	1.0
13212049915764763824	11725036787075121152	1.0
12840455141807070308	16559433163496015824	1.0
1262445775595050952	7159629375360841824	1.0
11362651458744704824	15044751514316298188	1.0
10337992066002985824	14109436470414582486	1.0
9232338704641614824	14535827191335223296	1.0
9079113982641536824	17921129987524526080	1.0
8670645689385901678	13093056807985741824	1.0
8339173135374984824	17854179547688206336	1.0
7843403609171336824	16629167463694598144	1.0
7550316350439475824	12446211965586505728	1.0
7407214383585996824	18208245463180640256	1.0
6127840814896553824	2132326709572031554	1.0
5265821650908233319	15693882307142221824	1.0
4896675164172919824	14327873284408868864	1.0
471898976282121730	11798793109398093824	1.0
3831750302551767824	15405319861299052544	1.0
3588878011441531535	15693882307142221824	1.0
3499040308452555671	17497517852746317824	1.0
3478258603096187069	15548312443707981824	1.0
3476844656872360418	15548312443707981824	1.0
2910004036605125206	15548312443707981824	1.0
225020112767398824	193273528320	1.0
2019003374267375529	11798793109398093824	1.0
