8876275541393667573	17347289315595580618	1.0
883357405995654573	15111796404861510096	1.0
7688160704389340573	11651896049529782272	1.0
7221512432177906573	13093085369518260224	1.0
6691285863438938573	6776099741017235513	1.0
613930911047165910	13534096180589413573	1.0
5619810803740150162	16412435016401339573	1.0
4107048086014114573	193273528320	1.0
2779808422579725573	14321375011687485653	1.0
2196806350129674573	193273528320	1.0
17983099001032241573	16697012936060698624	1.0
15759099874538232943	16412435016401339573	1.0
11813513725702009573	13099741855862489088	1.0
10833064013691393573	17203745852091269120	1.0
8344124030639715573	14038476274880479232	1.0
321169419508241573	12738941543319140538	1.0
3077952277628342508	677505120257869573	1.0
3006588234935289415	677505120257869573	1.0
3001524803444600946	677505120257869573	1.0
17913641446387560573	16122555424262908105	1.0
17162518050108572573	12159703364514349056	1.0
12519766871904233573	11873447903493288884	1.0
12466437357462590573	17203725000025047040	1.0
11590936276216461069	13818432132940943573	1.0
9475606115686395573	14606488375541104640	1.0
9430275517704312573	14250454410299417040	1.0
5865817312538691715	13167383738188880573	1.0
499045484318618573	13241674474702503936	1.0
3001709585835066929	677505120257869573	1.0
17535559869249431573	15047849870691978177	1.0
17168145867056434573	12810147990648837815	1.0
15463468763645668573	13894122540026036224	1.0
15430541516311591424	16412435016401339573	1.0
1260374931697062850	710198695466571573	1.0
11881135079377040573	14970469523684065280	1.0
108914497015994573	14119547635178194155	1.0
10792885998097083573	11725036787075121152	1.0
10545081608992980573	16194352477955481796	1.0
10487929352969111668	16412435016401339573	1.0
10235248283083732573	18067270493198664134	1.0
919364733185855573	738678782689987106	1.0
8517955521497241573	13093013845427879936	1.0
6923506978678798573	16118645763738697728	1.0
6851455997481200573	193273528320	1.0
6650539929718349573	12597590501633599679	1.0
3095955196818225573	12811238680568004608	1.0
3002723696287819761	677505120257869573	1.0
2999182882245337025	677505120257869573	1.0
2010838006318369573	15045044998104654288	1.0
13596997488135350361	16412435016401339573	1.0
