9066802827968171661	17058124453344504266	1.0
8246352768184782661	15762531419429065687	1.0
8212381333670636661	2243338781921564967	1.0
7540864545379097661	13093007345964265163	1.0
6513048740275949661	14823869430739501056	1.0
6430228336918811661	193273528320	1.0
3659161067138244661	16118645766569311671	1.0
2015918116878016661	7882455404527996935	1.0
17528568835106909661	193273528320	1.0
17027593915201945661	12810147989692986826	1.0
16771139398250676661	16192328272753778870	1.0
16721225560569012305	6681144666593630661	1.0
1404995906807689661	15547492185028216502	1.0
12472078980110441661	12660969671940374528	1.0
12263740905567261661	16480048673078640640	1.0
11385965963410089661	16337270254176417978	1.0
862227584123275661	12160809463377011152	1.0
8519569759220790661	14825798180293050368	1.0
8503288444218564661	13099741855862489088	1.0
7241618216460840661	16846484944787079168	1.0
7232684299220183661	11725037830752174080	1.0
5697949621506157661	16416736323945161935	1.0
5604550717066831661	11876267958571430858	1.0
4647266456695736661	193273528320	1.0
14702640504728699661	16118645763738697728	1.0
14348328583119712661	18137395162047246006	1.0
13253050695067492661	15766183863912497152	1.0
11973779558342636661	13101732951161307136	1.0
10979045668777892661	12733266847844007936	1.0
10237195665318884661	18211637507785811399	1.0
96623443238369661	814475425162052512	1.0
9158427800596147661	11651602475630198784	1.0
8482492250546296661	16919378176252111060	1.0
7972161243530300396	15046488768541534661	1.0
7878794447525672289	13965063000148926661	1.0
7667865164121765661	12157442772902608896	1.0
7252584255892860357	15266029785526942661	1.0
6748791078266309925	15266029785526942661	1.0
6744168937429331477	15266029785526942661	1.0
6656381789583312661	18137299514053099520	1.0
6433631226635855661	14755387491464773632	1.0
6321130889864847863	12089055254188979661	1.0
1969022398301504661	2110592599261148609	1.0
18308266886145218661	17926219540950198993	1.0
18013627465720502661	13604204331921364931	1.0
15359569829297343661	12595433221237290419	1.0
15204195265864091661	18209415356437495808	1.0
11757578641536629661	13093075456733741056	1.0
9576862210583031661	14680254609755787980	1.0
9304158924235908661	15621760859825550273	1.0
