8326903269418748012	14391434917739297228	1.0
6202284035800512012	13675102967689175224	1.0
4436222832940531012	15614777925529412822	1.0
3662605700572351859	17279964144157646012	1.0
357680629968496012	15626826365729294776	1.0
3255182946849032061	17279964144157646012	1.0
2550573030274281012	16118620217273221120	1.0
17880466797511610012	12740586389810374864	1.0
17615147888638520712	17279964144157646012	1.0
17575139301496309764	17279964144157646012	1.0
17243788733691060939	17279964144157646012	1.0
16807493879799327012	16055527109040275456	1.0
14622978595647971012	13389754557542694912	1.0
14048900793457568575	14320576865117453012	1.0
12602548599955039012	14616107915544931257	1.0
11516222778587064012	15480771548947738050	1.0
11388812006709963012	13241089491566854144	1.0
8791811200889413012	193273528320	1.0
8463218628280385660	17639175589144878012	1.0
7137577397865932012	16842314445271248336	1.0
6842619198984850579	14320576865117453012	1.0
2635454345157501943	17279964144157646012	1.0
224535494145544012	15692747512358109184	1.0
2049811201633011012	12594224925600181967	1.0
17547964481884974064	17279964144157646012	1.0
17540793664531835760	17279964144157646012	1.0
17490266853925400012	16053261960468291267	1.0
1687982783600973012	768494790211890486	1.0
13759311484487534012	18071183659376890839	1.0
13610457379503158012	825994742241420307	1.0
13328785002843258594	14320576865117453012	1.0
12397508693494845012	12227809239385486528	1.0
11965393051740144012	14756555270721360828	1.0
1101070363519142536	17279964144157646012	1.0
9685303541707641012	15832880298388008906	1.0
8421967455866594012	13169032966975782912	1.0
810705096159692012	6977865016006924793	1.0
7789024354457445012	18280627421738696704	1.0
7274317813120637012	12741501175078822352	1.0
6893176552356754339	675409627472629012	1.0
6881130973008422076	13819203869978457012	1.0
5902904399940004535	17279964144157646012	1.0
4899029421620680012	13886279667750535168	1.0
3953799760737508012	193273528320	1.0
3652102632843195161	17279964144157646012	1.0
18216261056580290012	15985231907112988862	1.0
17918153465051839637	17279964144157646012	1.0
17907977459170332278	17279964144157646012	1.0
17004273498063555012	12234265590205775872	1.0
16884953826260403012	13886247716025919690	1.0
