8793193723842042434	12660969671940374528	1.0
872599496309539434	12160809463377011152	1.0
7868827216510288434	11658107302384238592	1.0
7609070034179175434	16341491314417729536	1.0
7424125142900642434	16054761823177539584	1.0
7235128346011439303	14538374708237215434	1.0
6422456009849891434	844602163584433090	1.0
3662642577147046434	16192328272753778870	1.0
339670188705247434	13889294644598077382	1.0
2455520981410520434	11869713820991675577	1.0
18327620536779956434	13173813660713281714	1.0
14086416962936570473	14538374708237215434	1.0
11331971279228929434	13093085369518260224	1.0
10900271198039952434	17711785159734329344	1.0
10761647003942082434	16118620217273221120	1.0
9882540865806065434	18067270496130936023	1.0
9021589675263523434	14247082217547553476	1.0
8854141574479083434	13959707149859158226	1.0
7245492871058249479	14538374708237215434	1.0
68324989639038434	2232215532558527958	1.0
6670439737831709434	13679355977449603072	1.0
5193178579268407021	18002503812132820434	1.0
4203473435544408434	18142394659526148096	1.0
3210958022851705434	14538368053987625431	1.0
15103884779833266139	14971309678591722434	1.0
12985374314886259434	12376439062221815808	1.0
12882592148089383444	14538374708237215434	1.0
10744090753664210321	14538374708237215434	1.0
10741686972170021650	14538374708237215434	1.0
7546182921496705434	12237090218397663232	1.0
5217191107296207434	18066750418340526792	1.0
520321429955933344	17929299414753524434	1.0
4368110579563352434	12375516640685588480	1.0
4314447483977894434	13820414423942027972	1.0
235453079847813434	17347257524247592960	1.0
17005913918444423434	16411108031296700416	1.0
14592439818346055434	12595374977185792181	1.0
13798218239895891336	17929299414753524434	1.0
11625258211554482434	6077931301957933948	1.0
9780472355716119553	13820383709909802434	1.0
9116011584110818350	17929299414753524434	1.0
9020103233624876434	14607414104202149888	1.0
7539057514821422434	14325640171997888512	1.0
7093414713078887434	13099741855862489088	1.0
6872492801549576434	13099741855862489088	1.0
5948129717977675434	11941815352851169280	1.0
5611982780163701434	193273528320	1.0
5331583133068051434	13101732954378661583	1.0
4674032135540587434	12378925105256857600	1.0
4036568544969810434	18290187623802663101	1.0
