9630591470119386249	14321432302343684096	1.0
9320105050856786249	15905772521530589184	1.0
9163772393003534249	14755153355617599488	1.0
8199764312106185249	16409932541697507265	1.0
7238240277580732108	11795410915945474249	1.0
7155846679334955249	17281345010502991872	1.0
6968343820010774625	13455311761527864249	1.0
6962727411528777633	13455311761527864249	1.0
6717604380223299846	13455311761527864249	1.0
6677571488287437755	13455311761527864249	1.0
6672500489110925112	13455311761527864249	1.0
6672138595228972742	13455311761527864249	1.0
6671695788328822537	13455311761527864249	1.0
6671375422524846069	13455311761527864249	1.0
6654477221512400720	13455311761527864249	1.0
6637989962190222249	12597590501633599679	1.0
3050077947826524249	769644353716979146	1.0
17507664142414499249	12661531513792277712	1.0
16458121796156416249	18282034783737348096	1.0
12881015461310991249	14101576199226523648	1.0
11540376333577540249	14038499261545447424	1.0
9383684031891607249	12163565914503014197	1.0
8555042916431176249	15046488765491096784	1.0
7723628982765106249	18067263934783605431	1.0
6956246954472513639	13455311761527864249	1.0
6730005501373239257	13455311761527864249	1.0
6668785157761748952	13455311761527864249	1.0
6666101696647946939	13455311761527864249	1.0
4256221904447649249	17569096085484392114	1.0
4201052268254174131	13455311761527864249	1.0
17975839260721289249	16697012936060698624	1.0
17551748601539002249	12307962555992364746	1.0
17431956332772830768	13455311761527864249	1.0
14310045679770616249	11651643143967712177	1.0
13275581394510581249	13316768885496610816	1.0
12138964755189392249	12237090218397663232	1.0
10959927961674527249	12163577978156465340	1.0
9790852164755622249	13093019334396084224	1.0
883155375019017120	16698714971415960249	1.0
7223418512843931249	13093085369518260224	1.0
7025348210667879561	13455311761527864249	1.0
6955054607033426154	13455311761527864249	1.0
6733889650703735090	13455311761527864249	1.0
6718289715218794000	13455311761527864249	1.0
6713663833654221432	13455311761527864249	1.0
6690845982492225462	13455311761527864249	1.0
6685892356206541298	13455311761527864249	1.0
6675020475406975790	13455311761527864249	1.0
6674780116204968660	13455311761527864249	1.0
6672492449051431345	13455311761527864249	1.0
