7399963400653948706	2235677165514039531	1.0
7235563502305991706	193273528320	1.0
6683727156015752424	14895836890593814706	1.0
3924238957197191706	14101576199226523648	1.0
3915228405904368706	193273528320	1.0
3365118900471773758	14895836890593814706	1.0
3360759697523462013	14895836890593814706	1.0
237936349839656688	14895836890593814706	1.0
17224765160582168783	14895836890593814706	1.0
17175598272907233934	2070784827574267706	1.0
15961307575157056706	768506827408847496	1.0
15939919776755655706	15547467005165627570	1.0
15595652795711373896	2402607955480888706	1.0
14955115283725765706	14607415306792992768	1.0
13631635331369016706	12662921202000525254	1.0
12906912079020292706	14535864475946319872	1.0
11394244018025399706	633759903431830698	1.0
10638134049872845706	16912611716192595663	1.0
9254760910642320706	18072937320293656244	1.0
9053660025189462706	12377006633560047616	1.0
8940680659146157706	12086478144672293075	1.0
8871742397465321706	17203745852091269120	1.0
8386448248817589706	15326802678823697876	1.0
7615140730557400706	8028914762521772032	1.0
6841158867700477706	13675148166562562231	1.0
6687692068000906818	14895836890593814706	1.0
6624786459593089706	15040028000147729613	1.0
4488004180935859320	17920851858327381706	1.0
289093345732247706	13093045838639267840	1.0
17558570654610622706	12088122859738628096	1.0
16547782433928528706	11725038956033605632	1.0
16417444129047325018	689490472075357706	1.0
1550441568142601706	16415537890630616766	1.0
15449615629897006706	13892424769518740678	1.0
12937411005333659706	14547422567947304960	1.0
12906912079020292706	15477389481245461186	1.0
12148516496484841706	13670579654161858560	1.0
10443480689052310706	193273528320	1.0
10363234000443533706	15905772521530589184	1.0
10101612093416148706	783629923100900725	1.0
9645889966729048706	688272801355069938	1.0
9636075370983314706	14903528059117416150	1.0
9248613842518711706	13678224635819239377	1.0
8531243992996760706	16118587339298570240	1.0
8262762445514744706	14757401770997119675	1.0
7804518465707527706	14181544779426299904	1.0
7367245869403586706	12160809463377011152	1.0
7240799003046898706	12373263659755896832	1.0
669547186456309706	14038541180426256384	1.0
3538867216219129706	15264947294840029184	1.0
