9494911267926793193	666384040952161313	1.0
9096458169654683313	13099741855862489088	1.0
8591504388010387520	13820368244927675313	1.0
8332608667713957313	11725119237562350290	1.0
7668692198617486313	18211637507785811399	1.0
5813358484416711521	666384040952161313	1.0
3906689137377707313	15119699631262400512	1.0
18244932349110722313	15481027735156999886	1.0
17981496076252762313	15768970154434689234	1.0
17830700801610203656	7378700986438217313	1.0
11668914168947099313	193273528320	1.0
10738203087326356313	17280014627203186688	1.0
10242777025953180940	6943224993440454313	1.0
9845512737763606313	12738941546906428601	1.0
9425888685291003313	15545561431255547904	1.0
886738077729756313	14684216129078741710	1.0
7683656354848792568	13820368244927675313	1.0
7638430834310163268	666384040952161313	1.0
7477782156171305609	666384040952161313	1.0
7265952698510761313	12238472287333908480	1.0
6393061413533152313	14397108286069407744	1.0
6322755396956019313	18068901094712457935	1.0
5976659131395760313	12376366537404055552	1.0
3842178552585115313	11873447903493288884	1.0
2566182663923915313	15477447763951663318	1.0
206559531646065313	15326834470745538560	1.0
17984432111603885313	13103219619575100101	1.0
16637305619601596313	193273528320	1.0
13030359622401322313	15406712830862295040	1.0
12607329843478754313	13242217684986289878	1.0
12499925074291425313	14607414104202149888	1.0
12213585078850795313	6380390303467174463	1.0
12053404571530212313	14684231561386195643	1.0
11729957668601223313	12157442772902608896	1.0
11605127604375137313	13894122540026036224	1.0
10549725626084397397	6943224993440454313	1.0
10242746295406395370	6943224993440454313	1.0
8893453272588647313	15185225082554343358	1.0
5354127218360682613	13101499930459023313	1.0
4475533526892810313	13886848123852029952	1.0
4015239451355989853	666384040952161313	1.0
3711491022640439313	820175705072692944	1.0
3711491022640439313	16055527112374544585	1.0
18029754462743559313	16767689508258042812	1.0
17888931615505015313	17858941652807235026	1.0
13661179252863918313	768188227731534130	1.0
13047625407299301313	16629167463694598144	1.0
1150090595833541313	16552041197117551796	1.0
10398626279412689978	13101499930459023313	1.0
10310488241475975313	12234524078517518336	1.0
