991480654288566383	18143578691815342080	1.0
9513244093350899025	14253241620969479383	1.0
9045697910212988383	15119634794436100096	1.0
887180347861955383	12018640390652428288	1.0
8806563163435430383	12158540042557502910	1.0
8125000396338994726	13817597540050184383	1.0
8118757632744366383	2194803747768629428	1.0
6947405855262164383	13093007342847453877	1.0
6923604665370297383	15544424609246871552	1.0
4825134637853353903	13387443259547123383	1.0
4100004287351782383	15548338728907833344	1.0
3584539883919706544	13817597540050184383	1.0
3433901706843653392	13817597540050184383	1.0
3008395612908884383	15474595725278490836	1.0
17981568772860729383	18137300604974792704	1.0
17200953331338905272	13817597540050184383	1.0
17045282077482804383	2465307253291352137	1.0
16920952050656182383	18208242172678942935	1.0
1607399156339378383	12160809463377011152	1.0
15563690031149231002	13817597540050184383	1.0
12595739491938960383	12591434335276745666	1.0
12367421753864228495	13817597540050184383	1.0
11819023205857852170	13817597540050184383	1.0
11302737520119059416	13817597540050184383	1.0
11231429684733730383	15119634794436100096	1.0
10207188554609799383	13101499930459023313	1.0
10086833275409065383	14101576199226523648	1.0
9229560756333595081	13817597540050184383	1.0
8791187012276824383	13099741855862489088	1.0
8637417390652424383	14321936999655724495	1.0
7972612648515633285	13817597540050184383	1.0
7856053962166455383	710731456306564783	1.0
5857335069856578736	13817597540050184383	1.0
5266662919051229391	13817597540050184383	1.0
4110145041500139383	1993579822397254101	1.0
2402844371548998383	14607414104202149888	1.0
18277563943139959744	13817597540050184383	1.0
18256926345220705383	193273528320	1.0
17134485012965949383	17929358731805958842	1.0
16784284710994285383	15619578281999728640	1.0
16438735400637386383	14321937003242824625	1.0
16312702352798235383	773373584367920554	1.0
11961355932946801656	13817597540050184383	1.0
11606473080259457383	13894122540026036224	1.0
11594326314569142842	13817597540050184383	1.0
110190033803636383	11872804436814387153	1.0
9650791796737990383	13890161068350636032	1.0
862214505924419383	15111796404861510096	1.0
8096333485766215383	16844203526878981845	1.0
7185393311397628467	13817597540050184383	1.0
