9992233925826119664	16482236473584648192	1.0
9803950089564306664	15266029785526942661	1.0
7968260927373849664	14970238737911445709	1.0
7237882552689862794	15547448253338353664	1.0
6325855268009440664	12446230558499930112	1.0
5805489794775614664	13820414423942027972	1.0
377274753266858004	14678012654899953664	1.0
3610730895010900664	193273528320	1.0
17542296628441431600	15839691786801905664	1.0
16968484687143328664	629047366194268965	1.0
15457363650705381370	14176958548923121664	1.0
1477630120790277664	12594290781411344384	1.0
12864599374540331664	17706652721060249600	1.0
12110693298047346664	16118645763738697728	1.0
11595086477491888664	12452634139989901312	1.0
11210776647580713163	17138098518217457664	1.0
10971596816846499331	14970223224489567664	1.0
865012569683592664	15111796404861510096	1.0
8276680932461604664	17203745852091269120	1.0
8097158695658167664	13103219615436111872	1.0
7209800996757727664	13093085373053841110	1.0
4592954259528524664	12158540042557502910	1.0
4543126333285014960	18208245454590705664	1.0
393676097611094664	12814956163741253632	1.0
3511849711319233664	12742883210900275200	1.0
2544773364275090194	14253326288671473664	1.0
16871707860527261996	14176958548923121664	1.0
13054400176182417785	13746311841829617664	1.0
1240510798857652919	17138098518217457664	1.0
1234692608535484722	14678012654899953664	1.0
1173922882863270664	14903470833710510270	1.0
11204195980214820527	17138098518217457664	1.0
10182314555425784664	14535847957144647894	1.0
9423537439711663664	14323053970325504000	1.0
9406325308461520490	15839691786801905664	1.0
8872584953662888664	17850574354989104585	1.0
8010533859093902664	8031420568096663566	1.0
7663503732069963806	16988383474471665664	1.0
6652224648534341664	12376966879342755840	1.0
6464763806585774664	14894175588653727744	1.0
5613857824259405664	15111796404861510096	1.0
16968484687143328664	15761992562980543436	1.0
16814381156628920901	11661198098289393664	1.0
13591383560232406664	15838779217920704956	1.0
13228568193013943928	8011333864639049664	1.0
1220351560146778664	13886275308358784977	1.0
11204342060530117174	17138098518217457664	1.0
10973485258137548664	15833756700274718645	1.0
10277929215337254664	14173577699697022678	1.0
10174568354180134664	12666061497403703296	1.0
