8319515479277569626	16629167467113067712	1.0
7519601218802246756	16051359962870173626	1.0
7365984510512123626	12160809463377011152	1.0
6907308150793454165	15622074293653928626	1.0
6091307309109323194	16051359962870173626	1.0
6085333108365088191	16051359962870173626	1.0
6043456533056594626	16192328272753778870	1.0
6001041957421636626	14038481789618551483	1.0
5434948710317736712	12661506134830546626	1.0
4437525409935166626	15545503246374075082	1.0
3543395687583928626	17420986388844697278	1.0
3342337968228240626	12452657208259248128	1.0
2780265000217697053	16051359962870173626	1.0
1948096174404396626	15548079274174893493	1.0
18278565876688113626	18066712950609018880	1.0
1765410598967204356	807080139720301626	1.0
16950094887129542	12661506134830546626	1.0
16146213495580689626	18137395158679814144	1.0
14590954687328953626	17921185968128262144	1.0
14107436040796484626	193273528320	1.0
13706728698995946214	16051359962870173626	1.0
13346626353918441018	12661506134830546626	1.0
1309337226266529626	12158540042557512657	1.0
123357540211577626	17634674145830633472	1.0
12233017240060301626	17203745855458700982	1.0
11050152307260261626	12808713102359003136	1.0
9979392065022519626	12733000821864702667	1.0
9420227591532438626	13099741855862489088	1.0
858352866498158626	12160809463377011152	1.0
8361517909023914626	193273528320	1.0
8061709116210539140	12661506134830546626	1.0
7523856754027974681	16051359962870173626	1.0
7374914421865023626	12160809463377011152	1.0
7232888125161809626	12661562166973871539	1.0
7051543705977607626	11949979153673021890	1.0
6326060563660049626	13173771943695935666	1.0
6098926950483336908	16051359962870173626	1.0
6078421797307277898	16051359962870173626	1.0
6076700232599630627	16051359962870173626	1.0
6001041957421636626	13028854039117299712	1.0
5428613259788459655	12661506134830546626	1.0
475571092411846626	193273528320	1.0
4396735732459805759	16697012936060743626	1.0
4185180997844511626	18208242172678942935	1.0
3484587870520997626	14321375011686885329	1.0
17052319118724280626	17929299414753526221	1.0
16772578210474320674	16697012936060743626	1.0
16030452911296808626	798719621074115149	1.0
15438156030869962626	193273528320	1.0
12886833574315763626	16704389482262036480	1.0
