9658669896928307065	14903528056034426880	1.0
9400641170640130065	14605735141356601344	1.0
864400476885422065	12160809463377011152	1.0
857834712863532065	15111796404861510096	1.0
7628997947729867398	18354049516766821065	1.0
6289403893630849744	18354049516766821065	1.0
4510729198030643065	787385765093076624	1.0
4383095559839568065	16987837068732328379	1.0
3657129793325828610	14037337069164998065	1.0
17602885816602853065	12814956163741253632	1.0
17493330264280327065	6290053377566940586	1.0
1665630872647195065	15984034496475343035	1.0
15238862085672112065	13314558965820669643	1.0
14723598116512682400	18354049516766821065	1.0
14711613710425248323	18354049516766821065	1.0
14705272306942506521	18354049516766821065	1.0
14704408412994162324	18354049516766821065	1.0
13977318318148158573	18354049516766821065	1.0
13457577930526308266	18354049516766821065	1.0
1288348200230239065	856490333160533579	1.0
8934884695240181065	14323131004858989744	1.0
867672700784067065	15111796404861510096	1.0
8249125951006900065	12092660703103798461	1.0
7974129227247188065	12884224283894611968	1.0
7607944254249137936	18354049516766821065	1.0
736879637847118065	193273528320	1.0
6747534800877196065	2207956703754352034	1.0
5931245139685519065	14903470833226131638	1.0
4571066585594293065	13099741855862489088	1.0
4203054651089210065	14971309679327762636	1.0
2792106555002161065	14176181305871433728	1.0
17811130063563435566	14037337069164998065	1.0
17559253026075529544	14037337069164998065	1.0
17091920542586412190	14037337069164998065	1.0
16087244614077246455	13101246997086662065	1.0
15563153334288094453	18354049516766821065	1.0
15470628779061738130	13101246997086662065	1.0
14724382970183541777	18354049516766821065	1.0
14717671692954438451	18354049516766821065	1.0
14708971738473802665	18354049516766821065	1.0
14625776546091259065	15765115190149957555	1.0
13987502149422784893	18354049516766821065	1.0
13981582052389767990	18354049516766821065	1.0
13980581574136162002	18354049516766821065	1.0
12115877930452006065	17131945628176937908	1.0
10577721979428845065	15331062040203611859	1.0
9780193715385614065	17926218557402688720	1.0
9713382195137385065	16055527112726849713	1.0
7630515260951086920	18354049516766821065	1.0
488674417368100958	18354049516766821065	1.0
