9964750100680985429	6135324580514217137	1.0
9192787796577679137	13099741855862489088	1.0
8467315606693821137	5940971057743538915	1.0
8267874853617922137	14110839558631319741	1.0
8080692146075229137	11870354822227541431	1.0
8074179957844426028	15047015362770217137	1.0
7846598408128317097	654167539678795137	1.0
6818078301506941137	14903470833813022156	1.0
6321043908175067137	14614175060488611013	1.0
5944743066573524652	17279954127568414137	1.0
5012465483060120488	17279954127568414137	1.0
4507264881596388137	16122555424264595894	1.0
4389439733330119137	15185196435035369942	1.0
3259430970126525137	16053345660790898688	1.0
2968611994388293137	12160809463377011152	1.0
18428097584791872137	14178955352233540532	1.0
18385633067258737931	17279954127568414137	1.0
18119798321326071137	13101732954093628631	1.0
17947630898789719137	17202611156091449270	1.0
15943141822581106137	808206099941518844	1.0
1570048628331293240	2465307253291352137	1.0
1546405636195539178	2465307253291352137	1.0
15416185671052152137	16912611716192595663	1.0
14845993998833557137	16629167467164587722	1.0
14141136322316875137	13102376307197476864	1.0
13394697426380583336	13101809908385363137	1.0
13394329592541771137	13534950475354341376	1.0
10352443831198413324	13826873041511176137	1.0
9415265646136287137	14250454410299417040	1.0
881981255497199137	12160809463377011152	1.0
8325419056293280137	12308819079933773772	1.0
8135206888125148137	193273528320	1.0
7386843435939323137	12160809463377011152	1.0
5943200168272065425	17279954127568414137	1.0
5334855267321129309	2465307253291352137	1.0
3488655741360647497	15264915503492169137	1.0
13380640286029341245	13101809908385363137	1.0
9891386810968888137	16633167585780695040	1.0
9790080712278605137	14753166568171044307	1.0
9638253933001721137	14903528056034426880	1.0
8585126130579755137	11725119237562302464	1.0
8316910798290877137	650867393997934038	1.0
8058612904325460137	193273528320	1.0
7935012324435952137	15331614090741153792	1.0
7030616053277988137	17711787332987781120	1.0
6763780324308015033	18145786549818675137	1.0
6087704665099590786	654167539678795137	1.0
5838774630897220137	193273528320	1.0
5586775273368227137	193273528320	1.0
4478833182663247137	803148970512311427	1.0
