9866899914701140852	17280024564712929982	1.0
9460581354828184528	17203745855458700982	1.0
8857947631116725982	17131909383719674546	1.0
8748547012130776702	17706986906707606982	1.0
8578531564637429982	11725119237562350290	1.0
856014686205581982	13099741855862489088	1.0
8080087981351290538	17706986906707606982	1.0
7777228912690400982	18137395158679814144	1.0
7696586277015769040	17203745855458700982	1.0
7689134680390634958	17203745855458700982	1.0
7688927104623427487	17203745855458700982	1.0
7541865600031108143	17203745855458700982	1.0
7528757780742791263	17203745855458700982	1.0
7528367045984418882	17203745855458700982	1.0
7528164735876304669	17203745855458700982	1.0
7528135165027864151	17203745855458700982	1.0
7271580776506273982	15776008000306675712	1.0
7217623377441817982	14465259422514080187	1.0
6333862482958448982	193273528320	1.0
6217153390417639790	13890213633796011982	1.0
4491012836764360982	12591434334990888140	1.0
4382191245821360982	17779304015772492240	1.0
3943450068140371982	14822169632131240892	1.0
385276601774483982	16700729173693431808	1.0
3504712879719963354	17203745855458700982	1.0
3471813669596103982	17058124453344504266	1.0
313878981895509540	17203745855458700982	1.0
310745296397795697	17203745855458700982	1.0
2583827092920776763	17203745855458700982	1.0
2577806777101213405	17203745855458700982	1.0
2110121747586905938	790044460742176982	1.0
18184454624710543982	17854706243822682112	1.0
16929458159232065514	17203745855458700982	1.0
16866409085078116982	15481044283665940480	1.0
16502170606636530982	13532750429896572928	1.0
14464395572868796430	714513359025992982	1.0
13162282492456492247	17203745855458700982	1.0
12759696060416816853	17203745855458700982	1.0
12632301478666488982	13242460589911679440	1.0
111875822473851982	14178955352233540532	1.0
10126557186042835982	6163312388941427961	1.0
8314469675726435989	17203745855458700982	1.0
8269395697160423987	17203745855458700982	1.0
8267366746066793075	17203745855458700982	1.0
8267239709470907695	17203745855458700982	1.0
8263845246442722685	17203745855458700982	1.0
7693714494388572351	17203745855458700982	1.0
7676260406857766982	14903491754970841088	1.0
7545351043373218739	17203745855458700982	1.0
7541840869674050545	17203745855458700982	1.0
