9953770282991008899	3257407512241296206	1.0
9769887996613369899	14606488375541104640	1.0
9100098852928975899	11876267958571430858	1.0
8334668698712725899	16051884279962185675	1.0
7844906933336198899	757283167866450582	1.0
7206738169823880899	13093085373053841110	1.0
7094948106550174899	15119634794436100096	1.0
7026190916317291899	18067270496734207161	1.0
6914603733513517374	11732905970320338899	1.0
6912984062736449244	11732905970320338899	1.0
6638268134528615899	13099741855862489088	1.0
5252358501750193899	13528223706165280768	1.0
393560499389591899	18137377497774292992	1.0
3473039715336623899	17852745783683621559	1.0
17630801468144135899	16192328272753778870	1.0
17614244579628170899	16416736323945161935	1.0
17001966594351598899	13820414420121084863	1.0
13793210524607681294	11732905970320338899	1.0
1348792459782269	13387443259547101899	1.0
10973149885110820899	15545503246374075082	1.0
868494048807597899	12160809463377011152	1.0
8184934743787920899	13031121249273698767	1.0
7992323134792422899	17632677479959232512	1.0
7783170743852878899	13173550957574747597	1.0
7426136665783781899	702212538213857707	1.0
7401096903761327899	12160240023509260767	1.0
7101014398590055899	12591434336012785868	1.0
6830471976586388899	13167629031400333755	1.0
456210576823918899	12956200496184599737	1.0
3519071183145272899	15046799939877206964	1.0
2566321318378152899	15111796404861510096	1.0
2275803098599938899	13316854724713048242	1.0
17532916810320551503	13387443259547101899	1.0
14675038813590388899	17707022032413130752	1.0
13109258089653474899	14110839554625808575	1.0
12262429704746637899	822003677609892328	1.0
10273585922832006899	13892424769518740678	1.0
7490988720268817569	15332196809769875899	1.0
466780221371584074	14327824764163378899	1.0
18270741631649912899	14320518608181045201	1.0
18075562920449299899	15189161334128032722	1.0
16202180937973484899	193273528320	1.0
15431161504768143899	2259827156176527873	1.0
1442652105178309899	12160809463377011152	1.0
12890125190005240899	12011564963900007095	1.0
11571736401728499899	16768010599644504528	1.0
10606277748099945899	15040028000266476244	1.0
9151553525210921899	706525989285825845	1.0
8564291169861890899	14177829435146824908	1.0
8062421252799505899	15119634794436100096	1.0
