860250532422931458	14605646085209718784	1.0
8383737079317907458	193273528320	1.0
8332769051792608205	13601653434880149458	1.0
759805460676883458	18354353013570666496	1.0
5090681596210791850	764986006306053458	1.0
4521177200321129458	14038481789618551483	1.0
445571015580186397	13814783833050240458	1.0
3666587817427274458	14250454410299417040	1.0
3479249404828488458	7305815258273153132	1.0
2862914112560370458	12879718463769199564	1.0
2535427489864533458	12741501175078822352	1.0
18268997896868108458	16344305041982662337	1.0
15021351949431940495	13601653434880149458	1.0
11204145851272570458	16415537890630616766	1.0
10618857092938862458	15040028000147729613	1.0
9181298709160322939	12452170077363563458	1.0
84240246131472458	13172744905346252800	1.0
7193888533430765458	193273528320	1.0
5659000798132470458	13093007342847453877	1.0
446326766603877998	13814783833050240458	1.0
4026877351840831458	12237086894092976128	1.0
3621523077272120458	193273528320	1.0
2748837917193469188	14616089241445984458	1.0
2727281031333529458	15982922924022607054	1.0
17184522638183328928	14036254084571392458	1.0
15149979168787439458	14535864475946319872	1.0
14944601519920673458	14323131004858989744	1.0
14808521411256676458	13820414420121084863	1.0
10264066681198363458	193273528320	1.0
878228351689215458	12160809463377011152	1.0
869206382480478458	12958469876007106745	1.0
8234906616032325458	13173550957793301450	1.0
8036492616826756253	16411612715723840458	1.0
7755614313764387458	839040808005770044	1.0
6341452416095674250	12741512101406944458	1.0
6209488184077688458	12879718463769199564	1.0
5972407753224949674	15046741596789729458	1.0
5220061445581588009	732243358143442458	1.0
5216054189560811443	732243358143442458	1.0
3400339413452218458	730598444746503584	1.0
18315021659551984458	6876291449503329122	1.0
1659204996738652190	13814783833050240458	1.0
1605493880061555458	15975093302278027963	1.0
12866550359141546458	17706652721060249600	1.0
12858907537917407458	17706652721060249600	1.0
12390080161021944458	13242537564232481968	1.0
12346645919287458	15477443374495039488	1.0
12187653489263717458	14750314319044454090	1.0
11529309134051451458	11869756666781411764	1.0
11527564372988369458	16842314445271248336	1.0
