9687875759279361405	15111796405145757897	1.0
9422192629710765405	14250454410299417040	1.0
9119933005692026405	14321122124100534272	1.0
7998313220247882405	13958560509893541888	1.0
4914982098722671405	15119634794436100096	1.0
4446967140312303587	16407378486324798405	1.0
4424859985714086555	16407378486324798405	1.0
3973187587554868166	16407378486324798405	1.0
3972312947557727300	16407378486324798405	1.0
3074962854157493370	16407378486324798405	1.0
3023218003240865405	782294051282525803	1.0
18373952578980745769	16407378486324798405	1.0
18074880138092609405	13462576204787744768	1.0
172617678534083515	746816066141816405	1.0
17233344372687581586	16407378486324798405	1.0
16331828811450650312	696686689379061405	1.0
16213071646759761405	17279927714245038266	1.0
15957447435177877165	16407378486324798405	1.0
15823188521253198405	11651578380863668224	1.0
15599679863373103405	12160809463377011152	1.0
15517226705915644405	15040028000147729613	1.0
13582033248640062252	13820087946772019405	1.0
13105461069111276405	17993806662443466752	1.0
12839416354076175405	15335301899948903613	1.0
12203411755015925405	17779304015772492240	1.0
11609141221334945223	16407378486324798405	1.0
11077895717459787405	18137395158679814144	1.0
9167825897832322405	13245032434753339392	1.0
8004225703340899560	696686689379061405	1.0
7599805033071687405	17347289315595580618	1.0
7033955878425486990	16407378486324798405	1.0
6978098037949487405	2209128215103150980	1.0
6857867236957715405	193273528320	1.0
6673491333629316405	18066750415608741888	1.0
6638602725170146405	725208742829379323	1.0
6473623815353463405	14758803759991683771	1.0
6310990931574161405	14174467188311572682	1.0
4934747439056732405	15545503246374075082	1.0
4430127230628093451	16407378486324798405	1.0
3815678112554550405	18290141421677304243	1.0
3815678112554550405	18290141418544431104	1.0
3099311397609765623	696686689379061405	1.0
1910241192899620405	11725077309466272945	1.0
17959009466686556141	16407378486324798405	1.0
17774842685225003418	16407378486324798405	1.0
1714423612025738239	16407378486324798405	1.0
15758352056538112894	746816066141816405	1.0
14867623319351310700	16407378486324798405	1.0
14859132890428885522	16407378486324798405	1.0
13414443733424854405	193273528320	1.0
