9940108145531261351	193273528320	1.0
9688177201029182413	14535847957363612351	1.0
9327989665142095351	18208331268037279744	1.0
869178426064000351	12160809463377011152	1.0
7600764836545136718	15693897635591079351	1.0
7592904389141771312	15693897635591079351	1.0
7578994280621071351	17281335222272524288	1.0
7381226511997785351	12160809463377011152	1.0
7208500442129041351	13093085369518260224	1.0
5676457298971730351	15985214314542114242	1.0
5658441337493002351	2171795398342916683	1.0
526640399669223351	17203745852091269120	1.0
5131767277699938384	14535847957363612351	1.0
3480784713859115324	18216160816498651351	1.0
3478053720315445351	15264883677784493490	1.0
313520553956690229	15693897635591079351	1.0
3097051757892499351	15044751515354180020	1.0
1965508336976699144	14535847957363612351	1.0
18413320183940684679	15693897635591079351	1.0
17899873772286108351	14038505854320246784	1.0
16921561797836912712	14535847957363612351	1.0
16196575704879647351	12594290781411344384	1.0
14529168109835179057	15693897635591079351	1.0
14282885703870496351	15693897635591079351	1.0
13248334137012003351	11660329406794039296	1.0
13089516307708395217	14535847957363612351	1.0
12924121441934025742	14535847957363612351	1.0
12876137628300109351	18361995611521155072	1.0
12842618895695459517	15693897635591079351	1.0
12695740074729471351	16844207894860660736	1.0
1239221770890277351	18068626221100433408	1.0
1228625833924556351	15185288861438437834	1.0
11266765363972724662	14535847957363612351	1.0
10727676600644086807	14535847957363612351	1.0
9807167024338121351	14822164221348806656	1.0
8752799255869646628	15543596543847228351	1.0
857542964468934351	12160809463377011152	1.0
7693714494388572351	17203745855458700982	1.0
7605576441202080177	15693897635591079351	1.0
7433495104208010351	11940671834988478464	1.0
6767826339313990715	16055527112594407351	1.0
6490296585130993351	659296065929313210	1.0
6438943534173455048	14535847957363612351	1.0
6434972201322353943	14535847957363612351	1.0
6366884187059021572	14535847957363612351	1.0
4342259740165882338	14535847957363612351	1.0
4261089244081235351	16767682985079078912	1.0
3987774900854199351	11798558861881769984	1.0
305720046533750351	14608826966507300817	1.0
282581387968782351	11947437095117697239	1.0
