9438548887411821404	14250454410299417040	1.0
6290526102292161125	13674835932392499404	1.0
406001211848118404	13096146457134628864	1.0
2412912714506458202	13173847714632553404	1.0
2137029527931520892	13382648332288041404	1.0
17815587561114649404	16912697535011749888	1.0
15731228274157284404	13172726346792566784	1.0
12163100786349516387	13101719911351188404	1.0
12111116705652852928	13101719911351188404	1.0
8818831106368237404	12378654659568136381	1.0
856382129269738404	12160809463377011152	1.0
7695320428685871404	649089853165752111	1.0
7484180159816091330	12738941543319134404	1.0
6693225123952901404	2151154734856804401	1.0
277188662745901404	14103852098101753267	1.0
2731590385499348404	17203745852091269120	1.0
2576108662941073940	13101719911351188404	1.0
2191389932913721404	16268890484326268928	1.0
18430217315408005282	13101719911351188404	1.0
15422093231106585404	16912611716192595663	1.0
13149517667396851404	18137377497774292992	1.0
11867935820126115404	12886723602502302908	1.0
1096634959680415404	18290187626853032133	1.0
9154921831703713404	13245032434753339392	1.0
872841504884757404	15111796404861510096	1.0
8687034970042465404	17127747672803901440	1.0
865250983460649404	2157043224878439760	1.0
8117639277305330280	13382648332288041404	1.0
7904704435273022864	12738941543319134404	1.0
7763241020231013404	15833741182627741696	1.0
7745741838350518404	16767966577474666496	1.0
7201085597681498404	13093085373053841110	1.0
7113672503765682705	13101719911351188404	1.0
6711632622888601404	18143578695284732119	1.0
6675717879503807404	15119634794436100096	1.0
6636768607939005404	16554382071502471168	1.0
6628688918412739876	13101719911351188404	1.0
3927200781754122404	193273528320	1.0
3843714094044086622	817667096414902404	1.0
3480165753285215404	17058124453344504266	1.0
14870140518696972404	193273528320	1.0
14336397202415219404	17203725000025047040	1.0
12966954524277239404	12594290781411344384	1.0
12183772099029332474	13101719911351188404	1.0
9762028975853282404	11869796129241693360	1.0
932446937607261946	13101719911351188404	1.0
8426498401537574088	18281137593687529404	1.0
7768814042011819404	14110817478493908679	1.0
7280039367265648404	13820414420137070708	1.0
7242840758741339404	12446230558499930112	1.0
