9451713293146126377	193273528320	1.0
8638559100336539377	11795463749534482432	1.0
7544599801954928377	13632455664737832168	1.0
4897069319653828377	15836323999865896960	1.0
4009173719310371909	13678224635819239377	1.0
3581219058222471377	13817597540050205872	1.0
3534302110843653377	11660870250550788096	1.0
17829329790371164377	12092725521675889593	1.0
17190186204380012527	17064953389717235377	1.0
1654662986352843377	18067270493198614528	1.0
14586168569956422377	11949979153673021890	1.0
13825351568683531471	17064953389717235377	1.0
126561981048237377	14254723750770549462	1.0
11903338101953007316	13600823422899699377	1.0
105377939477693377	17997504195493625856	1.0
10128405830411029377	15905492030101389312	1.0
10056300613970850377	12160809463377011152	1.0
9628446504226371377	2109107884742917345	1.0
906641343451379377	14684231561386195643	1.0
7368673164356409377	12160809463377011152	1.0
7200544778932606084	13678224635819239377	1.0
470593693355232377	193273528320	1.0
4557973722954296377	11725119237562302464	1.0
3926343968094813377	193273528320	1.0
3462087876084804377	16624467201809711104	1.0
1860496651265250377	18067270493198614528	1.0
18303141749128595377	12661562170022291122	1.0
16728648090239006377	761562703366957489	1.0
13832924527993034128	17064953389717235377	1.0
13438605810869764377	12163565914502987776	1.0
12594828658342671377	14463009800402816723	1.0
12151884337462395674	17064953389717235377	1.0
12085686602954659377	12016109343688936151	1.0
10974650731520648377	13093062193874773206	1.0
863499873646273377	12160809463377011152	1.0
8621716665090445377	17560899263371850428	1.0
8163517876231776377	18137395162350281427	1.0
7354453751693146562	15837746810555784377	1.0
7194518176005607377	13093085373573684156	1.0
7055237309947737377	17711787332987781120	1.0
6691081466676112377	12381197782652273110	1.0
6374223070385188377	13814704819446797271	1.0
4410484365138382377	16697012939193712068	1.0
4012762890319727582	13678224635819239377	1.0
3763203750710685377	12526381747824293830	1.0
3511820024505168377	12742883210900275200	1.0
17241915043162670377	16767966577474666496	1.0
13827861341355949157	17064953389717235377	1.0
13721221071460751377	15833212419587627716	1.0
11909120501680121377	17420986391810057167	1.0
