9365921322022654669	16411065107393544192	1.0
931439479593426291	15975020700150792192	1.0
9187230471143921835	12742588584733704192	1.0
9031655292616886421	14038550942886920192	1.0
9031639663218706185	14038550942886920192	1.0
8746302563747937908	15975020700150792192	1.0
8741266345285339583	15975020700150792192	1.0
8717448045837951975	16411065107393544192	1.0
8709834705277052611	16411065107393544192	1.0
8572054238250555888	16411065107393544192	1.0
8565858053546071679	14038550942886920192	1.0
8553859924849879618	14038550942886920192	1.0
8547885891643613873	14038550942886920192	1.0
7653195720769431488	11873357534112776192	1.0
7448013813797000192	16051672169733685248	1.0
7216759324907520192	13093085373573684156	1.0
5074042063880493225	15975020700150792192	1.0
4903202991967878789	12593118890994696192	1.0
3977324027633125506	11873357534112776192	1.0
3848920435823832848	14038550942886920192	1.0
3583127350258999192	708989532885717716	1.0
3567554925778426192	14606488375541104640	1.0
3019212070572345105	17064126695910408192	1.0
2912449642389325192	16772223882202511565	1.0
17914384409097185268	13093084222761992192	1.0
17860029531389256041	16411065107393544192	1.0
17641556974914769192	15472034966992322560	1.0
17545916482524738333	15830612088499208192	1.0
17542477876861069434	12526470662237192192	1.0
1749658373741191985	15975020700150792192	1.0
17239522229744273192	13093000638403500981	1.0
16083397120298894192	15326288029452526781	1.0
15414317510578594779	16482236473584648192	1.0
15409436404814228536	16482236473584648192	1.0
15408625274447903389	16482236473584648192	1.0
14082028412620905192	16054761823177539584	1.0
13058168447425732480	13093084222761992192	1.0
12538182283049940502	14038550942886920192	1.0
12528231260327524672	14038550942886920192	1.0
12519677695496412943	14038550942886920192	1.0
12264459696302345670	18067294691044360192	1.0
10645645990861712216	16482236473584648192	1.0
10642520117889711932	16482236473584648192	1.0
10641838575311233109	16482236473584648192	1.0
10640470447930390222	16482236473584648192	1.0
10637269430177423051	16482236473584648192	1.0
10636131787831899862	16482236473584648192	1.0
10625674049161909740	16482236473584648192	1.0
10625357256710985801	16482236473584648192	1.0
10400324117665146319	15975020700150792192	1.0
