9751426938724081621	15117979976953149885	1.0
9016833612515552885	14607414108124982718	1.0
8645463381584713885	2259225229173079890	1.0
7966733203833418885	17134408457870367444	1.0
7213416950454608885	15833212419334329017	1.0
6753997338679436885	12378654659568136381	1.0
6574499571238739808	12446753887380104885	1.0
4648628229882414885	14607414104202149888	1.0
3639044959105648885	15474625412092395520	1.0
3482362147967024885	18071167144989538253	1.0
3272193712844881885	14327824767130269646	1.0
3175248360314073885	13099741855862489088	1.0
3054764909736982885	18066750418340526792	1.0
2608403725734972885	15904644280866570240	1.0
2572310013730167885	13244505661309500857	1.0
17143402285250182885	2103104096107943386	1.0
1564936246966155885	18066750418340526792	1.0
15585005355891580885	12160809463377011152	1.0
14489679327451967025	14903491759110407885	1.0
14483682513727274841	14903491759110407885	1.0
12888433402439060885	17347239846162202624	1.0
12507698660227847885	14607414104202149888	1.0
10979700552507106885	12661562166973871539	1.0
9166128708369320885	12375304370516918272	1.0
8751279069331605885	193273528320	1.0
7284278934074934885	15406236879766421504	1.0
7061802652126755885	17780970811244804807	1.0
686206707697177243	12446753887380104885	1.0
4207057021259803885	11797418573834485760	1.0
4035039171648340885	17993808822104204209	1.0
3322086930354699802	15117979976953149885	1.0
2521947408273019857	15117979976953149885	1.0
17110587067931355885	12376966879342755840	1.0
16201594588939177885	12594290781411344384	1.0
15521509512706717246	15117979976953149885	1.0
14477583338150365241	14903491759110407885	1.0
14210598096158394885	16839209445540471482	1.0
12888558746755207885	11869756663596580864	1.0
11254715267837828885	16842314445271248336	1.0
10387689080013627191	15117979976953149885	1.0
9593140459034711885	17567131146536353792	1.0
9041839826132442885	16415537890630616766	1.0
8407855825098450784	13164245676132125885	1.0
6753997338679436885	709085461569940596	1.0
6311443865899305885	14755170836134550455	1.0
4931128942465964885	15119634794436100096	1.0
4442951277300419555	14253241620651304885	1.0
3339140510424966438	15117979976953149885	1.0
3335372200552114892	15117979976953149885	1.0
3147265099552850885	193273528320	1.0
