8336303620123414907	2142085699552932626	1.0
7435248549882978907	16055527109040275456	1.0
6321438452446119907	15047849870691978177	1.0
4119998519555800907	12588938371692277428	1.0
2078975799372435907	12886723602014403003	1.0
16505892747360341907	13679397788956229632	1.0
14925567369117477907	13601368644188684749	1.0
11660462016654370907	12160809463377011152	1.0
9681263661007517907	16697002941671800832	1.0
8904811226936254907	17201203785447304378	1.0
866575881948758907	12160809463377011152	1.0
7917592305044955907	16628646368197532358	1.0
737018152946212907	15405363776530267848	1.0
7049010051730630222	16263240248690014907	1.0
387159485458952907	13099741855862489088	1.0
3735672236249587907	12309737262337228800	1.0
3477742287801762907	14605721955807047099	1.0
1911161547477078907	677852024450195602	1.0
1770540118755687907	16486213497336673715	1.0
16922700325854844907	16055527109040275456	1.0
15948374295426967907	13382143630006006494	1.0
12893791296785738907	193273528320	1.0
8750346597520236907	13671137106557140992	1.0
8159248318585179907	14397091857819548852	1.0
433372755175635907	13096090287552331776	1.0
3638779369049683907	13167619110629394110	1.0
3598191778156469907	755170409346163576	1.0
269635653402231907	14103852098101753267	1.0
18372291723602276907	14970457523545440256	1.0
17053091917187460907	6576896720593291471	1.0
16760579855928965907	12376439062221815808	1.0
16219087363676044907	12160809463377011152	1.0
1330708915115540907	12660969671940374528	1.0
13262707111084142907	13237950441704177610	1.0
12404978333613781907	801783994532009132	1.0
10744031612033845907	17277202050689531904	1.0
9413056257310378907	193273528320	1.0
9155593063363796907	14109426574809945047	1.0
7840681180767876907	15547529565659265723	1.0
7409901424742561907	17929291572143194112	1.0
401141807397958907	16842314445271248336	1.0
3479036413073749907	14830532479793758208	1.0
291387807433559907	13093045838639267840	1.0
265601093637407907	14750314319044454090	1.0
18280430618306215907	193273528320	1.0
17201703374294800907	14391807689455759817	1.0
16539977711402900907	13461194074444200145	1.0
1462275931969434907	12810147986508087296	1.0
10971062037521143907	14831430802268536533	1.0
10955930772914337907	12163577978156465340	1.0
