9478460901279421087	15474844219201335242	1.0
9241717122369524236	14751167514297819087	1.0
9221365928380559448	801447354219908087	1.0
9174937102341540087	2100539249133172347	1.0
8857880222227142087	12086478144672293075	1.0
754225404890347087	13678224635819253177	1.0
7542053998622103087	17711787332987781120	1.0
7376591495326999087	17926208790647013376	1.0
6955987215519258080	654678631829691087	1.0
6879295007963422913	11725080710880080087	1.0
6313937326475317087	14101576199226523648	1.0
5220222575551482234	14751167514297819087	1.0
3477354095840362087	17058124453344504266	1.0
3472988179914167087	648372417119812767	1.0
2501590432046400087	13389670981774082048	1.0
1954715492186021380	14751167514297819087	1.0
17861266416733838662	14751167514297819087	1.0
16186395120444891087	12086478144672293075	1.0
14398259246049307087	13382087534113238727	1.0
13728835374164467087	13102376307197476864	1.0
13448196036194846232	14751167514297819087	1.0
12241458761351089583	654678631829691087	1.0
11295556506536107512	801447354219908087	1.0
10964862049902062087	13675722108091345361	1.0
9245055326010117087	17279964144157589504	1.0
874540405044892087	15111796404861510096	1.0
7664579857013842087	12012195109324980224	1.0
6742640668420352087	855107254628873984	1.0
6310401696461984087	16842281404459909120	1.0
4782416209381601319	14751167514297819087	1.0
4337772620339292008	14751167514297819087	1.0
409761267643811667	15982922924022608087	1.0
4049059736096836087	13244505661309500857	1.0
3824565085749000087	17779304015772492240	1.0
3466258133615795087	12163563706889797632	1.0
323415162210486087	14178955352233540532	1.0
18172094171117025657	7773922192394654087	1.0
18167465987310177471	7773922192394654087	1.0
18159149362902068687	7773922192394654087	1.0
17941685858397429087	13245032434753404108	1.0
17869093693909589897	14751167514297819087	1.0
17860883408701181273	14751167514297819087	1.0
17860697720074260234	14751167514297819087	1.0
17230868403167936087	13093000638403500981	1.0
1658019160324105087	15626826365729294776	1.0
16458216638366999087	17993848446952057558	1.0
16329688433167011087	762376436451137959	1.0
15809828899389822087	2258210423513131049	1.0
15410696966818954087	11725077309466272945	1.0
14899956761178758087	14972690510073800657	1.0
