7539580388890310628	14753202852054695936	1.0
7349195711974591955	17279954123998952628	1.0
7296366832619218628	13632455664737832168	1.0
7225945331902933445	12157457125168509628	1.0
7029493432473898806	12157457125168509628	1.0
7011809183833504711	12157457125168509628	1.0
5943086114610086587	18290142492286300628	1.0
4260444596190105628	3892050380751397667	1.0
3471828092055104951	12157457125168509628	1.0
3468155242197119655	12157457125168509628	1.0
2185064719040546628	17641414225123344384	1.0
2179603496670029628	11660870250550788096	1.0
17724176890793454628	193273528320	1.0
15936916971127841628	16484858838881665024	1.0
13425149646072413628	14321375040677739972	1.0
12890208748697881628	193273528320	1.0
1114233708055628	16411022157720638423	1.0
10909252819503932628	15618449130802642944	1.0
9847651515423805628	15762571993985056768	1.0
8752799255869646628	15543596543847228351	1.0
8637054525618363628	16914292861552148682	1.0
8632462429566989628	13604768321256816640	1.0
841325244236739437	12157457125168509628	1.0
841295557422674150	12157457125168509628	1.0
8333563842591074628	11725119237562350290	1.0
7206045275602445628	14967082997812835697	1.0
7007858045836589945	12157457125168509628	1.0
6865728924490492628	12955439776579715072	1.0
6859682462012855628	12160809463377011152	1.0
6776704831270960628	8046755802339968002	1.0
5937787245843809503	18290142492286300628	1.0
5355055469113473628	12591434336012785868	1.0
5230214972469602330	15908059509268861628	1.0
3920119409227246628	15832348157229924352	1.0
3761270456171133628	16118645763738697728	1.0
3639355842632355628	733346176629462304	1.0
3469529593110950730	12157457125168509628	1.0
2296915626751791628	17926208790647013376	1.0
16928924834011786628	193273528320	1.0
14101637034306987628	193273528320	1.0
12889140838596002628	12238472287333908480	1.0
12881426923384495628	12814956163741253632	1.0
12874562741334630628	18280626227737840056	1.0
12750092535176587628	14389460139021172736	1.0
1229503869223891628	14321375040276715473	1.0
10917393955902150628	193273528320	1.0
856007048859389635	12157457125168509628	1.0
7033306255407517570	12157457125168509628	1.0
7025411645969322783	12157457125168509628	1.0
6437691229153395628	12810147986508087296	1.0
