9790472267650987651	12157692306207539200	1.0
8929386549715134651	14253260343555056333	1.0
7142584924466268651	14250454410299417040	1.0
6898526346924718076	8178779937809633651	1.0
6893143695429731651	12810147986508087296	1.0
5996595022917072651	13820087950944566481	1.0
5395754347228031651	12804790057756000256	1.0
495491721048138651	13097019340518064128	1.0
4182806076944597651	13675148166562562231	1.0
4127477475237640651	18290187627356725946	1.0
3935895936657933651	15119634794436100096	1.0
17377317701742993651	15474625412092395520	1.0
12263033110108182651	2157043224878439760	1.0
1096845593060905651	12160806204741779456	1.0
10528049699074852651	16054103241482305536	1.0
10334926566726223651	193273528320	1.0
9108647896766154651	13099741855862489088	1.0
8898312627737563651	17347289315595580618	1.0
8814395972550519651	17201728329858678784	1.0
8649504108330018651	13237963531620362422	1.0
8538136616552942651	17633744036303001553	1.0
7361651977871568651	16629167463694598144	1.0
7232017002673279651	14103763102084429243	1.0
6680519270766513651	2207956703754352034	1.0
4708579292574586651	17632648861145290933	1.0
3920899038239679651	193273528320	1.0
1865153372306316083	12661531517546046651	1.0
18338448863795144648	859973054092841651	1.0
16898454020912075651	802988461912999772	1.0
13606969360967662651	16194352477955472082	1.0
10262031858424961688	12742931506243805651	1.0
9346051969376542651	14397108286069407744	1.0
8284983082790726651	17203745852091269120	1.0
7878399092258025651	193273528320	1.0
7386150872544827651	17277202050689531904	1.0
6801898733966655651	13171527896298218421	1.0
49471882470690651	18066656887440338106	1.0
4460931736275887888	18289916104560126651	1.0
409193831916992897	12804295293206121651	1.0
3939387830881958651	14101576199226574005	1.0
2403247454204980651	6576896720593291471	1.0
1779349249984639651	13245032434753339392	1.0
17548912717987701962	14038494923628542651	1.0
16954028750472055651	12519709859727278080	1.0
16731592609796788104	859973054092841651	1.0
1485924223957639038	18289916104560126651	1.0
14260400952362304651	14607414104202149888	1.0
10234978808819026651	2238106347101009259	1.0
9574137483734817651	12742915117386753221	1.0
9469226873813274651	16629167463694598144	1.0
