9933735856954104957	17058206852292082864	1.0
8165871813286191957	193273528320	1.0
7856220166725603957	13817597540050141184	1.0
7206496448964883957	15908053982388466900	1.0
6094415761596927957	15982922924021637847	1.0
5669744691131144957	14110839558848686271	1.0
3987145247442947957	15474914471981403859	1.0
3134841171612948957	17203725000025047040	1.0
2986555678361451957	16992339555963156149	1.0
2422616712230490957	17929299417820479683	1.0
16810549650571391957	17496709621505634235	1.0
14950323542674840957	15542150737596303038	1.0
13789597610864768957	865297880734831523	1.0
12256454478250955138	16407360865604523957	1.0
1124295396372133957	15975060445778192850	1.0
1067907901798296785	13382440571835050957	1.0
8820715702908964957	193273528320	1.0
7236517247019265957	18138777171781484544	1.0
7222577034746065957	16624467201809711104	1.0
6825312366837760957	13675148166562562231	1.0
6695304725725486957	2207956703754352034	1.0
6028216474539184957	11725036787075121152	1.0
4212425366178291957	2186485336107941194	1.0
1964402228238825957	14535847956592442556	1.0
15711157817615303957	14684216129078741710	1.0
15622177872715949957	12378665543203346635	1.0
12199215529386128957	17639175587853095868	1.0
1047781746292894053	15185227247217866957	1.0
9236156128629223957	14469465037464403968	1.0
6696335496450514957	15545503246374075082	1.0
5270846466062489957	878988870392979384	1.0
3005472910655066957	12740586389875975865	1.0
2743142034194917957	17134768015892597176	1.0
16476683526515966737	13604768324473311957	1.0
1559664191773538957	18066750418340526792	1.0
12117441135171557957	17203745852091269120	1.0
8641914024854190957	13604768321256816640	1.0
3487488045511356957	16700729173693431808	1.0
1614142042040126604	13242469434494347957	1.0
16137471328428719957	15626826365729294776	1.0
1612574181484236607	13242469434494347957	1.0
1532531920782142957	14823869430739501056	1.0
12309809545966458957	12660969671940374528	1.0
11579389295010908384	2210009753851330957	1.0
9263073801798179809	17134404093511584957	1.0
9255557011976886625	17134404093511584957	1.0
8507130273907215957	16416665942316023808	1.0
8076044142308021957	13886271992643977216	1.0
7244707092529025957	13813339122369081559	1.0
7114497820685470925	1104613461798025957	1.0
