8916724727659357025	12742072909094764996	1.0
876658893412800996	12160809463377011152	1.0
7677422793163287996	15982922923216972226	1.0
7536837859780862996	12594290781411344384	1.0
7263231610602097996	12374149878689429171	1.0
3348571499558670996	2207956703754352034	1.0
3074486179882194996	18066750415608741888	1.0
17859987427171292996	709408508082002015	1.0
17584746560579197606	13103137070459713996	1.0
17552161487259654996	12519937432864488129	1.0
15297593538517508435	15833768764820674996	1.0
14775686161699320996	15542100228780895440	1.0
1277527033640243996	13820414420121084863	1.0
12353896383613617996	16120906256566234320	1.0
11835225141916718996	7409653270608499136	1.0
11622417922539475863	13093085372987660996	1.0
9933358423833600996	18208313577066987520	1.0
9545664048960139996	18066750418340526792	1.0
7670278872139726996	13167645395225731515	1.0
7530377945418057996	13632455664737832168	1.0
6703959298213145996	12160809463377011152	1.0
6122886072802747996	12012969070630721456	1.0
5233887619852802996	14758788332469092352	1.0
4587272017134889996	13099741855862489088	1.0
4146696015434307852	13103137070459713996	1.0
4136101666746395109	13103137070459713996	1.0
2517502876836591996	16415516969844926642	1.0
1752822698898841996	6046297596544985813	1.0
17016834224902513895	13103137070459713996	1.0
14734583397437898996	15404838266616152064	1.0
14148202495243725740	13093085372987660996	1.0
12502790444011567996	17633744036302946304	1.0
11478396803365008996	16054103241482305536	1.0
10766259821703839996	12598180832075579392	1.0
9381073115090354996	12160809463377011152	1.0
9093268383262895996	13099741855862489088	1.0
9061871627367838996	12238469134827977403	1.0
8183311985144610996	18066750415608741888	1.0
633457969042161788	14250976665806295996	1.0
6178763730576244996	18066750418340526792	1.0
6009182257328442996	17279412069061423571	1.0
5266784678935815996	855107254628873984	1.0
3839022112035316996	15258450302106401484	1.0
313090541891702996	14178955352233540532	1.0
16871707860527261996	14176958548923121664	1.0
12893099313241098996	15832348157229969095	1.0
12892826999373822996	13309800245224275968	1.0
11632601337310750415	13093085372987660996	1.0
11619740375523287901	13093085372987660996	1.0
10480991639923722996	13462613583888121856	1.0
