9778796222555756834	3909973373045838027	1.0
930412952319025027	13172410662401395415	1.0
872183186781553328	17424089172003567027	1.0
7521092195224696850	15261265051873508027	1.0
7216775327967671027	14398510147077263285	1.0
6705179972005403027	12236836205018655668	1.0
5857423605991819027	13748271102322451159	1.0
5210837468970057027	14823869430739501056	1.0
504829587203007624	17424089172003567027	1.0
3933633493859003027	12374181691835601610	1.0
3473338739594927252	11947437094362991027	1.0
2765720642439690027	16480048673078640640	1.0
17477406502368618027	18138721164029502933	1.0
17020122202684562549	17424089172003567027	1.0
15412364824496488027	17632654381625114624	1.0
12340422925946544027	12308819079933773772	1.0
12257753736178434027	193273528320	1.0
11876296802537678027	16844245256781168640	1.0
10944603367849583027	12163577978156465340	1.0
10871157099622658355	17424089172003567027	1.0
10676787855747269027	17203671166904958976	1.0
10575222359965354027	13679111937407844352	1.0
9415928621642637027	14250454410299417040	1.0
8702976163117999027	17929299414753524434	1.0
7813651957478932027	7745334481973876299	1.0
7379977647190022027	12160809463377011152	1.0
7247373516987296027	13099741855862489088	1.0
5746518298241596027	14110839554625808575	1.0
5528847334084551123	12236230511973956027	1.0
504977905307709290	17424089172003567027	1.0
3470675516245888027	17058124453344504266	1.0
1786805886104612027	16416729774120029624	1.0
14110886031660306685	17424089172003567027	1.0
14098242571334025027	12518853280039698432	1.0
11560840161134452027	193273528320	1.0
11381865858743327027	17065483514562657468	1.0
1063505320539561027	12018640390652428288	1.0
853644448367345027	2157043224878439760	1.0
8175471234243860027	13099741855862489088	1.0
6811833423347737027	17856391850982693042	1.0
6485111829431801027	659296065929313210	1.0
3355305857927827027	12594264487621601467	1.0
17478267217854644027	15831204583532705203	1.0
16995219587040709226	17424089172003567027	1.0
11629081079024861027	12162519127806296270	1.0
8004921132896669027	17632677479959232512	1.0
7384329913703300027	193273528320	1.0
6895802692770976027	14181451307158906293	1.0
6609111362307800027	16413866667316084736	1.0
6307522737214145027	12376729303226777600	1.0
