9407048027764019408	13237950441704177610	1.0
9046332624751235990	18138721161112977408	1.0
867735102356800408	12160809463377011152	1.0
8413946703888343522	13526204921212305408	1.0
8250332063643944773	18068626221100433408	1.0
8151700446262303273	13670604942929297408	1.0
7528656869679175491	12523884645248401408	1.0
7408318637948348408	12160240023509260767	1.0
7320205815209505491	13526204921212305408	1.0
7204629306431344231	15984112699239825408	1.0
6995449839033054526	13526204921212305408	1.0
6113630617174616408	193273528320	1.0
5948197880626428692	12742871069027729408	1.0
4961021879606061905	18354365026594193408	1.0
3632646874959821408	11876267958571429818	1.0
2998046097272295481	15326009892859281408	1.0
2838912781932472920	18068626221100433408	1.0
249132104674991408	13820087949671315905	1.0
2369723812400498581	13670604942929297408	1.0
2120935995294551406	17209308491869585408	1.0
18273234689856864610	14756599234882961408	1.0
18260914846724568457	14756599234882961408	1.0
18173243173345302408	2224647367055835448	1.0
17389282028960931172	15326009892859281408	1.0
17210271041551914408	12740586389759983050	1.0
16492172050498994408	14099314890366896619	1.0
15811554548080883359	14178947608407441408	1.0
15601610073354656136	17061548195114385408	1.0
15487344078521659408	12591434335276745666	1.0
15117284289187832408	15189739642938195968	1.0
14013575933049198412	12381197778611601408	1.0
1287821143682722737	15693910885854609408	1.0
12861739188801011234	18138721161112977408	1.0
12617781353823269883	13885396720013779408	1.0
12439831274506505097	18068626221100433408	1.0
12303256135252901072	12523884645248401408	1.0
12267811974141136487	17061548195114385408	1.0
12265082380748917408	193273528320	1.0
11103564371796568408	13099741855862489088	1.0
10971899491699991256	14614079335099793408	1.0
10400511551596427972	13526204921212305408	1.0
9768517480352075408	15331062037119762432	1.0
9075683400577538408	14101576199226523648	1.0
8902477543471836408	14104146827347492864	1.0
874386464758879408	12160809463377011152	1.0
8722846583867572161	18068626221100433408	1.0
7528470858892452408	13093007347004404169	1.0
7372831792231324408	13099741855862489088	1.0
7244110281142666888	14614079335099793408	1.0
5780828023753051794	14178947608407441408	1.0
