9365072622470540122	193273528320	1.0
879589289380433122	15111796404861510096	1.0
7834147473204535122	12739461449110257664	1.0
7535421185456840122	13093007345964265163	1.0
618497454944903122	17209914370021130240	1.0
5978699336885325122	11724231794001641143	1.0
5876041976277901122	15693882307142221824	1.0
2120876431213886122	2223058611427996020	1.0
17780197350019881122	15833159558156517376	1.0
15640507281341132229	12661562170022291122	1.0
15088377302668254122	803148970512311427	1.0
12893691267062425122	13530442447615688704	1.0
12576609681576514979	12661562170022291122	1.0
10080540309119547122	18071183659376890839	1.0
8858059984515038122	14110839554625808575	1.0
7583335080410206122	16416723408978444288	1.0
7240153519587562122	12160809463377011152	1.0
6987810165913854126	856351359968137122	1.0
5690370168127816122	16416736323945161935	1.0
3731706629780021122	15189739642938195968	1.0
18303141749128595377	12661562170022291122	1.0
16634805235878572122	2182136579466794748	1.0
12604555453458650122	14679166020297671618	1.0
12384331184086367122	14177829435146764288	1.0
11968016374560764877	12661562170022291122	1.0
11317568046166029122	16846484944787079168	1.0
9075495036123098122	193273528320	1.0
7247083772842621081	14038481789618535122	1.0
7138505823710703122	15617336501971964088	1.0
6846909747995113122	15264915640931113911	1.0
6008254590992621438	12661562170022291122	1.0
3177270164797153423	856351359968137122	1.0
2966907275815778122	808946247426886847	1.0
2422788773405500122	14972690510357382356	1.0
2152494101140615379	12661562170022291122	1.0
18315021659551984458	6876291449503329122	1.0
17877651751358876122	14108836248734924800	1.0
17764716410651933103	12661562170022291122	1.0
17629953121902471122	12309670195110734787	1.0
17463860086776501122	16343769424759674552	1.0
15080066194237474122	13093022740305149952	1.0
10943839250402816122	17424144073107488198	1.0
10718228534756975122	17203745855458700982	1.0
6976875235747186122	11949979157578770882	1.0
4037910413065513122	12668055891200953533	1.0
3906955090003778122	14608826968017456317	1.0
2735110848395347035	12661562170022291122	1.0
2550677706778629122	15620958353776181248	1.0
19265340061302122	11651911464167407616	1.0
12615291414363462122	17421553749729476608	1.0
