9802308930090401208	16628333050333285572	1.0
8919631202053950208	14756580421681668293	1.0
880831333914445208	15111796404861510096	1.0
870956040007167208	15111796404861510096	1.0
8429380643878860208	13241667907697508352	1.0
6703389867126039208	13099741855862489088	1.0
6647281806197036208	12597590501633599679	1.0
5865245162777911208	15331633800324900037	1.0
4367170574353632139	12308823499455070208	1.0
3792822729093492208	12519709859727324365	1.0
3648105830569152992	17209849335626334208	1.0
3480567994070741431	14830532479793758208	1.0
3473178240844461459	14830532479793758208	1.0
3468228252396680352	14830532479793758208	1.0
252512166394745899	17209849335626334208	1.0
18241939182748474765	17209849335626334208	1.0
17236836730221373208	14535864475946319872	1.0
16680717629017052325	14830532479793758208	1.0
1604359649260097334	14903186146572894208	1.0
1473296322761435208	15624327201576480865	1.0
13588031437041048208	13093085372987660996	1.0
12360662865011947281	16342978906405470208	1.0
9471512826271604588	13094745606306398208	1.0
9235140175698848697	12308823499455070208	1.0
9095557060224133208	17494201790101454848	1.0
9070815933901004208	14615824328772550656	1.0
8894764852498484208	12742930562914713600	1.0
8441284445683033208	17632677479959232512	1.0
7826260528783992208	14607414104202149888	1.0
7748146039880923069	12952564472068702208	1.0
7545314939803391208	12594290781411344384	1.0
7525661573125152208	17203725000025047040	1.0
7312177177791094208	15548338728907833344	1.0
7213168182521432208	14398554216874390379	1.0
6710931290012238208	12810149197688864768	1.0
6279281574280728208	32492149148745728	1.0
5607640726441167236	17209849335626334208	1.0
507868415254005273	12952564472068702208	1.0
3909389360848452595	16844261719390814208	1.0
3644990523239514639	17209849335626334208	1.0
3491795094582149940	14830532479793758208	1.0
3491173582713604100	14830532479793758208	1.0
3475633463116693540	14830532479793758208	1.0
3468313859649268624	14830532479793758208	1.0
2458282859288097731	16844261719390814208	1.0
18244077256283312592	17209849335626334208	1.0
18242101171807292054	17209849335626334208	1.0
18239219446367736260	17209849335626334208	1.0
18232772361037983810	17209849335626334208	1.0
18017375779910073208	11876267958571430858	1.0
