8191984660608014978	15839704061818502324	1.0
7008567797763470978	17858961473220627645	1.0
3943932696666515978	17496152293664358400	1.0
3171823497672170978	12452706656217790406	1.0
2782456554131612978	13675722108091345361	1.0
13824258940217707808	17065450417715979978	1.0
1266364094306922978	14756555267302752256	1.0
11549190447860112978	15042498599139203535	1.0
11358124923819012978	12157442772902608896	1.0
7830166078226746978	13675680254204696009	1.0
7376871166098886978	13386036975585198080	1.0
7220215571039523576	2163424029929489978	1.0
4014253732642481978	16767701513567993856	1.0
3925659732376018978	14101576199226523648	1.0
17614558988335971530	2163424029929489978	1.0
17241825750789224978	14101576199226523648	1.0
17011999676734398978	13820414420121084863	1.0
16773799477629384978	16192328272753778870	1.0
14321430284924290978	18290187623802663101	1.0
13836315965696943371	17065450417715979978	1.0
11540909681803316978	16342423627263695051	1.0
10974070644476814978	13675722108091345361	1.0
860478639010902978	12160809463377011152	1.0
7243401965001746272	16337270254176417978	1.0
7213091298269162978	14969919810819850240	1.0
6070663200349025978	16344305029097717760	1.0
5671160759426415978	11725049921085112320	1.0
478101407852066959	17065450417715979978	1.0
4580804470642889978	15111796404861510096	1.0
4251148142032508232	16695350490162710978	1.0
2029646683567648978	18067309989717868544	1.0
17992586433464607978	15768970150931333120	1.0
11538808433891618461	17065450417715979978	1.0
8886065915517004978	12738398340245280177	1.0
862868990267847978	12160809463377011152	1.0
392994572942146934	12662972904816822978	1.0
3662609450141446143	2163424029929489978	1.0
229498337677375978	193273528320	1.0
2199903898408865523	17065450417715979978	1.0
17531304639107030176	16557160531710699978	1.0
1589113994171616469	17065450417715979978	1.0
15605932227746896978	12160809463377011152	1.0
15597278323809887978	15111796404861510096	1.0
15521685584969024971	17065450417715979978	1.0
12485895033931534978	746308789442735014	1.0
12269652208832433978	193273528320	1.0
12257813264443483978	17858650183441627592	1.0
12221868018451223660	16695350490162710978	1.0
11387187220006084978	193273528320	1.0
10864279784514165978	18067270497405231311	1.0
