8397858418546817089	14895929344059768832	1.0
8376708246402606089	12741792460466146504	1.0
8373798599004509089	17422704903318720976	1.0
7436864406451683969	12092714431936647089	1.0
7253370273645060089	12373263659755896832	1.0
5329664389849386751	15040004948722118089	1.0
3835298166113296089	17779304015772492240	1.0
2805080273021453089	12591434334990888140	1.0
1870630596743672089	712227427146303991	1.0
18345179682891154089	17131935672828601284	1.0
1658076583408080089	15984034496475343035	1.0
15595834265617103089	15111796404861510096	1.0
15363393692752936089	14038499261545447424	1.0
12435720273851954164	12092714431936647089	1.0
11109769847997787089	14101576199226523648	1.0
9982792539628972089	13308612815392915391	1.0
9035017466117279089	12377006633560047616	1.0
878857246595835089	12160809463377011152	1.0
8606670264576587089	16118586235491975168	1.0
7889608722283892089	13600824497602035712	1.0
7834933594794676089	17926250386813680848	1.0
5429029059828060089	16767701513567993856	1.0
4619763285885153237	15040004948722118089	1.0
4619369373018500602	15040004948722118089	1.0
3756893274260567089	6780305217838459740	1.0
3755238888116593089	12526381747824294587	1.0
3154607429293287089	16194352477955472082	1.0
20391214137038089	15477443374495039488	1.0
1973973706213280089	760596443485130039	1.0
17523324009964636089	13099741855862489088	1.0
14576546743035540089	14677425524280703414	1.0
12433067710535773930	12092714431936647089	1.0
11399231536775620089	15975084484710105088	1.0
10144503665805758369	12157394312786651089	1.0
100762357189606089	13031121249273698767	1.0
863145225263329089	13099741855862489088	1.0
8621985972781844089	13101733099988494802	1.0
8249933537921345089	14684208359884761041	1.0
8145933412687653829	15040004948722118089	1.0
7952716050937279089	193273528320	1.0
7455401828711446089	12742883210900275200	1.0
6885964985125859089	16051672169733685248	1.0
3728608780357463089	11725036787075121152	1.0
349604559717910089	737393233914470755	1.0
3302159326413611089	14038499261545447424	1.0
2790315536280482089	14684208359012286129	1.0
2277407682224145089	13894122543311475127	1.0
17978372879170842089	18137300604974792704	1.0
15976319328198676089	13382143630006006494	1.0
14049575623931812734	15040004948722118089	1.0
