9935874780790283879	15116240576271351808	1.0
9767555661146127879	15404838266616152064	1.0
8724550071708176879	750906116216029159	1.0
8406962336138439879	13241667907697508352	1.0
7246733582675798879	18067270496918688494	1.0
4910181412114555879	12237090218397663232	1.0
4129843581667274879	13103137070459650048	1.0
396206801672985879	16055527112726849713	1.0
3618311208542086879	12810147986508087296	1.0
3485978145444939879	16055527111872279761	1.0
17162769251179042879	14760225364101824512	1.0
17024421306240722879	685943812871201062	1.0
15583649599914490879	13099741855862489088	1.0
13513681919352559879	13097019340518064128	1.0
111104518137491879	14391434917739279565	1.0
8988890258730058879	15048676746385744831	1.0
8324426862459223879	650867393997934038	1.0
6418931697199881879	13316764435910492160	1.0
3470771422775474879	17058124453344504266	1.0
1870114742911503879	193273528320	1.0
1846902237469534879	17061844130520540601	1.0
17696586195450619879	17493311164208119808	1.0
17162741998156819879	17134404090428653568	1.0
872615357642660879	2157043224878439760	1.0
7366624387624368879	12160809463377011152	1.0
7146743394910422879	13678180522210099200	1.0
6933057482272357830	12661569892423613879	1.0
3476029828575196879	17058124453344504266	1.0
1953302112904564879	193273528320	1.0
17817269094743763879	14173577700584969942	1.0
16809609417834272879	14182085593118277632	1.0
12541129384749524879	12742883210900275200	1.0
9761459849078199879	755170409346163576	1.0
7460449245273250879	13600835381049163776	1.0
7230904206642351879	12011615653812240384	1.0
7195535937554116879	2118759899611367699	1.0
7105789189156289879	14177829435146824908	1.0
5792604120222918591	2060338878774072879	1.0
3467572204715578422	13675972839743729879	1.0
2944920550467835879	14684199618585209028	1.0
18191476370158433224	14831430802268530879	1.0
1723109437838555477	656137439219235879	1.0
1573351146073780879	15905492030101389312	1.0
15601527468147766879	12160809463377011152	1.0
9953362707878529990	15477463131205522879	1.0
9646664578586511879	16768011686691207118	1.0
8984013890737052879	712227427146303991	1.0
8870247769904938879	14535827191335223296	1.0
8401816595968073879	15545503246374075082	1.0
7246733582675798879	12373263663962511050	1.0
