8428003130612829869	13031121249273698767	1.0
7874897912571833869	14321061736860403638	1.0
7008836835502555869	13814777297019863040	1.0
4088570320829882869	193273528320	1.0
3140082317825481869	12518875261682319360	1.0
16638529964995424869	17785493082070889940	1.0
16209566421906593869	12163305355727600564	1.0
15615610532711050869	11802204790899923165	1.0
1549294096317370869	12378340044811854783	1.0
11367665849961969869	193273528320	1.0
11206033537164209869	18282841803797361859	1.0
10733142302217974869	14110817478493908679	1.0
10510603853339062103	16122542199454300869	1.0
9649523915053772869	15908047299419308032	1.0
9327708022429542869	806120339347395156	1.0
888944430183298869	17063229421407698944	1.0
8552065733572079869	13099741855862489088	1.0
852745215449612869	14608826967782570682	1.0
8246430648551651869	15765606658962620416	1.0
5677262948806038869	15264005103569338368	1.0
5441353157875973869	17203745855458700982	1.0
3479368177893936869	17058124453344504266	1.0
18181557710255137869	18288800116260582835	1.0
1582424287035348869	11876267958571429818	1.0
15582831627703408869	193273528320	1.0
14487040976300620869	14250454410719385290	1.0
13051029344138415869	4173076784672406704	1.0
127398030139855869	18290141418544431104	1.0
12324593085229313869	16628646368197532358	1.0
12177423843419059181	2377668723709082869	1.0
12066360103853805869	17281335222272524288	1.0
11121826783327426869	13099741855862489088	1.0
10345304261254805869	11869754459066660823	1.0
9548356139917038869	13096090287552331776	1.0
8617558209111502869	11651554092823661250	1.0
7250942332756505869	12373263659755896832	1.0
684263733238544869	13099741855862489088	1.0
594761116566384869	14758828957100391863	1.0
1969972221786688869	2110592599261148609	1.0
1868142722675810869	15981235224893969340	1.0
18263943291863681869	14325640171997888512	1.0
17709093019664107869	193273528320	1.0
17660519408618447869	13675148166562562231	1.0
15899202600862230869	16118586235491975168	1.0
12887727554521946869	13165946723735961600	1.0
11067858953472819869	15472897976246001584	1.0
9080192622255198869	13461776838070107060	1.0
7307252761505529869	17280014627203186688	1.0
6766537269427403869	2144323821030495262	1.0
6684242420128138869	12319271050352263168	1.0
