8577136520589420619	822003677609892328	1.0
8404852386317000619	13241667907697508352	1.0
8301481912596698177	15477296546743122619	1.0
7536531133293934619	12884486079331223246	1.0
7533913651975478976	16341534161011538619	1.0
7532950505537567786	16341534161011538619	1.0
7524079035781613481	16341534161011538619	1.0
4015997978649700788	17923109082684765619	1.0
3635167664442685619	15474625412092395520	1.0
226858608377433619	14895836890593814706	1.0
18429268807185953773	12595381544190802619	1.0
17824865330573751115	14099314890366896619	1.0
17619548005276564705	14099314890366896619	1.0
17550841800699014602	14099314890366896619	1.0
17550685103075186277	14099314890366896619	1.0
17183239309740460619	15616695491360774845	1.0
16085175030584486619	16629167463694598144	1.0
16014150519795046218	15477296546743122619	1.0
15285646628800261619	12742930562914713600	1.0
13341565768127242619	15189143711930908672	1.0
1326982705356891619	13241667907697508352	1.0
12452697589034578319	16480048676027953619	1.0
11391446540235505619	17564867423893454848	1.0
11310224558563763619	15768970154434689234	1.0
1064707738981767619	12374149874717882578	1.0
10340580321516948619	18354133072590448076	1.0
9363050638848218619	16411065107393544192	1.0
9053768941248876619	11873447900224684032	1.0
875546861887497619	15111796404861510096	1.0
8064285757874775193	12595381544190802619	1.0
7618566541848163619	193273528320	1.0
7536457827330414909	16341534161011538619	1.0
7523072995547405115	16341534161011538619	1.0
7207132778453655829	2359293085917895619	1.0
7064983911598272099	12595381544190802619	1.0
6815570398211474489	16480048676027953619	1.0
6074149803593452619	3257407512241296206	1.0
5866131707933736619	13894122543311475127	1.0
4670608182197111619	18208242172678942935	1.0
360353089037639990	17928174570666897619	1.0
341147288068111720	733406641451202619	1.0
3398833904208172265	16341534161011538619	1.0
2637987864171883619	12092725521675889593	1.0
2158951088137249549	16341534161011538619	1.0
2107925399594785774	12595381544190802619	1.0
1794052758873140619	16268883986040750080	1.0
17827325599393301496	14099314890366896619	1.0
17538981722755159489	13684677751167047619	1.0
1715464206289899738	721581461918198619	1.0
16831795715673098871	14099314890366896619	1.0
