9705044367370941301	13893545269440532179	1.0
9700441644045073537	13893545269440532179	1.0
8871483474797879804	13893545269440532179	1.0
873255389388789179	12160809463377011152	1.0
8578558040025095657	12958818554337077179	1.0
7890375562512423179	193273528320	1.0
7882741274302264179	13093007345964265163	1.0
6865835559249818643	12958818554337077179	1.0
6349354455763967571	12958818554337077179	1.0
5457497004802320179	17777319415709222581	1.0
4878674029369816775	12958818554337077179	1.0
4717072963232214179	11872877013171747271	1.0
3363144885613155179	13759279653766299648	1.0
3215046957090256883	13893545269440532179	1.0
17255084444824997179	776614532326365368	1.0
16989841672424664179	13319031701901410304	1.0
16911909760338688179	12163305355727600564	1.0
1593938540181622307	12958818554337077179	1.0
12869402380751214179	193273528320	1.0
10645759601303836179	16912611716192595663	1.0
10565576936968069179	15407596974824403159	1.0
9704667518327239106	13893545269440532179	1.0
9453850134464511555	12958818554337077179	1.0
861635192193550179	15111796404861510096	1.0
8370206206640936720	13024610018731128179	1.0
7338200293930360433	12958818554337077179	1.0
7302992038785172179	17711787332987781120	1.0
6262254081983617264	13893545269440532179	1.0
6259631862705044518	13893545269440532179	1.0
4330868860151605179	12955379225405334969	1.0
4062386087560549179	13244505661309500857	1.0
2708889133759084240	13893545269440532179	1.0
2708511378475676942	13893545269440532179	1.0
13169244523604701179	17637219536723771392	1.0
13038392730818084179	17201728329858678784	1.0
12871651113899997179	13814767371350441984	1.0
12611200040005747179	193273528320	1.0
1012734423112718434	17058209235998911179	1.0
9635637755441341346	13024610018731128179	1.0
8412979160174055179	13241667907697508352	1.0
8150267805158400706	17058209235998911179	1.0
7679866841786140179	13166458048182527665	1.0
6316447202174752179	14321093553978081280	1.0
6181923324560504179	14970466311048527872	1.0
6105225182045291179	14606488375541104640	1.0
382071780889918179	193273528320	1.0
3476235140868019179	15762520415722799104	1.0
3033800557983986179	13820414423606617795	1.0
17948280241929089501	13893545269440532179	1.0
17883480381027375112	13893545269440532179	1.0
