9855598643049032126	12092624392007318986	1.0
860366759439883986	15111796404861510096	1.0
8273916240507304986	893095974318786288	1.0
7605160553257393986	7431901424634149830	1.0
7255532748011834986	12742883210900275200	1.0
7218294376273517010	18360570708879439986	1.0
7010159328350564986	633759903431830698	1.0
508188400359077986	13099741855862489088	1.0
3482288936017949986	18141608457172744397	1.0
3478954890286975986	840493666729087540	1.0
3020949762965061986	15624312787672286581	1.0
2979750231889407986	16698714970242329302	1.0
2524285398482365733	12092624392007318986	1.0
2518397062729305439	12092624392007318986	1.0
16803552757313661986	13099741855862489088	1.0
16752772327029869986	14320219523838377984	1.0
16238288912076586150	813011390534738986	1.0
15597975555959410986	15111796404861510096	1.0
11669620403373004986	14101576199226574005	1.0
11405932033451119986	18067270495995286732	1.0
10612063405889028986	7350850005586656570	1.0
8183694958304635986	12016157782731774143	1.0
7115889124455793986	12591434336012785868	1.0
6950841508914025986	17424052819400372692	1.0
5911963390766352812	12092624392007318986	1.0
5310506340752092986	17926203151354953728	1.0
4756271138123129986	16342664470384995017	1.0
3931759557349634986	14109479402907631616	1.0
17389391212404062551	14398568522550977986	1.0
17184988194683100986	13103219615436111872	1.0
16626931955146295385	12092624392007318986	1.0
10884160364001704986	2103133692682788645	1.0
10642197964058513986	14038550942886920192	1.0
633342017573293986	11730681658297286656	1.0
4723515672462606986	15984060953473843200	1.0
3976743197847170986	13746372246249668608	1.0
3786634083954669986	16988383474471665664	1.0
3646588942772926986	4173076784672406704	1.0
2778313740789946986	15622074293653928626	1.0
2219028376383402986	193273528320	1.0
15817534302623389986	16270358362414163670	1.0
1562111497303040986	17203745852091269120	1.0
12892734447138587986	13309800245224275968	1.0
9011374580112850986	15695020275282076093	1.0
844347883613586823	12092624392007318986	1.0
7293995031507949986	17203745855458700982	1.0
6761429535311706986	13814732203601473751	1.0
6325245687639203986	193273528320	1.0
6123018046265576986	12591434336012785868	1.0
5813572054350106986	643441137432440335	1.0
