9524745169921739359	701219393789853983	1.0
9382112458689249115	15185288861438432983	1.0
860903772073710983	12160809463377011152	1.0
8411828001537582983	12591434334990888140	1.0
7374494150744207983	12160809463377011152	1.0
6796711040951531983	14538980560618978484	1.0
524153769095919983	13389729151633043147	1.0
2986387865379032983	14903509360041834447	1.0
17030404195563279116	12735871569415386983	1.0
14422188886102755983	17929299417820479683	1.0
12864472595734148983	13099741855862489088	1.0
12253955619321473983	12160809463377011152	1.0
876241817660223983	13099741855862489088	1.0
8182991198055489983	13099741855862489088	1.0
7412574241871372983	12160240023509260767	1.0
7245311619148559983	13886238881729404119	1.0
7020446006932803983	12452648352036683776	1.0
6716517192703646983	193273528320	1.0
426136907805949983	17497039603842940928	1.0
17610962266788404983	193273528320	1.0
15570113141034378983	15402248946797561525	1.0
12194087071221596433	15185288861438432983	1.0
11529823023754192983	12372790947065408710	1.0
1066165402925822107	15185288861438432983	1.0
10375294995188828785	6330057658766816983	1.0
1035588599156150983	14758828954269841868	1.0
7197891765393265983	17061584521947789160	1.0
3945651684348140983	16628385762466856960	1.0
3490985244079216983	17058124453344504266	1.0
17981186872235859983	17849407714468298752	1.0
16540878543424405983	12088122859738686924	1.0
12252415864847470983	13099741855862489088	1.0
11926855715086842518	16701833241203040983	1.0
11541524957489189983	13678744562996397497	1.0
11378544092433200983	14970466313812169660	1.0
1065585518026931580	15185288861438432983	1.0
9160120945450574983	14903491754970841088	1.0
872496893859258983	12160809463377011152	1.0
8049766917796448983	193273528320	1.0
7809977296568002983	11801087750232799441	1.0
7535122716057074983	17203745855458700982	1.0
7053233986908366983	13632455664737832168	1.0
6582754613242290983	17632714841879788478	1.0
605522674920595747	15185288861438432983	1.0
5897304153694164983	2232215532558527958	1.0
5600561017819602983	15111796404861510096	1.0
4445155513943522983	15545503246374075082	1.0
2576036281090399983	2089776034850842290	1.0
2352382306156368983	16120906256566234320	1.0
17149450296977929983	16192328272753778870	1.0
