861978991367271934	13099741855862489088	1.0
7249192736103287934	13093085373625653973	1.0
7242279731696778240	13742448182325855934	1.0
7241623340365502934	12373263663779199673	1.0
7203654662401907934	13748889041250549760	1.0
6997757086991775934	11660329406794039296	1.0
6881956964758386934	14538405533217498826	1.0
5583824594659222934	14321078268189474816	1.0
4638884527682064934	12587802589065641984	1.0
3929129651036755934	741909301666893271	1.0
3638611043860640934	14463009800402816723	1.0
3552116914067652566	2286519308506118934	1.0
3484997947926022934	13892131204209108925	1.0
18249863169897390934	13678254202374112204	1.0
17540081131336545934	12238472287333908480	1.0
17373648618924720969	16338422615009054934	1.0
17028739066452943033	17926250386058623934	1.0
16770021987619482934	16697012936060698624	1.0
16769021232034213934	16192328272753778870	1.0
16243089168903673934	12730220638007645180	1.0
14460559106683661934	18066750415608790742	1.0
14439661652519761934	16916829426694488064	1.0
11475080886563497767	11939826323431679934	1.0
11168974020889986364	11939826323431679934	1.0
10730189649681765934	15047849870691978177	1.0
9818949795912587341	14181741474696905934	1.0
9380459863511218	11939826323431679934	1.0
792892514080709934	14177829435146824908	1.0
6868770938420623934	15264927568055238656	1.0
5952460876243760997	11939826323431679934	1.0
5022711238430994934	17995227154157183412	1.0
4591348747049857934	193273528320	1.0
3182277877140621934	13893545266356682752	1.0
1962773228698838934	193273528320	1.0
11334567260652413679	11939826323431679934	1.0
7270297282086086934	12308865237947300305	1.0
7244731390543558934	17641426379880792064	1.0
5949837729195141069	11939826323431679934	1.0
401788780661300934	18137395158679814144	1.0
3066027913098697934	12308865237947300305	1.0
17429156883453524934	14177872376229789696	1.0
16702561361437886934	14970518993117437625	1.0
16211503356597198934	14535573195559272448	1.0
16206562916957772934	18137395158679814144	1.0
16023189055061411963	15038588692165279934	1.0
1498687040196171856	18067270496533460934	1.0
14022070690661977934	13814783833822130633	1.0
11825618572232902934	15623235283443515392	1.0
9438746631983152934	12594290781411344384	1.0
8039336730730046934	12374149878689429171	1.0
