9999724723814501523	2182136579466794748	1.0
9083729925805583523	17921129987524526080	1.0
8347046900941723523	817123435287997910	1.0
8237049564011894523	14030349778965625531	1.0
7686510110985912523	16845909810011439104	1.0
7467069378021104523	12446230558499930112	1.0
7105682813224504523	13241667907697508352	1.0
6679956651489089523	193273528320	1.0
4721368613962670523	13093085373204834481	1.0
3356238849464408523	15545503246374075082	1.0
302283956787828523	16342423627263695051	1.0
26893897682814523	17711785159734393531	1.0
2209929639828984523	14901768781595410432	1.0
2007303527817047523	193273528320	1.0
16329101345573345598	843928622766516523	1.0
16265995790014089387	12519658232906766523	1.0
14081826304763779523	12237051808505135104	1.0
13801720504002535460	865297880734831523	1.0
12648736329841130523	16407103511164151491	1.0
10635942412219929523	14465484856911462400	1.0
10067140762448369247	12519658232906766523	1.0
9430041558625514523	17995227154157183412	1.0
8581047801375232105	12519658232906766523	1.0
8173579299634715523	12595367207589967814	1.0
7451994944538580523	13099741855862489088	1.0
6720640015480995523	18143578695284732119	1.0
3377100621065785523	14970196973649439673	1.0
17534737822030358523	17061584521951277928	1.0
13799683435329674024	865297880734831523	1.0
13789119804198847072	865297880734831523	1.0
1226737201897080208	13093019334396142523	1.0
11748892911600108691	12519658232906766523	1.0
1108694257079128523	12378665543203346635	1.0
10084005784893293360	12519658232906766523	1.0
9064263137962215523	15908059509922977482	1.0
8770328847910851523	6713641982744935305	1.0
852623843868146523	12160809463377011152	1.0
8418104980421752523	17632677479959232512	1.0
777757659201442743	2310717403759436523	1.0
6746307116627674523	12092714431684464576	1.0
6488657329242339523	659296065929313210	1.0
6325040705083655523	15542116605491202774	1.0
5198121632965258523	748587662645519041	1.0
3938959430851171523	16055527113095699388	1.0
2199903898408865523	17065450417715979978	1.0
17920667725651359510	12519658232906766523	1.0
17210539847520992523	16777233313013170176	1.0
16837502202226105523	193273528320	1.0
12881144881470658523	193273528320	1.0
12782008381509688523	12519678970322485248	1.0
