96676593440229585	17997504195493625856	1.0
9595280765831427609	13093057954742009856	1.0
9403471713300253856	17853384647635030999	1.0
8993559262456119856	13601072926391464406	1.0
8875243324390083787	16767701513567993856	1.0
8857847508560939043	16767701513567993856	1.0
8586152489732513868	16848145177280249856	1.0
8556086607827449856	14177872376229789696	1.0
7776846835894060113	15182180513382137856	1.0
7762219969190480856	15908053982388466900	1.0
7247580753372656389	13675118365146873856	1.0
682629228434879636	16767701513567993856	1.0
600505213276031461	13462613583888121856	1.0
5429532945424646562	16767701513567993856	1.0
5411789301586289655	16767701513567993856	1.0
4527525879896822784	13093057954742009856	1.0
3267656393746347856	857979810551291653	1.0
2399684946537336856	12449906234461519872	1.0
17913924135207714045	13675118365146873856	1.0
17860704810995070856	16550995485494607872	1.0
1760754913406660856	15264848384574146995	1.0
17201618756957995803	16767701513567993856	1.0
17198638161245726507	16767701513567993856	1.0
17194687409803944393	16767701513567993856	1.0
14330510399876663856	15832348157229969095	1.0
1396045053213823856	13093085372282619574	1.0
13690751192041913430	16767701513567993856	1.0
12865497588268062856	193273528320	1.0
11857171726057334784	18155313826663292856	1.0
11665302286091697090	13675118365146873856	1.0
11460762358306632856	17131366199289435832	1.0
11370392953354119867	14033462519037689856	1.0
109306297017937602	17997504195493625856	1.0
10748191773255709100	14469446259867385856	1.0
10693614963671010856	15615660777904537600	1.0
10633228338390246856	16912611716192595663	1.0
10326010674713751070	15182180513382137856	1.0
102604747796513743	17997504195493625856	1.0
100511470991035648	17997504195493625856	1.0
97958404930470736	17997504195493625856	1.0
9657591740098892561	17997504195493625856	1.0
9634422469886235856	14903528056034426880	1.0
9522824238371027441	18155313826663292856	1.0
93559559488744138	17997504195493625856	1.0
9310473066533730856	11798558861881800045	1.0
9094012685360279212	18155313826663292856	1.0
8871732570962882100	16767701513567993856	1.0
7642592150671562856	17127649768031312834	1.0
7525062776490134989	14606535710375673856	1.0
7425672838676140299	14469446259867385856	1.0
