4038048887146856332	17993808818517104079	1.0
2092959711104136079	16123915576941740032	1.0
1916311260519862079	193273528320	1.0
14337313310361702329	17993808818517104079	1.0
14321205439132517825	17993808818517104079	1.0
11709686774846893079	15977581613055794108	1.0
9528694813309912079	14967082997805744128	1.0
8701044471482088079	12742930562914713600	1.0
8043223001103275079	15975084484710105088	1.0
7538514768880212079	17560878236794140094	1.0
7289283111771857079	14030366195509624832	1.0
7047818374394273079	16263240251890969529	1.0
6112684599721119191	14540964070648294079	1.0
4578340568086627079	15111796404861510096	1.0
4543316589551197022	17993808818517104079	1.0
4406680886713987079	13096364078526422201	1.0
4006537146512489079	16629167467113067712	1.0
397094350405044079	13024343854060118480	1.0
1870674016898778079	12163283348604634814	1.0
14334156612520677289	17993808818517104079	1.0
13520848205722199079	16127349398275023538	1.0
11288614134182990079	13093013845427879936	1.0
10116416607442371079	11651896049529782272	1.0
860204186368395079	2157043224878439760	1.0
8032845820031996079	15111796404861510096	1.0
757987685691286079	15264848385614860741	1.0
7202158549151169913	7310593856066580079	1.0
6504080166817751079	16342898645610789577	1.0
6055805534500425079	14250454410299417040	1.0
576248736918824079	13958560509893541888	1.0
4045400595507666168	17993808818517104079	1.0
2549679256094932079	11725036787075121152	1.0
18208327452064972079	15474637505592022482	1.0
14344308923100099638	17993808818517104079	1.0
14321831709818983726	17993808818517104079	1.0
12972381198923252079	11725119237562350290	1.0
12271328499971690079	193273528320	1.0
11520964004524153079	193273528320	1.0
10339061592617842079	16411065107393544192	1.0
9887650020731573079	193273528320	1.0
9372657741282767079	12157692306207599050	1.0
9286434026571598079	12018091691400495104	1.0
7555779609180592079	13820070293847799475	1.0
7332821842370939079	642010110643012598	1.0
6840730158498642079	193273528320	1.0
4524166915041139186	17993808818517104079	1.0
4037592151614318974	17993808818517104079	1.0
4025201016307259476	17993808818517104079	1.0
3256844530409635079	17199461184126897096	1.0
2394600915517424079	14104339164572985297	1.0
