9864780781379369962	11876267958571430858	1.0
9615836321251214962	13244482571565268992	1.0
927362977085388283	13313132756633301962	1.0
90309503916277962	193273528320	1.0
8400736231205860962	17632677479959232512	1.0
8382060686663440962	14969919810819850240	1.0
8264612317600222887	2356015486989526962	1.0
7207880051264528962	14030334275312745672	1.0
569269916865733	15767904599505942962	1.0
500788508290654962	16265556922436601035	1.0
4243259458490193962	18071248556332679168	1.0
3944317058917229645	13101719910143936962	1.0
3755653884643564962	2186485336107941194	1.0
3715923053550953675	13313132756633301962	1.0
2741340329682781962	14612182789211081157	1.0
2730498238892729962	15185278958624104382	1.0
16566898933957572736	13101719910143936962	1.0
15113057565131738962	13820087950274834890	1.0
1477809944293955438	13313132756633301962	1.0
13534471051760680199	13242547400310710962	1.0
1322250628017239532	13313132756633301962	1.0
12348903588071738175	14397081932150122962	1.0
11596496708583704962	12588923021479116800	1.0
10274509894274098962	13099741855862489088	1.0
9785373681661400962	14173576510041149648	1.0
9222959274811379962	13099741855862489088	1.0
8797458893901835253	13101719910143936962	1.0
8527044110372396962	13093045838639267840	1.0
8035700834484594367	13101719910143936962	1.0
732760045136221056	13101719910143936962	1.0
7065601683439544962	17281335225238923217	1.0
6234546863853472484	13313132756633301962	1.0
4777160656136166962	14110839554625808575	1.0
4664433595652260962	14321082588926574592	1.0
404973605517249349	13101719910143936962	1.0
3471675836099195928	13101719910143936962	1.0
2394898139680739962	688133965757636197	1.0
236928478727227962	13742359097527821767	1.0
1975296215376404962	14535928346404978688	1.0
1893878180112791962	13814704819446797271	1.0
1849899971873647408	13101719910143936962	1.0
18263993022566423962	15047849870691978177	1.0
16833308862810652857	15767904599505942962	1.0
16544881744764478019	13313132756633301962	1.0
16077719694475700962	12016928373738569728	1.0
15787978896766367305	13101719910143936962	1.0
9586151391759027962	18208331268037279744	1.0
9348342454480560272	13101719910143936962	1.0
9042381827562471962	16053345660790898688	1.0
8090449746213054962	15616695491360774845	1.0
