9874038749846659842	12665707407414982598	1.0
9159838822079788598	16696500447678089905	1.0
8524759011751916598	13093045838639267840	1.0
8197613134005029598	12016099479410180096	1.0
8061222694918333745	12665707407414982598	1.0
8056419590124500358	12665707407414982598	1.0
7586938947955142598	17926250386192838097	1.0
7474045817997888209	12665707407414982598	1.0
7459446347861465073	12665707407414982598	1.0
7050853973649633598	12594290781411344384	1.0
5070860355169176008	642010110643012598	1.0
2928403637776040598	15114860749308091078	1.0
2575758336663645565	12665707407414982598	1.0
2430150742461278598	16268894878077812736	1.0
2258173525603283598	6147669372627320832	1.0
2134406178886479598	16633179610930793402	1.0
18107503159109706598	17997504195493625856	1.0
17735600700632824598	11876267958571430858	1.0
16624655493520438598	193273528320	1.0
15581155173080279894	12665707407414982598	1.0
11681382456161762067	15472114027604988598	1.0
9877902884821955320	12665707407414982598	1.0
8312821947753988598	2118759899611367699	1.0
7330820870699295598	13093085373625653973	1.0
7326076029250265483	642010110643012598	1.0
7216495639927291598	17416211093881094144	1.0
4079245273130147598	1993579822397254101	1.0
3963374664313387598	14321061736860403638	1.0
3029002730610582228	14608826967696721598	1.0
17173979282837443598	12235682938003453898	1.0
13533362902772598598	12521376702175166908	1.0
13050335097141463598	12595416634073591217	1.0
13036593626897990598	18066742631648588993	1.0
12181718548789604598	14750314319044454090	1.0
11546946271409605598	13165946723735961600	1.0
11455925762510677598	193273528320	1.0
10964028165209148598	14399950651935090381	1.0
10743226705051474598	15617336501971964088	1.0
10415586988772150598	12660969671940374528	1.0
9648915771501289598	13093085373204837821	1.0
7485999000932427598	782294051282525803	1.0
7240389509253227145	12665707407414982598	1.0
5856181048628035598	12377006633560047616	1.0
3602229254153896598	17993751659627870396	1.0
3471344809477258640	13462567489690513598	1.0
14085493914325341277	12665707407414982598	1.0
12679670505370690598	11873431192801902592	1.0
10746009273171561598	18067281509789728768	1.0
872170261550443598	15111796404861510096	1.0
7367745915290280598	12160809463377011152	1.0
