9574801659066718499	751776529682415723	1.0
7914940088562829189	759980415859315499	1.0
7536066208808154499	13632455664737832168	1.0
7472665149540806600	15764523631129901499	1.0
6072266493812333499	17136100752778915002	1.0
5804450583015712499	14391434917739297228	1.0
17703810206352928499	12742842503200300752	1.0
16125317022977631499	18282034783737407666	1.0
15285391393085549941	17058762152908749499	1.0
14912874107035020473	827086900742967499	1.0
12276845908718683499	710467852517290909	1.0
12172313624504071499	18141578816910770374	1.0
12137891441150466629	12158491735697506499	1.0
12059689394555514499	13093013845427879936	1.0
11622880362725622096	17923109082684760499	1.0
11455185817668955499	18083888489188227281	1.0
9672282571224231499	16201404809960488960	1.0
879970171397674499	12160809463377011152	1.0
7999926480502059499	859758691108761830	1.0
7824447015352338499	17706986907461744343	1.0
7764934045783513708	15764523631129901499	1.0
7346323867830509499	14607414104202149888	1.0
7037945578240256499	13632455664737832168	1.0
6798568000689074235	15764523631129901499	1.0
6716162597357215499	12308840020949311952	1.0
6356791404732096499	12810147986508087296	1.0
6188162133867306499	15551735274944856064	1.0
3895057974989936499	12016109344643931321	1.0
17703810206352928499	18064711848036401152	1.0
1648876853604492668	15764523631129901499	1.0
15607796342284724493	12158491735697506499	1.0
1533746180557894499	11652212720284060861	1.0
12148143802933592499	193273528320	1.0
11463204609776458499	13244486965316812800	1.0
11262505521848329499	17637681433440156614	1.0
8913510097847786499	17280014627203186688	1.0
8572586482568218499	17131909383267089360	1.0
8531211555943556499	16337343896431376437	1.0
8152180583884159499	13030309808127343301	1.0
8061556597700382499	193273528320	1.0
6112108272582892499	13814777297019863040	1.0
4589296759742366125	15764523631129901499	1.0
4510993687538103499	15119634794436100096	1.0
3340003683740268179	15764523631129901499	1.0
15843354290438443035	15764523631129901499	1.0
12519127517231768499	14535847956592442556	1.0
10349084026428114499	13820414423423038385	1.0
9467398573850098499	13101499930826635963	1.0
879685294879660499	12160809463377011152	1.0
869320958931014499	12160809463377011152	1.0
