9859519660406100196	11947437095637994685	1.0
8860768140607878160	15044751514316287685	1.0
868802380143168685	12160809463377011152	1.0
8361220096404573588	11947437095637994685	1.0
7905431247155860419	15044751514316287685	1.0
7706955083696980685	16775250906433191936	1.0
769665472793823685	12660969671940418002	1.0
7545450171102623685	13632455664737832168	1.0
7100833028603445685	17852814065915658240	1.0
5131883599164522685	12519678970322485248	1.0
4705828619073847685	13093013845427879936	1.0
3468768344487063685	840493666729087540	1.0
3006118968261432706	11947437095637994685	1.0
2349764515059968969	12158558764319946685	1.0
2191937665247562685	16633179610930793402	1.0
1757433080084632028	11947437095637994685	1.0
1756254532336993899	11947437095637994685	1.0
17542820618545304653	15044751514316287685	1.0
17375673800813857685	12742933732600620979	1.0
17374295337667910819	11725115878897940685	1.0
16188513824165416685	13822016460102303744	1.0
15192368700551755685	12163283348604583936	1.0
15080299924219084685	12810147986508142771	1.0
12747508309453532669	15044751514316287685	1.0
11708690488767589727	18066650411553770685	1.0
11425936573965432685	17564848684951186630	1.0
11367803877560763685	15044751514316298188	1.0
10949784825023912128	11947437095637994685	1.0
1056797113493272685	17131033060792336384	1.0
10127452373246657685	15905492033655527126	1.0
9854502678991226161	11947437095637994685	1.0
899113222976558685	14255482477811192508	1.0
8913498353092286823	11947437095637994685	1.0
8604074520423085685	15044751514316296388	1.0
8263845246442722685	17203745855458700982	1.0
8183539283813451685	13328052154751446202	1.0
7370925771369786406	11947437095637994685	1.0
7071223834411374685	11877945761775747072	1.0
6544739098913144536	6227023950499253685	1.0
507622190516641685	17277202050689531904	1.0
4463550490075254048	11947437095637994685	1.0
3152541151417634736	12012212675266324685	1.0
17970521151899557685	18218462069391360000	1.0
17557156942785371501	11947437095637994685	1.0
1744934596332775233	11947437095637994685	1.0
17027129184338759685	14391755883879839163	1.0
15242765011170270028	11947437095637994685	1.0
14110886031660306685	17424089172003567027	1.0
13253185811316707685	13100924896014237696	1.0
13130967285573611685	12374181696109342152	1.0
