9909742177349979583	18208242172678942935	1.0
925061223647035583	12595366103783309312	1.0
8722366707708397583	13817597540050141184	1.0
8260948909481772583	17203745852091269120	1.0
6686405458958132583	12158546631037348018	1.0
5480273158583340527	15327675532716325583	1.0
5401280897056227583	15264005103569338368	1.0
3979186308641730583	12160809463377011152	1.0
3921968260329160619	14682812018503035583	1.0
244245300387085330	13101732954378661583	1.0
1909454719534012345	16342947145122373583	1.0
16959410944449855682	13101732954378661583	1.0
16795800197457959583	13820414420121084863	1.0
16181402946367321583	17063229421407698944	1.0
13201221342563863793	14682812018503035583	1.0
12904089479301705583	18298870514371847859	1.0
12874206666768721583	12590075243877750197	1.0
12856984131172500583	11795388896844447744	1.0
11420134177225781583	16561687377081270272	1.0
10390998731757207583	14607414104202149888	1.0
10163449177515508583	14755156576843071488	1.0
9754739303360950075	13101732954378661583	1.0
9730253286542796583	16047135524627999169	1.0
9634330879584745959	12092394607482427583	1.0
9580384247978612583	12519678970322485248	1.0
9528691769066670583	17641426382711006642	1.0
8702637913717430583	12660969675274964694	1.0
769150421167889583	12519716370897698816	1.0
4082670819008330583	193273528320	1.0
2302173117860848583	17493311164208177334	1.0
17010226515652622642	681324961246263583	1.0
1637186886887748583	16558871377478740424	1.0
12947638892695334839	17852814069670586583	1.0
12287837038953864272	681324961246263583	1.0
12105446497659220583	12016109343688936151	1.0
9489307163527448406	13101732954378661583	1.0
8435112079847592583	836802473273504242	1.0
7996675985363633583	15545503246374075082	1.0
7733090913322965583	13893545266356682752	1.0
6969045398587744583	17641414225123344384	1.0
5870871690182850583	8028914762521821385	1.0
5336665956415934260	13101732954378661583	1.0
3958513463439946583	193273528320	1.0
394400387998939583	16842314445271248336	1.0
3619127315956717406	16342947145122373583	1.0
3113526513829452583	15044751515354180020	1.0
2981568651716136889	14682812018503035583	1.0
235429789733688455	14682812018503035583	1.0
230323808914780583	16916829426694488064	1.0
18306017847901100583	193273528320	1.0
