9997808017267806927	15481070702009778176	1.0
9618794989692502176	13099741855862489088	1.0
9120865261439276176	12011657422369236657	1.0
874797772350958176	15111796404861510096	1.0
8282808794182673176	17203745855458700982	1.0
7766221393581687176	13461776836810875829	1.0
7712238989364019572	18289361912044978176	1.0
7385707563148970176	12160809463377011152	1.0
7201356605749157176	11731813054417070514	1.0
6731230846936516176	12515991350056904882	1.0
6680055735115413176	18066750418692591315	1.0
6351437226171979176	16912697537877756884	1.0
3483563661902103421	15481070702009778176	1.0
3478835177703099394	15481070702009778176	1.0
3022261612079000623	14678014896872882176	1.0
3002943489163355176	14538704561636563148	1.0
2846296857991733700	17134768015892597176	1.0
2538764839186137123	14108834019646898176	1.0
1937701260231190976	13313158042066354176	1.0
17536344181905276972	16777233313013170176	1.0
17269809011345487176	17920376886484008960	1.0
16733706842953003297	12877133499047346176	1.0
1504862418772089277	11725115896077746176	1.0
14019418604626975176	14903491754970841088	1.0
1234856003437437176	13099741855862489088	1.0
12265911836733292785	12306911629122994176	1.0
11742430343153917469	11797411014692106176	1.0
11725747602463023458	16122524604538290176	1.0
11714002440438766130	14678014896872882176	1.0
11677468807609509745	13093069959175602176	1.0
11512386852170485794	12877133499047346176	1.0
10967687687869326176	13671137106557140992	1.0
10878482148848958176	761562703366957489	1.0
9836791318030247266	16777233313013170176	1.0
9535446200838597176	17924507644295380992	1.0
9082359161948815176	13820414423606617795	1.0
8928008101338618801	12306911629122994176	1.0
875046635682694176	15111796404861510096	1.0
8401252069809434176	13241667907697508352	1.0
8083724934127376176	648377966327449788	1.0
7667801958392130176	17712054479953592320	1.0
7533083026738011176	13386860604283682816	1.0
7373987430582266176	6480202744439955226	1.0
6659114565782941176	12597590501633599679	1.0
6298578835560943669	17134768015892597176	1.0
4572220415787052459	16777233313013170176	1.0
4150942137434212209	16767685063843250176	1.0
2837833036491449762	17134768015892597176	1.0
2807599165134548176	769644353716979146	1.0
1911427604592687094	13313158042066354176	1.0
