9827298227703478181	16407360869408223413	1.0
9293008285917389181	193273528320	1.0
9088188262312986181	193273528320	1.0
864877110758414181	13892710861585252352	1.0
7405606327423803500	11868097397471103181	1.0
7219087983277636181	14967082997805744128	1.0
7202670487965145181	17639175585089454080	1.0
6861043412658878181	13099741855862489088	1.0
673393437122119181	13101728702194114757	1.0
5691608988107462612	15978487575316575181	1.0
265313544918346181	13524836085070299136	1.0
15956523274124125181	15046488765491096784	1.0
11468553119879020181	17131874105583206400	1.0
11010776625983635128	17633744039352181181	1.0
9087553650585938181	193273528320	1.0
8056601249593144181	14391755883879839163	1.0
771693875047545181	12519658234081290186	1.0
3947815862575644181	15047849870691988410	1.0
17891143989415275181	16342423627263695051	1.0
15096421252127614942	13893503410353918181	1.0
14780256633169082181	17929299414753526221	1.0
13302657358403109181	11725070833280876544	1.0
13121215373598246412	11868097397471103181	1.0
11175201785370331181	16480269446222097332	1.0
1061240978832358533	11868097397471103181	1.0
10079903969798214181	193273528320	1.0
8876779130397863498	11868097397471103181	1.0
8354158730714287181	13099741855862489088	1.0
7397093394030921181	13099741855862489088	1.0
5670516465759422181	18143578691815342080	1.0
476029029593263181	16415516969844867072	1.0
4588073457965817181	13099741855862489088	1.0
4135364539094358181	14038499261545447424	1.0
396453950192997181	12163305355727600564	1.0
2731172629897809181	12163283348604634814	1.0
17951704932911991181	17636875441123938512	1.0
17597793094412137181	193273528320	1.0
17152012756093693181	15048676746385686528	1.0
15394421934068427181	14535607263239922623	1.0
12885321483865613181	16054672625296736256	1.0
12462548255202237181	16845666928365904336	1.0
10797993685198577181	14037337072666851767	1.0
9433428775289135613	11868097397471103181	1.0
9382492809684151181	15474625412092395520	1.0
8616591647711896181	16118645766569311671	1.0
7386310043979955181	15047849870691978177	1.0
318297588049275909	11868097397471103181	1.0
18432142802483357181	17995227154157183412	1.0
16783457241481829181	17279412069061423571	1.0
16210983524932771181	193273528320	1.0
