8866930213003538035	18137377497774292992	1.0
8468159563144227991	13024610021771822035	1.0
774963919362565035	13101732954378661583	1.0
7675147994687703035	193273528320	1.0
7584232616162009035	14755153355617599488	1.0
73253350739131295	12590898792334681035	1.0
7247396787052134035	13241674474702503936	1.0
7223599515356027146	12590898792334681035	1.0
6026105116023000356	798599954689558035	1.0
4292021504432051635	16912641421176974035	1.0
3660452388679525035	18298967181200719872	1.0
3532598336088504035	752893319956765000	1.0
2816739163786890043	12526476185565199035	1.0
2688837555676043249	15984034496475343035	1.0
2681340179034261236	15984034496475343035	1.0
2518619087147886097	16840619011174607035	1.0
2269351740789218035	13894122543311475127	1.0
17546365982013538713	12526476185565199035	1.0
17504647998260399833	12526476185565199035	1.0
17478665246009828486	12526476185565199035	1.0
17473291816340025385	12526476185565199035	1.0
1724348948031392035	12163283348604634814	1.0
17051222982158770243	15984034496475343035	1.0
1667396043945460603	15984034496475343035	1.0
1661404650450489524	15984034496475343035	1.0
1657769158278279923	15984034496475343035	1.0
1657235160630204331	15984034496475343035	1.0
1651358253818109031	15984034496475343035	1.0
1648592363540103853	15984034496475343035	1.0
1646646537248276737	15984034496475343035	1.0
1646093560137521171	15984034496475343035	1.0
1645321277820436106	15984034496475343035	1.0
1642996497834827872	15984034496475343035	1.0
1642825631094702747	15984034496475343035	1.0
16219636920959067035	17346724136554070016	1.0
1491435343970566291	15984034496475343035	1.0
14705558999267108035	14327824767901544663	1.0
13352912234206518035	17711180431389483205	1.0
12665374509065321805	12590898792334681035	1.0
11823689093220966060	798599954689558035	1.0
11106968163575724035	13099741855862489088	1.0
10685026333756133035	16343769424759674552	1.0
9645736357614363132	13024610021771822035	1.0
9387276328039667035	193273528320	1.0
8660676709378965035	12228067643160060347	1.0
8427456952207127035	16912697535011749888	1.0
8416757763666221035	13169032966975782912	1.0
7719712712817653153	12526476185565199035	1.0
4168497176337734697	16700183930679054035	1.0
4011779929882437035	18068915366888781773	1.0
