9931140585898195835	16131034992041060530	1.0
9926237764462026530	14969919810819850240	1.0
9890640852510985606	16131034992041060530	1.0
9883828690808891291	16131034992041060530	1.0
9872125669370239565	16131034992041060530	1.0
9809512871164811530	14895038622885541555	1.0
966530587067703530	193273528320	1.0
8542846326094379530	13093045838639267840	1.0
7239191800473847530	12373263663779199673	1.0
7212397210043023530	12594224925213441463	1.0
7037118438870353530	13099741855862489088	1.0
6851493913607709906	16131034992041060530	1.0
5955954671696488530	15545503246374075082	1.0
4760333433236744530	11869754460107237059	1.0
4086185540727535526	17560845366834691530	1.0
3798991684884366224	17560845366834691530	1.0
3472169769529699530	34174350399635456	1.0
17201427099613783485	2240789911598089530	1.0
16363612125236107541	17560845366834691530	1.0
15864356334077242530	14320313020508784569	1.0
15610346315959271530	15111796404861510096	1.0
148934585061716530	15119666633028665344	1.0
14298688267794586530	13245032434753339392	1.0
12909006327847207530	18298967181200719872	1.0
12887164527271212530	11869756663596580864	1.0
12680704072962523530	13814746566528860160	1.0
11506650503064812530	13101719910143936962	1.0
11475626309125730530	14325640171997888512	1.0
9880319822772176729	16131034992041060530	1.0
9870292499881434823	16131034992041060530	1.0
7063175820536741281	2240789911598089530	1.0
6917646407665761530	13675680254204696009	1.0
5458297810461082530	12661522717699211264	1.0
4037657231584597530	14760213209344434360	1.0
397440736726692530	13317084419073244080	1.0
3678433285676288530	17058214493038902448	1.0
2772784428909719530	17641426379880792064	1.0
2043184571242444530	13814695911684625367	1.0
1652831861329775530	17203745852091269120	1.0
16064376194273282530	193273528320	1.0
14859410918259340530	14612182789211029504	1.0
12409628739683780530	17203725000025047040	1.0
11637492652243944044	2240789911598089530	1.0
9895733219281479222	16131034992041060530	1.0
9677396572534651530	12018643667712475136	1.0
9294443531878293530	15040028000147729613	1.0
874579446259480530	15111796404861510096	1.0
8250195981876951530	12092660703103798461	1.0
7763303391831248530	16559960903307493376	1.0
6578455964982265530	16265808680552153779	1.0
