9039698542352746547	11873447900224684032	1.0
8889385887864554547	13895793694621040640	1.0
867755035196873547	12160809463377011152	1.0
8437233192107310547	14831380276273273806	1.0
7783758804731228547	18144113217675198464	1.0
5295290224516738547	13532750429896572928	1.0
3475883048331004547	18363050063284650167	1.0
292334257504178547	13099741855862489088	1.0
18261581084889173547	193273528320	1.0
17549908836954031547	11941001619757334528	1.0
12878664576510389547	16842314441348349952	1.0
12861766790513839547	193273528320	1.0
11637135633757281410	2316674068636791547	1.0
10962130576054825547	14110839554625808575	1.0
10444950529731142547	18067294691044360192	1.0
8935731443356437547	12011615653812240384	1.0
7369082496291082547	15047909338809106432	1.0
3944156919749990547	13099741855862489088	1.0
17778839707106561547	16411108031296700416	1.0
16830187430530372547	12879410725067423744	1.0
16476551031830903547	13031121249273698767	1.0
1619431684415221547	11949979153673021890	1.0
1559325752678685547	8031420568096663566	1.0
15564635916941602547	15041114296819908608	1.0
12621282223577939547	13101729672738614487	1.0
11284189163116718547	5798406956304673006	1.0
9012846873334908547	859758691108761830	1.0
8564874160126389547	14177829435146764288	1.0
8019328943194407547	12374149878689429171	1.0
7212950487804087547	18360570708876066816	1.0
6578748264719276547	15114549561747570688	1.0
6149777782358177547	14903470829890174976	1.0
4694499339495430547	17131968636937032636	1.0
347621259817040547	18208313577066987520	1.0
16681814594456649547	13030250414589607936	1.0
13996041544060070547	17641070108048668094	1.0
10555889268747480547	12667184047236113840	1.0
862190501346713547	12160809463377011152	1.0
8368099653810342547	11949979153673021890	1.0
8276449309179486547	16989806272293370804	1.0
7313571399349470547	13243113798736985527	1.0
5752255130703248547	13820414420137070708	1.0
3930295389382954547	12092636474721950654	1.0
17972200919359828547	193273528320	1.0
17704937290860550547	16127349398275023538	1.0
17047722540819687547	15984034496475343035	1.0
16188438230160034547	14320576869374671024	1.0
15292265225006274547	12742885375563792384	1.0
12607349196666958547	14616107915544931257	1.0
12258203861654876547	193273528320	1.0
