8951848837810818045	11725077309466272945	1.0
4347730008090492045	14535847957363612351	1.0
4121035316496744045	11796003553909197746	1.0
3840840511002751045	13386871526385516544	1.0
320237282089078045	15048676746385744831	1.0
222810046150325045	17849407714468298752	1.0
1492899992385929045	861990051279493630	1.0
11887445154693163045	726315563855615541	1.0
11788274829822120866	16842303433347225045	1.0
11313160449045690513	11798558861881800045	1.0
10561336702578730390	11798558861881800045	1.0
9695403234695702045	15908085768094917844	1.0
8413996000725556045	18066683327142344395	1.0
7740930988565550045	14823869430739501056	1.0
7523305017651991045	15839704061818502324	1.0
7361351078331609073	16842303433347225045	1.0
631121023846283045	12667190644284644016	1.0
5320341644280817045	14903470833710510270	1.0
1888569702841133045	7650028343564755708	1.0
17641251840981725045	17281377969055124153	1.0
17299625660454664689	16842303433347225045	1.0
13069099294450005030	11798558861881800045	1.0
12482188718966586045	17129690531325079988	1.0
12254541774983178045	193273528320	1.0
12190300601944096736	16842303433347225045	1.0
12131866985186767045	12810147986508087296	1.0
10850926645489270045	12591195712013729792	1.0
10657760816730926045	12730220638007645180	1.0
8989920761070204372	17343897321918277045	1.0
8406760832201521045	15769059099704033280	1.0
7450229919256896045	15047849870691978177	1.0
7387651783133739065	16842303433347225045	1.0
7239585053322315045	17424116702707436733	1.0
5034451451972488045	1219236796830552164	1.0
421920951781394300	7382069831679571045	1.0
3823513561817153045	17858650183441627592	1.0
3004926275818174045	13245032434753402317	1.0
2408976162371286045	14323039731683940042	1.0
17249819905741821045	781804343368023204	1.0
14098147933562481045	193273528320	1.0
13188509174081289045	13099741855862489088	1.0
13092146389696805619	11798558861881800045	1.0
12276492622687968045	12160809463377011152	1.0
11956556208449963045	18354353004980731904	1.0
10645532898722293045	14099314890366896619	1.0
9052683519461288045	13963115653335078602	1.0
8955100213898767045	15264919871473844224	1.0
8467243403246805045	13669166803195047120	1.0
7239585053322315045	12814956163741253632	1.0
6562609275052179045	16265808680552153779	1.0
