9411517676960950109	13099741855862489088	1.0
883202697047758109	15111796404861510096	1.0
8497920698059531109	16912697535011749888	1.0
7511634492460462109	16992339555963109376	1.0
7248045344338926109	13099741855862489088	1.0
7206233953394800109	13093085369518260224	1.0
6528153272777155109	16416729774120029624	1.0
5835237673742347109	193273528320	1.0
3816938597957077268	7812513894368969109	1.0
18023769646877777109	14538980560618978484	1.0
15024986842936112109	12661531513792277712	1.0
10208069406954614751	17063275694978364109	1.0
9275044999851933109	13099741855862489088	1.0
8498761849857013109	15326802678823697876	1.0
8331549065452919109	15040028000147729613	1.0
7817696383333284109	17926250386813680848	1.0
7681783796712544109	18137395158679814144	1.0
7211837837806350109	13093085373053841110	1.0
6658531275531740109	13455311761527864249	1.0
5256057860421007109	13174431667852457406	1.0
4214985699531011109	14038523523815702528	1.0
16330717331294556109	15477463127049680307	1.0
16091460847059449109	14321121015998971904	1.0
12517658304902899109	11873447903493288884	1.0
11354755310288906109	15398322620839535318	1.0
10284872881539760109	15477443374495039488	1.0
9886459348555786109	13099741855862489088	1.0
8233734558172473109	16123924377329780690	1.0
7473085622208727109	16695035982761152708	1.0
6501556022376447109	659296065929313210	1.0
4406646504322323109	193273528320	1.0
4136101666746395109	13103137070459713996	1.0
400213922619538109	14101576199226523648	1.0
3940008346396694109	193273528320	1.0
3485272289256419109	14823869430739501056	1.0
2394664283193163109	16769361935039725568	1.0
18315978489203032109	12092694762230906880	1.0
17483188769712991021	2293413663889175109	1.0
16194708111296178109	17203725000025047040	1.0
9816511052305367109	17850574354989104585	1.0
870569089230758109	12160809463377011152	1.0
7233788538634873109	2214411033909767024	1.0
7220502414402917109	14894190977521613753	1.0
6060576218096113204	2293413663889175109	1.0
4337189286526985109	12810147986508087296	1.0
27565416446225109	193273528320	1.0
2755701094255522307	2293413663889175109	1.0
18069343143756768109	68909090952183808	1.0
17874125156306155109	14968514609189799638	1.0
17488200198879719466	13167589298456348109	1.0
