7674173251122783339	18067270497187456455	1.0
7386804462727105455	12160809463377011152	1.0
7067284716827686455	13678744562996397497	1.0
6948375816333689846	15257864296211722455	1.0
5662812075689160603	18067270497187456455	1.0
3950377643077510629	14755170836134550455	1.0
3584795981675831455	16416723408978444288	1.0
3480527531146296866	12662899293372330455	1.0
3370584374978750455	13814746566528860160	1.0
17527605199053303273	14755170836134550455	1.0
16837596438052629925	16055527113095702455	1.0
12883787613487834930	14755170836134550455	1.0
12869666667230344201	14755170836134550455	1.0
12864413222106018409	14755170836134550455	1.0
11533219104827498659	14755170836134550455	1.0
11255533242025255909	2335798527200514455	1.0
10349033199026968455	17280014627203186688	1.0
10218613128375377972	18067270497187456455	1.0
9537066997477183455	13093075456733741056	1.0
8416760181539097455	16483702096073849545	1.0
8181597910928628841	14755170836134550455	1.0
7878586764377289455	8031420568096663566	1.0
6654499907243179455	13386036975585198080	1.0
5426048445497745455	12594290781411344384	1.0
5029909311462097920	18067270497187456455	1.0
4659002999559641455	13099741855862489088	1.0
390382347264921703	14755170836134550455	1.0
2957427907191818738	18067270497187456455	1.0
2316789589646468455	18072842873962758144	1.0
18214473250610547166	2335798527200514455	1.0
17537540463494862455	14101576199226523648	1.0
17300734127355569455	757525644632179256	1.0
15592350969898473455	13099741855862489088	1.0
12879555490151137754	14755170836134550455	1.0
12875880106365610413	14755170836134550455	1.0
12870027461640789455	17281335222272524288	1.0
10739408371786204920	14755170836134550455	1.0
10301600438364984455	14250454411054461115	1.0
10230390749161030021	18067270497187456455	1.0
10207154828688758228	18067270497187456455	1.0
10054598733712192455	14254071829794896829	1.0
9267910532910848455	14101272669592748032	1.0
7666692148312104645	18067270497187456455	1.0
7529106897058718455	17711787332987781120	1.0
7468062340048588455	14101576199226523648	1.0
7242565494268024930	14755170836134550455	1.0
7225852981924527102	18067270497187456455	1.0
7105717841570175455	13245032434753339392	1.0
6311443865899305885	14755170836134550455	1.0
4301325191101828124	14755170836134550455	1.0
