9943859963959226264	15117686498486386688	1.0
9877994380292635246	17280014627203186688	1.0
9868071817142579688	13674809509028750002	1.0
9494642717779437187	15624312787658866688	1.0
8847133815085131628	13385484032905631688	1.0
8580675084432467688	16845666928365904336	1.0
8528850930196381619	14535060763011186688	1.0
7784116516367321147	13093076496115826688	1.0
7702197381005985263	14182070285854834688	1.0
7312927912337369100	17280014627203186688	1.0
7310577207923366770	16846531094210674688	1.0
7256051376827508688	12814904482399825611	1.0
7247783325547657124	12595427762333810688	1.0
7218715244562206424	15831204583532658688	1.0
7215967174064189926	15831204583532658688	1.0
7210970426251158606	15831204583532658688	1.0
6856062400163326749	13031157502804616688	1.0
6768613662022603437	12664359303080050688	1.0
6700678807122115236	16846531094210674688	1.0
6623795826912044688	12018640390652428288	1.0
627502966554721580	13031157502804616688	1.0
622776754268653026	13031157502804616688	1.0
5386032147796451599	16846531094210674688	1.0
4320992953526501714	17209921834674290688	1.0
3019408843077578688	12163283348604634814	1.0
2666087399045341156	14535928346404978688	1.0
2125862001984125331	16775566423320690688	1.0
17557748430359612545	16053345660790898688	1.0
16999722958254941688	12595367210791259074	1.0
15987957217585746038	12160823779747954688	1.0
12329550620636621854	13031157502804616688	1.0
12071908987352406119	17280014627203186688	1.0
1161561951233999879	14535928346404978688	1.0
11470659840472891688	17347239846162202624	1.0
10850339351433688	13167589299563064506	1.0
10645112112189475928	16053345660790898688	1.0
10635973392130024574	16846531094210674688	1.0
10116901279464914688	15264890179488568252	1.0
9730976229502351345	11872889172224114688	1.0
857777216219525688	15331633798932196528	1.0
7538843448782844222	13031157502804616688	1.0
7223810785159482645	15831204583532658688	1.0
7211241722136622002	15831204583532658688	1.0
7199860325122742766	15831204583532658688	1.0
7198933372346396688	17061584521947789672	1.0
6865310237889697197	13031157502804616688	1.0
6469593101669418114	12160823779747954688	1.0
6230882477148631688	12309676770740074705	1.0
6040240345580654530	15040515062982770688	1.0
5726712096986922688	18280627421738696704	1.0
