978361883669201225	17707019811915038720	1.0
876470335621694225	15111796404861510096	1.0
8283240463137201225	11873431270111313920	1.0
7484362476691929225	16118645763738697728	1.0
7484362476691929225	15981235221475408596	1.0
7248711532407830225	14101576199226523648	1.0
6916594022471119225	18280627421738696704	1.0
683121533391711225	15041078025821146047	1.0
6543282795239643225	13675148166562562231	1.0
5519803821293803879	13167589298891958225	1.0
4592937993835263225	2299409059178901615	1.0
1558306032311576225	7569104081882813548	1.0
15518350013268801225	16844245259748104140	1.0
14262900870797215225	11878706811556192453	1.0
12957201972644469225	751667699856565285	1.0
11150516129081799225	18066750415608790742	1.0
10156061807940814225	2291558314484088348	1.0
867443667247897225	12160809463377011152	1.0
843340628507694225	3257407512241296206	1.0
7537268751513431225	13093007345964265163	1.0
7308443340094486225	13632455664737832168	1.0
5588914530531462940	841336915016853225	1.0
5586751976390095942	841336915016853225	1.0
5568644402756503727	841336915016853225	1.0
5428911941011193928	12810147989474486225	1.0
491574534714650006	17131935669644470225	1.0
3751114246243890225	13382624125852374722	1.0
2494996404379929225	13101732954378661583	1.0
18259241999828974225	8031420568096663566	1.0
17371752283217008225	17706930747178221568	1.0
16167518890253304225	14109426574809890816	1.0
1333631734404675225	15045059305763350961	1.0
11629668649097636476	841336915016853225	1.0
11624907957031462225	852635368135283411	1.0
11624030340530253426	841336915016853225	1.0
11322407478318320225	6553072642451227246	1.0
1030749168991581225	14612182789211081157	1.0
10279023286375625225	15477443374495039488	1.0
9657757962595234225	13093085369518260224	1.0
8243197508192802225	193273528320	1.0
8145005698549410478	17134404093177014225	1.0
7693823401034050225	15980993409243871441	1.0
7548778954355282225	15618382155082673332	1.0
7256695988406222225	13099741855862489088	1.0
6697404509526708225	15545503246374075082	1.0
5838963205663427225	193273528320	1.0
5585933230989935746	841336915016853225	1.0
5329858784996055225	14903470833710510270	1.0
5213132328644684225	15040028000147729613	1.0
2240727723532259225	16337277990155105726	1.0
