7544513205814652276	18066440417754264781	1.0
5831831425223124276	12160809463377011152	1.0
482416106313755276	16842253933849083904	1.0
472614984351518974	17926260489168419276	1.0
3034711957101160018	16342930599647171276	1.0
2319429884190142331	17926260489168419276	1.0
2312155141520991382	17926260489168419276	1.0
2302048430580218136	17926260489168419276	1.0
2299673343756304791	17926260489168419276	1.0
17598817715869561776	17926260489168419276	1.0
13945172186033404276	13603923977574664891	1.0
13819215959332439276	13526204921212305408	1.0
13393084442801015718	16342930599647171276	1.0
13378874341577586467	16342930599647171276	1.0
12269678674314109276	12160809463377011152	1.0
11786568819861395276	12519709859727324365	1.0
11395341146940471060	14970469664005092276	1.0
874997157646465276	2157043224878439760	1.0
859038794225522276	12160809463377011152	1.0
7241790351568575276	14327873284408868864	1.0
6961689841181319663	767875648110046276	1.0
6955983131340395276	15545503243038621696	1.0
6509150699649956276	14247617602402036660	1.0
3940343255109816276	193273528320	1.0
3673040477217232388	17926260489168419276	1.0
2363699825570031276	2302322538248670075	1.0
2302829393190750776	17926260489168419276	1.0
2296639262896030233	17926260489168419276	1.0
1848766890968699276	12158540042557502910	1.0
17978933097309177876	17926260489168419276	1.0
17966773231859625276	812513333201871876	1.0
17612574479040201456	17926260489168419276	1.0
17597247793541125804	17926260489168419276	1.0
17521503231546326276	13530442447615688704	1.0
16837786305548034276	16055527109040275456	1.0
13929687688482509276	193273528320	1.0
13381006865784226344	16342930599647171276	1.0
12873140307852958276	193273528320	1.0
11905988412904913276	17203745854822808512	1.0
10928454729638588276	68909090952183808	1.0
10646993914809417276	16482236473584648192	1.0
10202674929496094551	16342930599647171276	1.0
8412688805955077276	13169032970780582332	1.0
7827589872058968521	17926260489168419276	1.0
7578414876762863276	15832348157229924352	1.0
6779257820497111276	14108836248734924800	1.0
458024237375709911	17926260489168419276	1.0
3892240725545175276	13099741855862489088	1.0
3675104117315674276	14616352107238836665	1.0
3037973289129433701	16342930599647171276	1.0
