9914626087749119659	14605691155132180938	1.0
875446677407960659	15111796404861510096	1.0
8311962263549832659	17928239485544300544	1.0
781168644197278659	17131036342147350528	1.0
7331459468000354412	18353817564292905659	1.0
6330801532988833807	18353817564292905659	1.0
6137470042869655018	12161953966032201659	1.0
6074094337316538670	14682287521749054659	1.0
4513058990698602116	18353817564292905659	1.0
4464051141689763363	18353817564292905659	1.0
4065146156933934659	12810147986508087296	1.0
3066115652482143659	14391752594588689363	1.0
2976494811099999659	2184651502734101889	1.0
2581109388993248659	12665707407414982598	1.0
17106715889112925659	723067684537790743	1.0
16462316120298311659	17279946500431937536	1.0
15357718679535139925	15189695769847326659	1.0
1506918014412213659	13101733099988494802	1.0
14828137303575975659	13099741859112469716	1.0
14333034010936365659	16848720268732656576	1.0
13023014704209073659	193273528320	1.0
11124064676110496659	16482263921475690960	1.0
10517106066791392659	11869713819817932737	1.0
9891951127767985358	18353817564292905659	1.0
9442614314522279659	13099741855862489088	1.0
9202575559173793659	12092722146942439103	1.0
7534487296339336659	13389729151633043147	1.0
7248120032470029659	193273528320	1.0
6735393610797178659	13455311761527864249	1.0
6072954646323360467	14682287521749054659	1.0
483094413841355498	16272896039546036659	1.0
4588381913897123870	16272896039546036659	1.0
4452419132520440659	14321061740278961084	1.0
3620057593931960014	12161953966032201659	1.0
3166897042073887515	18353817564292905659	1.0
1964428964442698659	14535847957363612351	1.0
16203459965380525659	16845917558132496841	1.0
14771602227542260322	14682287521749054659	1.0
13589468942506860818	11724231793648137659	1.0
12478495755799641659	12660969671940374528	1.0
11518256087820751833	16272896039546036659	1.0
11316694720722641659	15046799939928503762	1.0
860689546817298659	11869754459168365525	1.0
8286496736638053659	893095974318786288	1.0
6711590699851073659	15481044287051250876	1.0
6686641312749635659	12158546631037348018	1.0
6648838194901603659	18137299514053099520	1.0
4746635253264239659	13675148166562562231	1.0
472243489157374659	193273528320	1.0
2978546998165448659	16123915576941740032	1.0
