9339339715612851390	13099741855862489088	1.0
863198865239010390	15111796404861510096	1.0
8562310320368149390	11873447900224684032	1.0
8152234971748337390	15763961746617847765	1.0
7819565657114207390	17641441742978864832	1.0
7482025150623335766	13315949796087410390	1.0
5644229795005646390	14760213209344434360	1.0
4050893943389820390	13099741855862489088	1.0
353262199045179484	12018605274999858390	1.0
3481510546210366857	15454499474532456390	1.0
2536179693059256184	17131956653894258390	1.0
17118775113174059157	671549890734958390	1.0
1685456277138456863	671549890734958390	1.0
13126020594818392390	712227427146303991	1.0
13027603119961091390	16629167463694598144	1.0
12770744835285799390	15192243333621067440	1.0
11300678070560939390	18208245463180640256	1.0
11096235323836744390	13093075456733741056	1.0
5848859815092439390	12373263659755896832	1.0
3561421475416054390	16415537890630616766	1.0
3470344125091541309	15454499474532456390	1.0
16605958093520487390	13389729152672458677	1.0
12102593382715229390	13241331435664618931	1.0
11083957495970840390	15542134260671163326	1.0
9929381799509282390	15116240576271351808	1.0
9754152933533997555	12018605274999858390	1.0
872222338126345390	12160809463377011152	1.0
8057611035776204390	14038464158777737216	1.0
7475295211589847730	13315949796087410390	1.0
733641696934157390	657626435776575448	1.0
7109624630503398390	14605643923376826826	1.0
6527334544797349390	13099741855862489088	1.0
6198684205695478390	867124933844139067	1.0
5640235681490123390	14760213209344434360	1.0
4958648859961966390	14760213209344434360	1.0
3492332248966478903	15454499474532456390	1.0
3489008489679533666	15454499474532456390	1.0
3478858292220854517	15454499474532456390	1.0
346446181499868390	13678744562996397497	1.0
16214494015479495390	677087740046712154	1.0
14970200982708228390	694484599421905494	1.0
11806594022473525390	14325640171997888512	1.0
8799547643615609390	17867461927324614656	1.0
7467103579360927797	13315949796087410390	1.0
7390998971440419390	13678744562996397497	1.0
7246567466259841390	12373263659755896832	1.0
704211059949576390	14110839554625808575	1.0
7005049215239145390	18298967181200780756	1.0
6308517168332848390	15831812738016915143	1.0
4718064024756920390	12018640390652428288	1.0
