8876761620095563492	17347289315595580618	1.0
8814339197176461492	16916874523851153328	1.0
8449327243807726492	14755387491464773632	1.0
8437523528613926492	13383280491344486582	1.0
837129200349901492	17922553919507005440	1.0
4369256578101740492	16845666928365904336	1.0
3002303218882880265	758470623153110492	1.0
1841920177598831492	12158814864629825536	1.0
16821149827126007465	16055527112862049492	1.0
16641306124935493492	18137395158679814144	1.0
16187405439098590427	16055527112862049492	1.0
15296702360061477396	16055527112862049492	1.0
11841498454187637492	12160809463377011152	1.0
10947228189872339492	11947437095637994685	1.0
9350210059861671492	13599929490842121674	1.0
8947157108805637492	193273528320	1.0
7690267087313121492	18137395158679814144	1.0
6878693674368611492	193273528320	1.0
6825117783406653492	11651896049529782272	1.0
5249781828894497492	14327824767917150908	1.0
477699038605501492	12955379224666437335	1.0
4567088230411345492	2299409059178901615	1.0
17235759715639932492	13020935463748291001	1.0
17113582266614083492	11873453225899569098	1.0
16895529873995295492	12163634125844901314	1.0
16701822420819876492	17417015969709537487	1.0
16235790172567318492	12741455014015270912	1.0
15608858290154032492	15111796404861510096	1.0
15597109192259497492	12092636474721950654	1.0
12064120978939378492	14178947608407441408	1.0
11539398965736448492	11947190766415118336	1.0
11531598227126987492	16550966902487252992	1.0
1084374219195005492	15111796404861510096	1.0
9378276778781031492	17633744036302946304	1.0
8983498697570419492	12742930562914713600	1.0
8390269883331242492	2300106875447421398	1.0
8248336001495627492	12741792460466146504	1.0
7386823812267934492	17858650183441627592	1.0
7121805126299662001	11869731379124151492	1.0
6852216690435153492	12595411261069459456	1.0
6247801430334336492	13894122540026036224	1.0
395966388978731492	12814956163741253632	1.0
3662885337205390492	193273528320	1.0
3029458852417834492	16480048676027936212	1.0
3010284170196483265	758470623153110492	1.0
2995319507639258511	758470623153110492	1.0
17029530498875197761	16055527112862049492	1.0
16807570287351918423	16055527112862049492	1.0
15270167523669972489	16055527112862049492	1.0
14105491803989642078	13166175424970093492	1.0
