9374585954834082768	2131967791391107431	1.0
8756317613012418472	17706986903875616768	1.0
8655418453993902071	16769374068322336768	1.0
8531814430902369768	782294051282525803	1.0
8506806646140185206	13528223706165280768	1.0
8457840417811035768	13099741855862489088	1.0
8168744840817220768	17347288194609118903	1.0
8124941034413755808	15981235221475360768	1.0
7845455251515169641	16265778998602296768	1.0
7836210170602776155	17706986903875616768	1.0
7370486933441197768	193273528320	1.0
7248713004260518504	14038537761632288768	1.0
7067353599414278311	12159678011322400768	1.0
6811526988087667768	18280627421738696704	1.0
6531566379743789768	807608412093922760	1.0
6077867231392467033	17706986903875616768	1.0
5972578985480891158	12159678011322400768	1.0
5662853103962068079	12308869605928992768	1.0
5655865217872720141	12308869605928992768	1.0
5643900757436046148	12308869605928992768	1.0
5636509479499231321	12308869605928992768	1.0
5584264753216463189	16125684635316256768	1.0
4283535417422475768	193273528320	1.0
394730036834047768	16128202546936330447	1.0
3532525712405156033	17422675101265952768	1.0
2955818704234668647	15981235221475360768	1.0
18077423166792906792	13462576204787744768	1.0
18074180814301358174	13462576204787744768	1.0
18072411167420490579	13462576204787744768	1.0
18070998952240615217	13462576204787744768	1.0
18057451572981757545	13462576204787744768	1.0
17999762722624192683	12308869605928992768	1.0
16826871196361774768	16912697535011749888	1.0
15427880320864328739	14542086706737184768	1.0
15399883598115159981	16265778998602296768	1.0
14967202356888256879	14607415306792992768	1.0
14962493496470181431	14607415306792992768	1.0
14958504713051240993	14607415306792992768	1.0
14541538863488178983	17706986903875616768	1.0
13149884712720224768	17203745852091269120	1.0
12264019462177450653	12159678011322400768	1.0
11672379297161841638	15475691800932384768	1.0
11667281561768434142	12159678011322400768	1.0
11455076332636631790	17131935673918221768	1.0
10853002050690385754	18067281509789728768	1.0
10506404376120698768	16122542199454300869	1.0
10424393682745532496	18067281509789728768	1.0
9847651515423805628	15762571993985056768	1.0
9387989637529725769	12159678011322400768	1.0
9310538710637130768	14901199168618027449	1.0
