9881151766465851752	16633167585780695040	1.0
9716345796441496080	13893545266356682752	1.0
9322269932231704169	17849407714468298752	1.0
8717319931360507125	17849407714468298752	1.0
8368371981683143752	15762532424451409330	1.0
8306444170982447905	12308840022105783752	1.0
8288419447489049752	18137377497774292992	1.0
8288419447489049752	17203745852091269120	1.0
8235686107772219752	13242460589911679440	1.0
8135280055254098477	13893545266356682752	1.0
8131885527844921724	13893545266356682752	1.0
8119264470943527676	13893545266356682752	1.0
8101349457889670421	13893545266356682752	1.0
7769753131459508105	12595416634073546752	1.0
6595691054558925752	14104146827347492864	1.0
6429912346256816752	16911523243034327997	1.0
6262135334727356116	13893545266356682752	1.0
6241912519748393322	13893545266356682752	1.0
59644628939063830	13893545266356682752	1.0
5648171250350695171	11947160040219082752	1.0
5628493771717659920	11947160040219082752	1.0
5125203409114304752	16992339555963156149	1.0
4967199980305725686	12595416634073546752	1.0
4225912916000776359	16343769420906157752	1.0
3696799514434687752	813358282587290120	1.0
3452342498973400752	14823869430739501056	1.0
3176480251475032752	15048461189238466513	1.0
279814033215904244	17849407714468298752	1.0
2570986185399767752	15111796404861510096	1.0
2509199138769206201	17849407714468298752	1.0
226750725733693012	16343769420906157752	1.0
17400564401606598992	17849407714468298752	1.0
16760728680807206091	12595416634073546752	1.0
16075411755030794102	12452681449054666752	1.0
15225006523890510752	14968223277263093760	1.0
15105588264807584956	15406223621202378752	1.0
14230605184087384752	17711785159734329344	1.0
13157135086542217852	17707022032413130752	1.0
12691919888408249649	17707022032413130752	1.0
12233011317661860752	18066742632991139001	1.0
12187070994723315752	13101719911351188404	1.0
12053375272117263674	16343769420906157752	1.0
12032409011529129990	13893545266356682752	1.0
11774542932988180674	16343769420906157752	1.0
11369444254451166165	17707022032413130752	1.0
10584173398442967265	17849407714468298752	1.0
10490579205228211911	13893545266356682752	1.0
10413459137509925301	17849407714468298752	1.0
10410029125030944689	17849407714468298752	1.0
10275960330510810146	12306284804415946752	1.0
