9952817457493182761	13383280491344486582	1.0
7874868225757768582	14321061736860403638	1.0
7251892414077848582	12373263659755896832	1.0
7127583150555978559	16768010596594533582	1.0
6766213422801345038	16768010596594533582	1.0
461107505623180582	13316854724712988672	1.0
2122854478835235582	12594290781411344384	1.0
18350015859139847836	867646888109419582	1.0
18076598197993784582	12518875261682319360	1.0
17790804566207181582	14110839554625808575	1.0
1762974375048283582	858072418757639988	1.0
17445148291449545242	16768010596594533582	1.0
17284127930904574582	14552439656684779991	1.0
15933103526103441582	14321061740278961084	1.0
12071436025548784952	16768010596594533582	1.0
11528067772544305582	13098389434713432507	1.0
9428092902078623042	15839338920085413582	1.0
9418052792217943709	16768010596594533582	1.0
9163388231407941582	12375304370516982459	1.0
9143664116945278972	12742612803262726582	1.0
8296624251900754499	13383280491344486582	1.0
6717155439915238886	867646888109419582	1.0
5547749243885068582	32492149148745728	1.0
4579755184211744771	16768010596594533582	1.0
4574523192513674724	16768010596594533582	1.0
1947612865934445582	193273528320	1.0
1780711584776263737	757283167866450582	1.0
16936458649077302582	193273528320	1.0
1647115758147074582	15984034496475343035	1.0
14433303008626514582	16625288408146640896	1.0
13144334653760970352	13383280491344486582	1.0
13103016124624073582	14605643923376826826	1.0
10093358536027715582	14972696081432880307	1.0
10005934266561033582	15839704061818502324	1.0
9472681526157229582	16415537890630616766	1.0
9438061314146654421	16768010596594533582	1.0
8711783713387196582	16408276715840777927	1.0
860203851310297582	12160809463377011152	1.0
8567626492060935582	15046488765491096784	1.0
8116928556874680010	18137018039076443582	1.0
8027060856132587582	12518879698383580108	1.0
7389666542985438582	12160809463377011152	1.0
6603731727468786512	13383280491344486582	1.0
496959152397114582	193273528320	1.0
4577828414634381629	16768010596594533582	1.0
4012762890319727582	13678224635819239377	1.0
4004875842246238582	13103137073257559216	1.0
1921887701128674582	11949979153673021890	1.0
18075592796438474582	193273528320	1.0
1774652536919622563	757283167866450582	1.0
