864952796634202110	2157043224878439760	1.0
8640734724635160110	12374181691835547648	1.0
8540477410463334110	13169032966975782912	1.0
819425196888137065	13600774881330641110	1.0
804256967257540749	13167619110629394110	1.0
801842903574299319	13167619110629394110	1.0
7482250652472074110	13092986460716400640	1.0
7223888073088804697	13093085373053841110	1.0
7220694678932246968	13093085373053841110	1.0
7218979041380768310	13093085373053841110	1.0
7218119283447043479	13093085373053841110	1.0
7215927707646273467	13093085373053841110	1.0
7215514368595371363	13093085373053841110	1.0
7215416881308820552	13093085373053841110	1.0
7214836120153667486	13093085373053841110	1.0
7214450122900190733	13093085373053841110	1.0
7213529947701941968	13093085373053841110	1.0
7212319634409784691	13093085373053841110	1.0
7212207445490795668	13093085373053841110	1.0
7211139617964620555	13093085373053841110	1.0
7210009942760561007	13093085373053841110	1.0
7206909092294192500	13093085373053841110	1.0
7205873025930225097	13093085373053841110	1.0
7205631648694337279	13093085373053841110	1.0
7204075388868931317	13093085373053841110	1.0
7203724103376808692	13093085373053841110	1.0
7202010347012093016	13093085373053841110	1.0
7198624581300655585	13093085373053841110	1.0
7198459895211970665	13093085373053841110	1.0
7194557371878582133	13093085373053841110	1.0
7194018366299904488	13093085373053841110	1.0
7193777049305901062	13093085373053841110	1.0
5655430860797253110	18067270496851241151	1.0
5427805934799539110	16767701513567993856	1.0
3794124454805785433	13167619110629394110	1.0
15373864935740180110	13525686059098223805	1.0
14935484648891070110	14463867389285099206	1.0
14827465788001935110	17926194338082062336	1.0
12350876205453758110	16407378486324798405	1.0
11307133513135505110	12375304370516982459	1.0
11006911671236569258	16416739901652903110	1.0
10642876820055240110	12160809463377011152	1.0
7279178883168413110	13099741855862489088	1.0
7221086813783738081	13093085373053841110	1.0
7216092097511810943	13093085373053841110	1.0
7215225922749336644	13093085373053841110	1.0
7213912710697225685	13093085373053841110	1.0
7211834238680287148	13093085373053841110	1.0
7211016528432891524	13093085373053841110	1.0
7210477273874183804	13093085373053841110	1.0
