9646530746700576498	14903491758774201273	1.0
9322874432436315498	11798558861881769984	1.0
874542762990089498	12160809463377011152	1.0
8093472669014230498	15038588692752156114	1.0
7467864569671354498	193273528320	1.0
7245403346721839498	12742883210900275200	1.0
6862468949961126293	12161953968830466498	1.0
6066362150357268950	15624312791261836498	1.0
4573930568682123498	15111796404861510096	1.0
3618255494297710013	12161953968830466498	1.0
312486789100990498	17416211093881094144	1.0
3011654486625577894	12161953968830466498	1.0
2845430374554864498	14320313020508784569	1.0
2377267034648302734	15624312791261836498	1.0
2377028389193457176	15624312791261836498	1.0
2359754610357871939	15624312791261836498	1.0
2351844049345262321	15624312791261836498	1.0
18346779823186558498	17205102683799733717	1.0
17656745936100827498	15481044287051250876	1.0
17604724249479726549	12161953968830466498	1.0
15142385980256499498	13165946723735961600	1.0
14591251607013683840	2485123313256985498	1.0
14099154676629945390	12161953968830466498	1.0
12882621461148094498	16415798560785694720	1.0
991554882135719498	13893545269440532179	1.0
9651625007458740418	15624312791261836498	1.0
8691928755568548498	193273528320	1.0
8630638862794273498	193273528320	1.0
803869561585268498	12158498334130044928	1.0
7307118798067216498	12594290781411344384	1.0
6684045352975346498	2207956703754352034	1.0
5420023379483970498	2131967791391107431	1.0
5385975233977153498	11868923195128068797	1.0
386345930379738498	193273528320	1.0
3617490844074117733	12161953968830466498	1.0
3019053234236566871	15624312791261836498	1.0
2989666916365242498	17779304015772492240	1.0
253680032120028498	17058125445481954480	1.0
2371981334241473545	15624312791261836498	1.0
1811189699274050754	12161953968830466498	1.0
16892057327676767498	14037337069165012400	1.0
16485955534744772498	14605643920546256599	1.0
15946840438059108498	808206099941518844	1.0
1403636199325344659	12161953968830466498	1.0
1102600845314983498	12378665543203346635	1.0
10959981545894923498	17924247133054042112	1.0
10609659197361034498	6576896720593291471	1.0
10286414955201185498	17058206852292082864	1.0
9653396681467990352	15624312791261836498	1.0
9649287054874029599	15624312791261836498	1.0
