7816637059930497950	801783994532009132	1.0
6780950821601188132	13461251387765555200	1.0
5993579726423138132	18067270493198614528	1.0
5717650013323701501	13101809908385362132	1.0
5654772224283746185	801783994532009132	1.0
4499881438965300132	13099741855862489088	1.0
16948952241407511783	13101809908385362132	1.0
15463806813348301132	12011564964537168070	1.0
12553606374060013664	801783994532009132	1.0
12449121259602136132	14756582694963904512	1.0
12206567514010838132	15111796404861510096	1.0
12096206112898946701	801783994532009132	1.0
11748160985844111216	17135888465485939132	1.0
11291885953928372056	12662939872223347132	1.0
11202415702512120716	801783994532009132	1.0
10922701170153808132	13093075456733741056	1.0
10892957300510242132	13093013845427879936	1.0
10604521126458378132	12661531513792291021	1.0
10260901373647319886	2273415101798646132	1.0
8293381941364587132	14250454410299417040	1.0
7612204973318845132	13099741855862489088	1.0
7446803712143041582	15979559492349246132	1.0
7067084498450139132	12452648352036683776	1.0
6897422131510886976	14111683875063048132	1.0
6295698283959281132	11869796129241693360	1.0
5953290273789148132	14756545375993069568	1.0
3796701292779254132	752144763092920491	1.0
17646309511605936132	193273528320	1.0
16372941166173458132	2276915933247571990	1.0
16103309668308892132	12378676503435066804	1.0
15659996125687596132	16480048673078640640	1.0
15392341471568940132	12519658234081290186	1.0
14576410406296759132	12738941543319076864	1.0
13627557439906749132	16709459330377711616	1.0
11747124197936193802	17135888465485939132	1.0
11737238538463942132	18064732760232165376	1.0
11734990191719597132	12092655184107274240	1.0
11189726152810528132	652564077773338427	1.0
8284090909200657132	14250454410299417040	1.0
6599510782388162132	15693897634986587580	1.0
4960221198360413132	16842335289119604736	1.0
4927197673381031273	801783994532009132	1.0
2989706331172118132	16696443535066398720	1.0
2816355473202740620	17560877227305725132	1.0
17249579030222419132	16123924380546878166	1.0
1596692884267254562	17560877227305725132	1.0
15552081948562479225	15979559492349246132	1.0
14249123500134282132	8031420568096663566	1.0
13439328354221655455	7305815258273153132	1.0
13435927405906112228	7305815258273153132	1.0
