9938330838176695980	17203745855458700982	1.0
8325643327751590980	13245032434753382591	1.0
7471670327160433980	15406712830862295040	1.0
6798566552804489980	17924247133054042112	1.0
6048184227285206980	13093085373053841110	1.0
4714039552869287980	12373263659755896832	1.0
17517749980672109980	12734968899189203141	1.0
17417127641485146980	14756545375993069568	1.0
16163134964876448980	14391434917739279565	1.0
14754512560421710173	12011638790343156980	1.0
12682781415304520747	16123915576941803980	1.0
12616857645043573980	11876267958571430858	1.0
10920777303344388088	803799239939156980	1.0
10227727919640475980	18354353013570666496	1.0
8238314307628160980	12160809463377011152	1.0
7121454872366676980	17203745852091269120	1.0
6657606689731137980	13632455664737832168	1.0
6416140217806713980	15331633798932196528	1.0
18038516695557201980	193273528320	1.0
16927911578492056980	193273528320	1.0
14791236098833155357	17058220101875190980	1.0
14654526622650589806	12733019491211137980	1.0
12409646554940179980	17495879480676302290	1.0
12330707912905470980	13244486965316812800	1.0
11818331491792711421	12733019491211137980	1.0
11807234550352217608	12733019491211137980	1.0
117095781827892980	15192243333621067440	1.0
11003617081986959980	13099741855862489088	1.0
10053633522531418980	13028310966272524288	1.0
9971342983086304505	12733019491211137980	1.0
9819419759598716980	17921185968128262144	1.0
9373465276272036980	16196262346832787394	1.0
9372883371092194980	14684208359701455571	1.0
9181766727613157980	15264945206306929339	1.0
7658528178943994980	13886188313796149248	1.0
7130391625240618980	12730220633712677884	1.0
6936265339261494980	193273528320	1.0
6552691036510949980	12304345270199517184	1.0
17337166858101176776	12011638790343156980	1.0
16631841860826300980	16055527112241294265	1.0
16105398769037960980	16926773598076324794	1.0
15613897338120523980	17424058398256716985	1.0
13220840330773225980	17209308491869585408	1.0
12463276446904847753	12733019491211137980	1.0
11843546298906397980	12876033025225769680	1.0
11195952345950144980	17849407714468298752	1.0
9852792207399643980	15264859471348760576	1.0
9734891761876224980	13099741855862489088	1.0
9012243767665198379	6618739380655274980	1.0
7742053847944101980	2262873782707432032	1.0
