9733887940886496183	12955395658675650560	1.0
8178934962510970183	12308819079933773772	1.0
8085618771072445183	12519127091399015627	1.0
7561531144829026183	14321375011686885329	1.0
7399586323374462183	15623235283443515392	1.0
6846815733779390183	16846531094210674688	1.0
6716666895572526183	15189745247870560443	1.0
4314513670711070183	13101733099988494802	1.0
2838449969493179183	16848777352320248009	1.0
18371411651062661183	16633179610930793402	1.0
18074377414516827891	643427225721856183	1.0
16685426548526539183	13678744561840267728	1.0
12609605148954178384	16407405957640532183	1.0
12431093577661439183	16842314445271248336	1.0
12029825302523256183	17200559467393974272	1.0
11862878376619012183	13892189499443373262	1.0
10266633670698842183	18067270495995286732	1.0
8992898360492796183	12163283348604583936	1.0
8568733069906483183	14679166020297671618	1.0
8278075833230006183	14250454410299417040	1.0
7917023809194687183	13099741855862489088	1.0
615470075783289183	18287613752981366737	1.0
4725841955513713183	12452648352036683776	1.0
1844329915284748183	805515380110840057	1.0
18057997647036337887	16407405957640532183	1.0
15487421009643623183	13313969503086038205	1.0
14420291982966860183	14248727057302353862	1.0
14410572146063304183	2118759899611367699	1.0
13895888602311371183	14823869430739501056	1.0
11869526393774941183	14173588657453137920	1.0
11773729390893858183	13239366642745526473	1.0
9970157400477178183	17201203785213410228	1.0
9062912765998995183	16194352477955472082	1.0
9013180325271670183	17995227154157183412	1.0
8504763401675401183	681789415120547945	1.0
7600471990038236683	12958818557167648183	1.0
6825200404464148512	17131969874764031183	1.0
581981779647575183	15907457918237147136	1.0
5818935731237063183	13455311761527864249	1.0
4896409858887919183	32492149148745728	1.0
18080115855873696943	643427225721856183	1.0
15948912355027550183	15975020700150792192	1.0
13882772401427491183	193273528320	1.0
1382373785810317183	16411065107393544192	1.0
11869954964501736359	14320576869172832183	1.0
10603089737044085183	16122555424262908105	1.0
10588177136999135183	16123924381319489477	1.0
10401856531692706183	193273528320	1.0
9624676706869750183	17560877197412052166	1.0
9232817481909374183	14616352110371722455	1.0
