9028106274363701739	13099741855862489088	1.0
8167112686263033632	15910075871843362739	1.0
8076958214166025739	12158540042557502910	1.0
6405898863732055810	2385383641006883739	1.0
6403150192654204739	12594290781411344384	1.0
17612403051020052739	15761114048811431373	1.0
15523611183917103739	15833998580017790976	1.0
12692092018266762739	13461776838070107060	1.0
12379893371832933739	13101733099988494802	1.0
12331703420463877739	14535916187352609222	1.0
11787650217704282739	878834161527348843	1.0
9588173500268606739	15264947294840029184	1.0
9451126906025662739	13679111937407844352	1.0
9099510654617453667	15910075871843362739	1.0
7732006115059406739	12810147990781881800	1.0
7608666857667778739	12016928373738630613	1.0
2978802568286497739	15477434621351754199	1.0
18174321972073127307	17201733840301783739	1.0
18144875618477266739	712227427146303991	1.0
17502180157292551739	15623235283443515392	1.0
17095967574631272739	2103133692682788645	1.0
16099473082497266739	17127735552406192128	1.0
16099473082497266739	13820087950759810762	1.0
14902140536522329739	708989532885717716	1.0
13875136965585470739	12879718463769199564	1.0
13439335118833110739	17058124453344504266	1.0
12913943494809649739	8031420568096663566	1.0
12560444034824286739	16415557789214112443	1.0
12117659848092918739	18208242172678942935	1.0
11725565272594831739	12446230558499930112	1.0
11383618886148765739	11876267958571429818	1.0
11382201373224559818	2385383641006883739	1.0
11182162330621078739	18068083002226769920	1.0
11000002781261078739	14750311119293838032	1.0
10242433081824574739	2329444472887641064	1.0
10225632636977955739	18072859366616001992	1.0
10130421648375505739	16988416395395989504	1.0
9791799837942056739	13678744562996397497	1.0
9083747431983095547	12451670345033762739	1.0
8931001675494898739	14111119930090848256	1.0
8817233307521298877	17201733840301783739	1.0
8701018957926346739	13165611346919686144	1.0
8605664649420978739	18066750415608741888	1.0
8232710590830563739	193273528320	1.0
8028364402817925739	13093013845427879936	1.0
7182230259770950739	16845666928365904336	1.0
16755791128182585739	17203745852091269120	1.0
16564072953722419739	15908059509603816124	1.0
16500665782162097739	13102368597731180544	1.0
12141064470399318739	16480048673078640640	1.0
