9438491083072252438	14175869083223851008	1.0
6402914376398546438	13814783829665120256	1.0
5548039658313156438	12446230558499930112	1.0
16613662314950400438	14606488375541104640	1.0
15279910644512415438	13093007274127917056	1.0
13921670374816157438	17424116702707436733	1.0
12974729088365413438	17922535184859660288	1.0
12213507592764041438	15111796404861510096	1.0
12191972897232697438	15111796404861510096	1.0
11926349570981032438	18067270493198666160	1.0
9504055614130523438	16697012936060698624	1.0
8278113525901051438	14250454410299417040	1.0
7363131662419234438	11876267958571430858	1.0
7250729578633831438	15545503246374075082	1.0
6942346012373197438	12160809463377011152	1.0
6932465395950556438	14534464763284422656	1.0
6837799902337064438	17711176003278201029	1.0
6721436878344674438	13101762625090409941	1.0
6313236841531568438	193273528320	1.0
6231506849158585438	6238561017597675275	1.0
5163595597634231438	13678744562996397497	1.0
2688930445718324438	17850574354989104585	1.0
17273791843652093707	12092722150745877438	1.0
16704420938298312438	15616700920199380992	1.0
1593678710578729438	12160809463377011152	1.0
15922600117695072438	2299409059178901615	1.0
15765700732135237438	12591434334990888140	1.0
15651536632745684438	14110839554625808575	1.0
12882766297472942438	6480202744439955226	1.0
10685698023255042438	18210272905694406581	1.0
10532576592832344438	17632677479959232512	1.0
9096755268662261438	14831409890072772054	1.0
8950009938748396438	193273528320	1.0
8815064968575800438	12377000895483740160	1.0
7902955774001566438	14823869430739501056	1.0
7811787269354434438	13894104831875874816	1.0
7761656938985617458	16341489080191722438	1.0
7486121118191197438	11651643143967712177	1.0
7344589783066586438	13092993057786167296	1.0
6939477614120777438	15040028000652285623	1.0
5552195670517391438	13165946723735961600	1.0
5539853729727903438	193273528320	1.0
431664392384862438	15480799142834796753	1.0
2150799102927814438	859758691108761830	1.0
17487937358218640438	13102368597731180544	1.0
16450054994795163438	13101732951161307136	1.0
14944513094973438438	16408215150954529730	1.0
14557076533085449438	12595402464670295732	1.0
14426471785825363438	193273528320	1.0
13433798068469937438	16055527109040323789	1.0
