9450292651567707465	13606757363561267200	1.0
9146284700079888640	12376938244105292465	1.0
8126238990511653465	18137377497774292992	1.0
8126238990511653465	17203745852091269120	1.0
7406273911501732465	12377006633560047616	1.0
6905745337270652465	13632455664737832168	1.0
6813511934347847465	13748296473202655232	1.0
6594782334183961471	12376938244105292465	1.0
3674430736437604465	14181544779426299904	1.0
3579128435184381465	193273528320	1.0
17411852184656146465	14903509360041834447	1.0
17072157517444156465	16122504830508924080	1.0
16505706138544825465	14463860873942325187	1.0
15986195994897780465	14181462267564630480	1.0
15777124567640812465	12307962551785750528	1.0
15612957823106728766	14678023692827947465	1.0
14368934650159624796	14678023692827947465	1.0
11747592278416723465	4173076784672406704	1.0
11327954212420517279	14678023692827947465	1.0
10860965768558467465	13092986460716400640	1.0
9356260180873458465	13820414420121084863	1.0
9160063728331201490	12376938244105292465	1.0
9151622725987082166	12376938244105292465	1.0
8308709795827997206	14678023692827947465	1.0
8180628115158986885	14678023692827947465	1.0
8160578811036151465	17281335222272524288	1.0
8112682862921768465	12011657422369236657	1.0
7347159478222333129	14678023692827947465	1.0
7312451740349265465	13886247716025919690	1.0
7106414094070558762	14678023692827947465	1.0
7096070661686680646	14678023692827947465	1.0
6052909477246119465	13093085373573684156	1.0
17276529395382412465	14106104937297530579	1.0
17155627509495349520	12376938244105292465	1.0
17069254352679304465	13093013845427879936	1.0
15055348179591266465	798719621074115149	1.0
14620973840760575465	16120906256566234320	1.0
13777750934428285465	12018640390652428288	1.0
13080498779039898465	14250454410299417040	1.0
12871401719434225465	13096952377682996912	1.0
12697040369529693465	14753202852054695936	1.0
11324605890300443216	14678023692827947465	1.0
11286786007683256200	14678023692827947465	1.0
10390150473760398465	16552109409787683280	1.0
9030226279296585465	2182136579466794748	1.0
7671587611164249465	7582039960048391300	1.0
5488714330213426465	18137299514053099520	1.0
2593287231353163465	17993808818517049344	1.0
2008618377036018465	15545503246374075082	1.0
15755489672004327465	16411108031296700416	1.0
