9811351348074658658	12667468799272812544	1.0
9702152724273174658	16767701513567993856	1.0
9599187282564989658	17277202050689531904	1.0
8509491021071727658	15477463127049682871	1.0
3890003630636533284	14327824767633310658	1.0
17282995571863547252	14327824767633310658	1.0
15931151642383109658	2299409059178901615	1.0
12534851045627441995	17058194706124564658	1.0
12057143883725274096	14327824767633310658	1.0
11660948424177928836	14327824767633310658	1.0
9692423770873699658	16051359962870173626	1.0
8722225879879634207	17058194706124564658	1.0
6266290619503088658	13102634542106148864	1.0
5157810083304984658	16846534345500917760	1.0
3658262877403735300	15047567290445396658	1.0
16078043261876730994	14327824767633310658	1.0
14010152971413879658	14751167514297819087	1.0
13091685158805306658	17779304015772492240	1.0
12213729526557737658	12665767798950068224	1.0
11659001098909233126	14327824767633310658	1.0
9972812757794695658	14821594575541370880	1.0
9406837354195806658	14535608311211884544	1.0
8710089998797239794	17058194706124564658	1.0
8292640196269897658	14250454410299417040	1.0
7907869187930945658	14038550942886920192	1.0
7114832290113930658	14463213167104273841	1.0
6904735285586434658	18137395158679814144	1.0
5329043969722321658	13099741855862489088	1.0
5179544065375156658	17205145586228002816	1.0
3880019429361352179	14327824767633310658	1.0
2162812000461008658	12160809463377011152	1.0
17726020715207493658	2361912812627362352	1.0
16817484132840624658	14321082588926574592	1.0
16684054613730658658	193273528320	1.0
1582458085405069658	16480048676027936212	1.0
15076327651822082658	13814783833352883667	1.0
1476273815753455658	14177829435146764288	1.0
11095347009526510658	15615615762352308224	1.0
10675652196608653658	13759279653766299648	1.0
9692423770873699658	13814759797927301050	1.0
9129153250416083658	11873376259060202448	1.0
8154737430541286658	844446556893396535	1.0
7935436048452553658	14321989698904434378	1.0
7347331615839518658	18354049516766821065	1.0
6814016340985802658	18212182771370077880	1.0
6798597064232882658	12011615653812240384	1.0
6794285152660170908	2649563985281333658	1.0
6417094809026728658	12594290781411344384	1.0
17823402166249373658	193273528320	1.0
16673591050493094826	14327824767633310658	1.0
