9849917161574243592	1186777563202055098	1.0
9200070960621074061	17858650183441627592	1.0
9001344443207356084	15481041049555566592	1.0
8961470980474538279	14321082588926574592	1.0
8770726419292424219	15982969181377134592	1.0
8507756442216143592	15119634794436100096	1.0
8274288252201680849	17418225382003310592	1.0
801395188400972051	14321082588926574592	1.0
7610459532401318409	15982969181377134592	1.0
7581327796849726334	14321082588926574592	1.0
7554663986290329592	15833212419587627716	1.0
702266564615146592	15908023097278639312	1.0
6845688507173495139	14321082588926574592	1.0
6811703431438378409	14323039732420443592	1.0
588590987228262467	14323039732420443592	1.0
5841884342046115426	13814779496043118592	1.0
540857845067065890	14321082588926574592	1.0
5209511272464827284	16911527688999534592	1.0
4421692149448000592	14042146375974518784	1.0
3647338366538291933	14323039732420443592	1.0
362830390790601726	14323039732420443592	1.0
17222709429934180510	12016069741056622592	1.0
16450606634785604156	15189166883279470592	1.0
16292325498851071093	14321082588926574592	1.0
16073206176359721592	16631163197558139063	1.0
16049773463981594132	17418225382003310592	1.0
15534937903900511592	14681717953250983936	1.0
15032059737605353345	17418225382003310592	1.0
14235371096736078209	12740606048175761592	1.0
14062935858208202845	14323039732420443592	1.0
13790756490682819547	14321082588926574592	1.0
13416237574832030988	14687881922810478592	1.0
13212100033798412592	12661531516574082235	1.0
11990738537964171151	17418225382003310592	1.0
11951817377895736592	13678224639994035139	1.0
11562160495882556113	14321082588926574592	1.0
11536897050323586729	11873431192801902592	1.0
11101355615995675927	17858650183441627592	1.0
10186017467399367245	14325663171547758592	1.0
9357480108637172535	14321082588926574592	1.0
8791346389805362238	15982969181377134592	1.0
878012847222138592	13894122540026036224	1.0
8773633154349844925	15982969181377134592	1.0
8764981767246158318	15982969181377134592	1.0
8381695445249071366	14323039732420443592	1.0
8023355509385878682	8043926798386061592	1.0
7873323754281362472	14321082588926574592	1.0
7610328931415285403	14321082588926574592	1.0
7504798218564096592	13173550954743595008	1.0
6310717533948031446	17858650183441627592	1.0
