9390652385227689146	17281335222272524288	1.0
9076896918040075303	14254071826274633146	1.0
9049053122795705146	13093013845427879936	1.0
8572183833332425714	13165611346919731146	1.0
8570124473728873182	13165611346919731146	1.0
8070204184264712193	14254071826274633146	1.0
7893013046514958071	671720439450306146	1.0
7757755768859230406	14254071826274633146	1.0
7731422093212354146	13102376307197476864	1.0
7082795278495552146	18068626221100433408	1.0
6304743771312935146	16842314441348349952	1.0
5912625593002012146	14250454410299417040	1.0
4124436515663363309	769644353716979146	1.0
4111536710179795339	769644353716979146	1.0
18189406423725577146	650867393997934038	1.0
18146090458466078146	14110839558848686271	1.0
17755893829713657009	769644353716979146	1.0
16514714803036334306	2351481273489270146	1.0
14334711418761650146	14678023692827947465	1.0
13999358727098244146	15477454335251637455	1.0
12737844853684919496	8025002745000661146	1.0
12375910978304785146	12306903707621181369	1.0
11244829848817504146	15617336501971964088	1.0
11016351578773354146	11733803171808542720	1.0
10669967983849463146	12158534609423826944	1.0
9528750548631621146	11725077309466272945	1.0
8570316162391646822	13165611346919731146	1.0
8073176665674167146	13099741855862489088	1.0
7808342910315996994	769644353716979146	1.0
7690680377386342338	769644353716979146	1.0
7678858269736274146	14101576199226523648	1.0
7089881433472608146	12740586386944490171	1.0
7051343593684639146	17280024561462542336	1.0
6890194437403195146	17711787332987781120	1.0
5539565851043772146	11729298416835033286	1.0
17235805496098776422	769644353716979146	1.0
16708108370457514146	18290187627356725946	1.0
16508586068793657146	193273528320	1.0
15927216747888283146	2299409059178901615	1.0
15023590065741223146	17926250386192838097	1.0
14804184449154601021	769644353716979146	1.0
13854489974338787146	12237051808505135104	1.0
13081200512306817146	12160809463377011152	1.0
12532534112893587983	7145041711994584146	1.0
11847436754093886474	769644353716979146	1.0
11847288590629530324	769644353716979146	1.0
11649292108435834238	769644353716979146	1.0
10866372290587232146	13095823071867100092	1.0
10860783499731944046	13244482571565320146	1.0
10585227055378255923	14254071826274633146	1.0
