8680290836626586455	13455061012747124736	1.0
8092948561403875455	14178955352233540532	1.0
7484672399918511521	12237051847159894455	1.0
7420824829866791763	16055527113095702455	1.0
7416640173481296455	12452651770830715579	1.0
6682660721439946455	193273528320	1.0
557585214088153230	18067270497187456455	1.0
5338627390130024455	13242460589828591812	1.0
465004657088169345	14755170836134550455	1.0
451296328821338455	17203671166904958976	1.0
4059238512572332320	15257864296211722455	1.0
291155846867037983	18067270497187456455	1.0
17827370887780539084	15257864296211722455	1.0
15633659612688006455	14110839558848686271	1.0
14638778313725566455	16118586235491975168	1.0
13899977602418401778	14755170836134550455	1.0
13803259706426171084	14755170836134550455	1.0
13443835484340434921	16055527113095702455	1.0
13379138542864593455	17779304015772492240	1.0
11734428358503856886	14755170836134550455	1.0
11464775669990877455	14607414104202149888	1.0
1143331012373907455	12594290781411344384	1.0
11082877940507614692	16055527113095702455	1.0
11067410899024300455	14753202852054760123	1.0
10383544162889998693	14616352110371722455	1.0
9528297522099123455	796267336498316346	1.0
9085802167731636349	18067270497187456455	1.0
9055233333619467546	18067270497187456455	1.0
8357461996284292691	16055527113095702455	1.0
8335808020857406080	16055527113095702455	1.0
8290285845480342455	14250454410299417040	1.0
6599253097855371455	13814709114414039040	1.0
620275295730952013	15477454335251637455	1.0
18350750749630769001	14755170836134550455	1.0
17235694589292973455	17422665355985158144	1.0
16633435736124008874	16055527113095702455	1.0
16608451213446341984	18067270497187456455	1.0
161617653206465455	14903470832821724857	1.0
13441534659092970455	17281335225238923217	1.0
12888098563847671455	13099741855862489088	1.0
12852565401032823455	11654394135653177026	1.0
1229740929398641023	14755170836134550455	1.0
11724250316832336051	14755170836134550455	1.0
11095216990896473889	14755170836134550455	1.0
11094395926340797855	14755170836134550455	1.0
10988705759211813535	18067270497187456455	1.0
10895536284727401455	16633179610930793402	1.0
10886322609533378455	15975020700150792192	1.0
10543164327567460455	12810201871167782912	1.0
9478007406062327455	15616695491360774845	1.0
