9949473444179664629	11725036787075121152	1.0
9533715025522422629	2219979506304143692	1.0
9004430033604378864	816624064559948629	1.0
6953888247444803629	16913790453864726528	1.0
6886347181760112629	13632455664737832168	1.0
6587708453748279629	12158519151836528640	1.0
5165383828752080629	12446230558499930112	1.0
2391346592795514629	15404838266616152064	1.0
17294385008297786346	16911523239413479629	1.0
15957785896265561436	816624064559948629	1.0
15955938716727670493	816624064559948629	1.0
15925488908423921629	15111796404861510096	1.0
1479604885065810629	16265802097897766912	1.0
14279731975261772275	7189464679452065629	1.0
13537682539822112629	12160809463377011152	1.0
13439855561479625629	17058124453344504266	1.0
8568407605749493629	14903470833375951062	1.0
7573671490399051629	767700834799254630	1.0
6829524823705409629	193273528320	1.0
6821076296535388629	13165946723735961600	1.0
6260673401301865629	15261265051873443840	1.0
4911738844762836629	12810147989893397692	1.0
17998721632050946629	16552940718995779286	1.0
16083789296756851629	14903470829890174976	1.0
14988716869285806629	12810147990263024822	1.0
14570042839540508982	816624064559948629	1.0
14560631915235617629	762073910934943780	1.0
1366071623559224629	12590599772416564162	1.0
13109691925347149629	17346636321652736000	1.0
12568957974517444629	13814783833352883667	1.0
11947586708952967629	6366641963122493435	1.0
10898359704590114629	13633012026206768058	1.0
10428208964705917847	12593704857641405629	1.0
10272901556936842629	14684231564889074867	1.0
90730047132701629	193273528320	1.0
7108266963892320629	14325640171997888512	1.0
6828893054223621629	12373263663779199673	1.0
6741224767177420629	12158520238463254528	1.0
17940721813838074629	16055527109040275456	1.0
16939697604478519629	193273528320	1.0
16483580460778644629	2118951657016880628	1.0
16422829228980090629	14755153355617599488	1.0
15942943150588416676	816624064559948629	1.0
15134773205956609629	798719621074115149	1.0
14486575273417489629	699854318526757904	1.0
13930709804010081629	12160809463377011152	1.0
13706485143468786629	13740970448701680074	1.0
10978029827475328629	14902626383485250768	1.0
10211133779174485129	816624064559948629	1.0
9545852921073098629	13886848123852029952	1.0
