9936542684418395170	16770814350066443979	1.0
8194331562419328170	15833741182627741696	1.0
6387991405075777170	190009353175040	1.0
6139942457636396170	193273528320	1.0
17071834149975608532	15264909052451285170	1.0
17061813497355022996	15264909052451285170	1.0
17057753219838026749	15264909052451285170	1.0
17022437189873844051	15264909052451285170	1.0
17019136515987977136	15264909052451285170	1.0
17012928514487142510	15264909052451285170	1.0
17009443663810169925	15264909052451285170	1.0
17007542543894998861	15264909052451285170	1.0
17003764480227836246	15264909052451285170	1.0
15972677256141181170	15261204710497776828	1.0
15914063444850601170	13678744562678230226	1.0
14938323210312394170	13020935463748291001	1.0
14343163293377920170	17867461927324614656	1.0
13321457457153583170	193273528320	1.0
12200610570315484170	12160809463377011152	1.0
11840014097298508555	818158497557002170	1.0
11004524707376675170	13099741855862489088	1.0
10972704794085858170	16989806272293370804	1.0
10894772971425205170	13099741855862489088	1.0
7337058012188520170	12092725518491713536	1.0
7182438945683541296	839776827912571170	1.0
4835826866352277170	13099741855862489088	1.0
17877945443262264170	17926208790647013376	1.0
1745996657348536170	17706968152048402432	1.0
17057148063233188721	15264909052451285170	1.0
17054876235971563341	15264909052451285170	1.0
17051608268331115355	15264909052451285170	1.0
17021098852270729236	15264909052451285170	1.0
17013405444784043578	15264909052451285170	1.0
17004399611221087813	15264909052451285170	1.0
16996039066528756267	15264909052451285170	1.0
15970254302956048170	2618391404565362864	1.0
15465015800654920170	13103137070459691442	1.0
15125874974242198170	798719621074115149	1.0
14655076654060546580	14248780962342431170	1.0
14104494656549217170	17779304015772492240	1.0
13088923043887037170	17779304015772492240	1.0
12378737542014406170	11876267958571430858	1.0
11816437104484811170	193273528320	1.0
11436205568932526170	11876267958571429818	1.0
11379349611595522170	14968536599422356694	1.0
11061171266717610170	193273528320	1.0
10342137366917084925	14248780962342431170	1.0
10124240090144092170	15908053982388466900	1.0
9786695930646301170	13097019340518064128	1.0
9211681654813288170	12738941543319140538	1.0
