9848680652704279200	15040028000147729613	1.0
9821617730452058735	15040028000147729613	1.0
9586259688464426243	15040028000147729613	1.0
9269872325533976482	11727934141948273613	1.0
9256812712842018152	11727934141948273613	1.0
9250477610352799833	11727934141948273613	1.0
9249204478040084806	15040028000147729613	1.0
9209749815506967093	15040028000147729613	1.0
9127462395648877113	15335301899948903613	1.0
9127079748507881862	15335301899948903613	1.0
9121462785847918045	15335301899948903613	1.0
8561122538067555449	14903470829890225613	1.0
7903881552869477954	15040028000147729613	1.0
7813179601659097419	15040028000147729613	1.0
7629836932007704276	12016928373738630613	1.0
7561827779457691204	15040028000147729613	1.0
6943521145427049613	12160809463377011152	1.0
6852063654903713896	15040028000147729613	1.0
6839688715923164380	15040028000147729613	1.0
6825267500520843613	12373263659755896832	1.0
6645111100805410231	15040028000147729613	1.0
6265509882418887925	15040028000147729613	1.0
5021391265249920977	15040028000147729613	1.0
5002240018322785067	12016928373738630613	1.0
4529433015613209613	14537254262938861239	1.0
2694526149111336035	15040028000147729613	1.0
2069143565358352892	12016928373738630613	1.0
18338259313035015650	15040028000147729613	1.0
18337206848481879987	15040028000147729613	1.0
1827521407649265613	18141578816910770374	1.0
17549922984851086683	15040028000147729613	1.0
17360379874665859489	15040028000147729613	1.0
16364825185101031596	15040028000147729613	1.0
15978688503715311613	17275992646917664189	1.0
15361243731739662761	15040028000147729613	1.0
15272418089745543922	16122577484175698613	1.0
14882868903883243787	15040028000147729613	1.0
1463754387808382613	18141578816910770374	1.0
14585653849390122383	15040028000147729613	1.0
14013663877470684613	16127349398811362501	1.0
1358692125892676176	12016928373738630613	1.0
13428146836372672956	15040028000147729613	1.0
11659477900373201126	14903470829890225613	1.0
10400829917356110022	15040028000147729613	1.0
9992450519331997148	15040028000147729613	1.0
9873794018189620417	15040028000147729613	1.0
9866130709703479863	15040028000147729613	1.0
9462900016689499778	15040028000147729613	1.0
9271432413957737613	14607414104202149888	1.0
9247634079147208283	15040028000147729613	1.0
