9214824027554540270	17272691818135411908	1.0
8972151958562176593	12886723602502302908	1.0
8965644855381578463	12886723602502302908	1.0
7707906052478682908	798719621074115149	1.0
7241209545734367058	14177829435146824908	1.0
6062964068750861580	17926791368601032908	1.0
563624264595345270	17131945628176937908	1.0
559648172646549751	17131945628176937908	1.0
554309549894504259	17131945628176937908	1.0
5506109987206023908	12597590501633599679	1.0
2313209132389272908	13030862812501562837	1.0
18420359077261221908	688898204256084750	1.0
18204865704551242908	16122504830508924080	1.0
17933226520799170842	18066701000546056908	1.0
17906760929912290533	14327824767917150908	1.0
1762588974338958043	17131945628176937908	1.0
16705936052727502485	14327824767917150908	1.0
16652754982829359908	14903470833710510270	1.0
16613518188391378656	17131945628176937908	1.0
16604871774743955583	17131945628176937908	1.0
14976929408780243908	15762504958135550396	1.0
14974001866290794908	848818984301074862	1.0
1493993390754520849	14177829435146824908	1.0
14365453365141355170	14327824767917150908	1.0
14359779743487421502	14327824767917150908	1.0
13420751314915812908	15454499474532456390	1.0
1309268138714028908	193273528320	1.0
12572212906889285050	12521376702175166908	1.0
12568786051253937565	12521376702175166908	1.0
12200463815609019908	12160809463377011152	1.0
11190050839551043836	12521376702175166908	1.0
11185798434206834908	6801561870183306548	1.0
10979522831395508405	17131945628176937908	1.0
10939594921923105908	17421281036486049792	1.0
10724721443631225908	867041619789882668	1.0
10007985907331682553	14177829435146824908	1.0
10007966979490993309	14177829435146824908	1.0
9839046689539173908	15477443374495039488	1.0
9322058166198798748	14327824767917150908	1.0
9029572906892924908	14101576199226523648	1.0
8975537135699187357	12886723602502302908	1.0
7643961971796799908	15626826365729243136	1.0
6665448590729419001	12016128019430760908	1.0
5733740603286888908	13169032970780582332	1.0
564468663622472840	17131945628176937908	1.0
559848386984097046	17131945628176937908	1.0
552528044636536009	17131945628176937908	1.0
17930029725072086468	18066701000546056908	1.0
1777206513319026850	17131945628176937908	1.0
1768478061611341511	17131945628176937908	1.0
