9734798861645657386	800914461242738753	1.0
7868172524670266837	15764523631330973386	1.0
6680043034561171386	16055527109040275456	1.0
4503578232209036648	11726175845248456386	1.0
180154300658560386	2336167417645985396	1.0
17760374608830014884	2103104096107943386	1.0
16823598187621550386	15331614090741153792	1.0
16680107796095530386	13096364078542879433	1.0
15026020295694039386	13239366642745526473	1.0
14440823360781540386	18357459059894038230	1.0
13848915511747929386	16120906256566234320	1.0
11314733861272012386	17061584521947788648	1.0
10339981988823028386	14038541047282329008	1.0
8525242986869522386	17346685679416965837	1.0
8272398486426763710	683715239459049386	1.0
7471638964395105435	11726175845248456386	1.0
7414392476144572586	683715239459049386	1.0
4491422340823675321	11726175845248456386	1.0
17426234669907918386	17994396984223465472	1.0
17040582919118572386	12157442775700918208	1.0
15674338570943332490	2103104096107943386	1.0
15481106167410862551	2103104096107943386	1.0
14041552937196161386	193273528320	1.0
13924290200966764921	11726175845248456386	1.0
13752850723482453304	2103104096107943386	1.0
13058139853664189386	12446247028219444680	1.0
13037438322705576386	17922625387762810880	1.0
11811953994106133386	2235677165514039531	1.0
9588729105068506386	13820050570940166091	1.0
9528236069780717032	12952858067186333386	1.0
9137019408458991386	13524795428909929431	1.0
8599897290985295386	14903491754970841088	1.0
8283643253372212386	13099741855862489088	1.0
822000011163320386	193273528320	1.0
7244030979396288559	2103104096107943386	1.0
6067148483696274386	193273528320	1.0
4492987053189743931	11726175845248456386	1.0
2763763920564711386	16633167589684726472	1.0
18016417536844233386	15545503246374075082	1.0
16131497990736831118	2103104096107943386	1.0
15681654162990650352	2103104096107943386	1.0
11970872449945225386	12814923208457191424	1.0
11743532353434254386	11869756663596580864	1.0
11149629852585883386	14248749004585172992	1.0
10737646274712231386	193273528320	1.0
9791170216513688386	12375304370516918272	1.0
9538256923574785831	763891039960506386	1.0
7998903113901948386	13241667907697508352	1.0
787252448347228386	13099741855862489088	1.0
7423837871186887386	14038550942886920192	1.0
