9657805183875062153	15839704061818502324	1.0
9636883357632435423	11872804436814387153	1.0
9093296288814445301	17281377969055124153	1.0
8516023303387944153	193273528320	1.0
832146831960785153	14903470829890174976	1.0
8316358366861199153	15333321606529286144	1.0
8147816015758179153	14177829435146764288	1.0
7914424724377485153	193273528320	1.0
7607999168571621703	12231409014484020153	1.0
7569443903310933153	16051620544226835648	1.0
752371769578556153	18066750418490084803	1.0
7440789075028697153	13820414420121083587	1.0
720935661650159153	15975020700150792192	1.0
6289250367624699347	12231409014484020153	1.0
598780396383232153	193273528320	1.0
16448740420374663153	16055527113197285833	1.0
15923442804162983920	11872804436814387153	1.0
13898973259316019153	15111796404861510096	1.0
12441916631130835153	17706652721060249600	1.0
11698506078971332279	15548881956371475153	1.0
11687427079907437718	11872804436814387153	1.0
11646381135815744153	13814746566528860160	1.0
10967716548715803153	13389670981774082048	1.0
10935078173487765153	11940707040835403776	1.0
10324135099584449344	11872804436814387153	1.0
1013571523360911153	18209420887530208213	1.0
8316358366861199153	15047015358546313216	1.0
7845936714676880153	13669166803195047120	1.0
7359405984415171153	4121128128092371657	1.0
7141775457304532153	17632714841879740416	1.0
7074919712049962742	12231409014484020153	1.0
6287434352281293986	12231409014484020153	1.0
6168450169946182729	18404834287944472153	1.0
2531175876018085153	16342686452582694076	1.0
16507347623359651153	12526476185565199035	1.0
14372603775100569697	15548881956371475153	1.0
13441793090034729369	14037972684560063153	1.0
13418803925116669153	17058124453344504266	1.0
13292142967195865153	4173076784672406704	1.0
13280885185581733153	12879407448007431631	1.0
12393248266047395153	2261788104638074622	1.0
11807984617500036153	193273528320	1.0
11197428577791635153	12661531513792277712	1.0
10891154366279905153	16917428634761886156	1.0
10061132995013170610	11872804436814387153	1.0
9643681831383465997	11872804436814387153	1.0
9209489313103357153	13958560509893541888	1.0
9111707488656367153	14967082997812835697	1.0
8128568447965358169	11872804436814387153	1.0
7065190369625430766	12231409014484020153	1.0
