996135361490795191	16631126913674436542	1.0
99562255695922191	16561628912556959427	1.0
9925519264231834191	13461776834064547840	1.0
8173875060570706725	12021181322710592191	1.0
7886811967899645191	16480048677070558922	1.0
7135478949835198191	15046799935871647744	1.0
6858035839334479191	13675722108091345361	1.0
6059113909658424191	13093085373573684156	1.0
2353083391792750191	16631185122155024083	1.0
17884872620464636191	13099741855862489088	1.0
16640300402577571191	193273528320	1.0
15457831176248682191	1993579822397254101	1.0
15259041307138348191	5816013325286322792	1.0
15146752351508672624	12018640393937867191	1.0
1470853380398887191	16842303433347212502	1.0
14704500299333912191	18141608457172744397	1.0
13830566550602330191	13099741855862489088	1.0
12195548856874885191	12160809463377011152	1.0
10391265959898752191	15331062041326255560	1.0
10036438013575882191	12588923021479116800	1.0
985864783644382191	12666061497403703296	1.0
9771679161645680191	15622053368573240505	1.0
8741474019295825191	14684195268421736114	1.0
7253430245878798191	11943529431349378243	1.0
6493196490705408191	13820368244927627264	1.0
5183839170121449191	16842303433347212502	1.0
16922053483568735191	14756505720560089293	1.0
16861053937586428191	15045044998104654288	1.0
14930381130274000944	737498966989755191	1.0
13499986031483520191	15047567290445396658	1.0
13136710795402544191	17343911594400202185	1.0
11440419034284072191	14177872376229789696	1.0
11397663090037469191	193273528320	1.0
10868775348472114191	15189739642938195968	1.0
9136839523046369191	13601368644188684749	1.0
7856632705462442191	13892189499629095375	1.0
7102878528591243191	13820414420121084863	1.0
1983064755073447191	13099741855862489088	1.0
17430126608697633191	18208313577066987520	1.0
11403017365866095690	737498966989755191	1.0
11378460328440819685	15470100771420287191	1.0
10656089883483963191	13099741855862489088	1.0
9817568868743623191	7793489387341657483	1.0
7955902033866119191	13093022740305149952	1.0
7096135820639436191	13093007347004404169	1.0
6809629212196005191	16272896039546036659	1.0
5770863939799732191	18280627421738696704	1.0
15835957665463923191	15545503246374075082	1.0
15101781952292577191	12306881736150678203	1.0
12391569910127703191	7727176586931911016	1.0
