922176804910334133	16697002941671800832	1.0
9033062357469012133	13093065531064320000	1.0
7133701258698776133	18067270493198678964	1.0
6971948649014855399	12454414266495197133	1.0
5507729864217007133	18137299514053099520	1.0
322779446460087133	13894122540026036224	1.0
2776585415883013133	16131034992041060530	1.0
2646508083897720133	18068626225358299596	1.0
1950157898600954133	14397108286069407744	1.0
18391217386005429133	12591434336012785868	1.0
15985192485027351133	15040518365812621312	1.0
15870883116083939133	14754564000205301938	1.0
11999170251211076133	18210272906380157623	1.0
11871548670210173133	193273528320	1.0
11709710476426708133	12015870660732582587	1.0
11394069033014010205	18290187626853032133	1.0
10868127846107516133	32215085103448064	1.0
10823492484033327728	13748271101939005133	1.0
9120507729822165133	18211637506744972486	1.0
8329974274630126133	13886247716025919690	1.0
7503235086528581133	13237963531821826254	1.0
7234634345842877133	18067270496718928829	1.0
15816582550885461133	15189739642938195968	1.0
14362204533173786133	18208313577066987520	1.0
14180050358655258133	16844023158615562709	1.0
14061359194925437133	15046488765491096784	1.0
11920350309933740133	16767737943480655806	1.0
10775398231378990464	18290187626853032133	1.0
9886179016329700133	17926199907980532921	1.0
8224068751500075133	13099741855862489088	1.0
7860699154748100347	15601604580120926133	1.0
7295762268185165243	11869704977960189133	1.0
17562979062890942133	193273528320	1.0
16156937618765237133	16341523367758659584	1.0
16151446207678575133	678732145377951388	1.0
15644890512990167133	824854195622562676	1.0
15612925677147838133	18281137593906031826	1.0
14490124560014274133	814591857527906945	1.0
12889332503569554133	15111796404861510096	1.0
11545596673610335133	13461776838070107060	1.0
10887110450624421133	14821550655205848002	1.0
10281174214486514133	14968204585565421568	1.0
8441830751996416133	193273528320	1.0
8286987877482788133	14250454410299417040	1.0
7132298375883498133	6444417971058191649	1.0
17914468697922880133	13675148166562562231	1.0
15361711337926855637	13605865676811070133	1.0
15270172644462707133	14321407030756114432	1.0
13987456174859108133	193273528320	1.0
13438000195740639133	17058124453344504266	1.0
