6818807234289740668	12733019487792529408	1.0
6701661448428578668	13167629031400333755	1.0
6182296608871433668	17922553919507005440	1.0
5179571213918190668	193273528320	1.0
17692968021171964631	17063229424574580668	1.0
17212625942441571668	13099741855862489088	1.0
16477367210295553668	16844207894860716730	1.0
1595526070425075668	13099741855862489088	1.0
15665571916124719668	16411076102509821952	1.0
15573280956641855668	827132556302164559	1.0
15399731208021738668	1993579822397254101	1.0
14607588740091673668	881718588797774696	1.0
13483608954026060668	193273528320	1.0
12943779571970167668	193273528320	1.0
10037209130773810668	12376439062221815808	1.0
10000503657949463668	16265808680552153779	1.0
9817435126366468668	18067270493198664134	1.0
7578535174141012668	657690954726159763	1.0
7484180673491061668	15406712830862295040	1.0
6802484753055047668	12665767798950068224	1.0
6596404778002940668	18140687023478931456	1.0
6166919341761191668	14248727057302353862	1.0
6164131255347048668	860416299873923692	1.0
5394453210548698668	14972690510357382356	1.0
17286920257119726668	14903470833710510270	1.0
16656726583105949668	16480048676213156298	1.0
15452632569342339668	16415516969844926642	1.0
13576591873348075668	12594290781411344384	1.0
12808071611019574670	867041619789882668	1.0
12720744267731469668	14616089255240328114	1.0
11103937750324416668	16848720268732656576	1.0
7895311072762275668	12377006633560047616	1.0
4209534956426019668	887729618508046829	1.0
2781482228033302668	860382312051641288	1.0
2272568391371862668	193273528320	1.0
17675286591481982668	17560850873557497805	1.0
15992225330252550668	15119666633028665344	1.0
15923590764710539668	13741022107323310544	1.0
15836404424201273488	13101759432566228668	1.0
15577989066814989668	15048676746385686528	1.0
15521940787185230372	13101759432566228668	1.0
15478603840213847668	13103137070459705297	1.0
15330476483564984101	17063229424574580668	1.0
15203754963914909668	15551430554644762326	1.0
14918179616558075668	17203745852091269120	1.0
14618634772536855668	13093013845427879936	1.0
13464587378900437668	6077931301957933948	1.0
12689191803671630668	12016928373738620882	1.0
12197066118598387668	13099741855862489088	1.0
9602209192783378668	193273528320	1.0
