9771456157407509520	15474604443589392050	1.0
9423868298336612568	18208313577066987520	1.0
9267039808775927785	15474625412092395520	1.0
9213874357056727060	13102326820584344520	1.0
8792766365547781354	15474625412092395520	1.0
8788473403741983218	18208313577066987520	1.0
8535830471267679520	16342664470384995017	1.0
823055207394559750	15474625412092395520	1.0
8143015157993219520	16411065107393544192	1.0
7977675332070217002	18208313577066987520	1.0
7745897285388108578	12163577978172909520	1.0
7556012594782682250	12953446323343851520	1.0
7449261439351441520	15695020275819738836	1.0
7343907307611049696	15474625412092395520	1.0
7090656292805984460	16196275480842731520	1.0
6790702510602534955	16840012158489067520	1.0
6557694547058265148	15474625412092395520	1.0
6545111284868722900	15474625412092395520	1.0
6417341428618989688	18208313577066987520	1.0
6393986362651384997	18208313577066987520	1.0
6206899661894793602	15474625412092395520	1.0
6186867762483120695	15474625412092395520	1.0
6060752263759454536	11726168101405507520	1.0
5969940384480662402	15474625412092395520	1.0
5819442240409119520	14679166020161956041	1.0
5686180309093663013	15474625412092395520	1.0
5502480615381781279	18137299514053099520	1.0
5495626530378850992	18137299514053099520	1.0
5346789915170460536	15474625412092395520	1.0
5315396710410379177	15474625412092395520	1.0
5313005440143115953	15474625412092395520	1.0
3715569598708916152	18208313577066987520	1.0
3294410099491147927	15474625412092395520	1.0
2828264399665327520	11873444447071038910	1.0
2758518464025251895	18208313577066987520	1.0
2689429216899518826	15474625412092395520	1.0
2344838956617577413	15474625412092395520	1.0
1863639432766382965	15474625412092395520	1.0
1860921272486981937	15474625412092395520	1.0
18055577469704425103	15474625412092395520	1.0
18037221771451825731	15474625412092395520	1.0
18022152491009466546	15474625412092395520	1.0
1798217222309163628	18208313577066987520	1.0
17960238922506308936	15474625412092395520	1.0
17435026784321408365	18208313577066987520	1.0
17431593627858883834	18208313577066987520	1.0
17420036867310140600	18208313577066987520	1.0
17139939337359444520	803148970512311427	1.0
16911048290123008520	14320569108406468608	1.0
16902218761521305779	18137299514053099520	1.0
