9223301958962722651	12660969671940374528	1.0
8866883900284336651	13679362626058977280	1.0
8451009786602873651	193273528320	1.0
6247674163013741651	13099741855862489088	1.0
4693418839555158622	12668055890795998651	1.0
17666006080605265651	13173771943695935666	1.0
16903812919911220651	12525841784535777280	1.0
15907735893950247651	16480269447162428355	1.0
15905344459353453651	15111796404861510096	1.0
13088340392924217651	17779304015772492240	1.0
12326187383592477112	18289916104560126651	1.0
11296488595455003651	17058124453344504266	1.0
10819689157595482651	193273528320	1.0
10548749760425000651	17632677479959232512	1.0
10454566479774661651	193273528320	1.0
9874427583547685651	7594873781428944896	1.0
6823419788306707651	12373263659755896832	1.0
6324783566233422465	13389718186917886651	1.0
245375685289546651	15474625412092395520	1.0
18070351592577832651	13455311761527864249	1.0
16423365705275773625	2216918213228318651	1.0
14453056291142139651	16118645763738697728	1.0
11719239589536499651	18363050063284650167	1.0
11559881949074821651	16118645763738697728	1.0
11433929206906441651	13678224638649810359	1.0
9168827509679831651	16416665945399873235	1.0
85991203324173384	12668055890795998651	1.0
8463665751019917651	13099741855862489088	1.0
8167886324618904651	676306411948944262	1.0
7034935231499669651	12742612803262725311	1.0
6361807664984064651	14248749004585172992	1.0
392107128590727651	12375304370516918272	1.0
373470157237216083	859973054092841651	1.0
3272668816629011651	16912611716192595663	1.0
18280329180038235651	12232553628032543673	1.0
14788983632976047651	13099741855862489088	1.0
14422528316643322909	18289916104560126651	1.0
12335985690129982433	18289916104560126651	1.0
11274246273325812651	12661531513792233472	1.0
7449321542712780651	17926203151354953728	1.0
7094718885123436651	13093085372601517011	1.0
4693507436134855407	12668055890795998651	1.0
2550283412492560651	17058125445481954480	1.0
2383096325699077651	11726187911324893184	1.0
18006481207012980651	13455311761527864249	1.0
17541200059680985651	18066750418692591315	1.0
17429143035574334651	15767904599505942962	1.0
14559863921632770651	14325663171547758592	1.0
14407175706866225779	18289916104560126651	1.0
13491793615585386651	16416736323945161935	1.0
