7105081314190598663	13093007345964265163	1.0
3277009984908328822	16912611716192595663	1.0
3276891469583317212	16912611716192595663	1.0
3276884795250643684	16912611716192595663	1.0
3267946633179162134	16912611716192595663	1.0
3265357837284607977	16912611716192595663	1.0
3262824678517855802	16912611716192595663	1.0
3261152218246740559	16912611716192595663	1.0
3259334210152472064	16912611716192595663	1.0
16944704973755166663	11876267958571430858	1.0
15809415637574883470	15042498603330099663	1.0
15547283489935169663	14823869430739501056	1.0
15183746187642933379	14038497187076308663	1.0
12452237841385126663	16192328272753778870	1.0
11240489652244933663	17563948197812895744	1.0
8937206455571818663	13245032434753339392	1.0
7088791817443431663	12595401288155398144	1.0
410851905753363663	15189739642938247880	1.0
3279954335301799872	16912611716192595663	1.0
3278168573913058121	16912611716192595663	1.0
3267457286037483175	16912611716192595663	1.0
3263853782868251629	16912611716192595663	1.0
15910914546652034663	2299409059178901615	1.0
14839077879334491663	16337001939722103477	1.0
1422977943309168663	2141737962072381198	1.0
13924281685202302663	803799239939156980	1.0
13888716207737273663	15545503246374075082	1.0
13094277081829229663	13455318414361555121	1.0
1207545010326193663	13099741855862489088	1.0
11388485250892874047	16912611716192595663	1.0
11384128156912623054	16912611716192595663	1.0
8247963617030068663	12160809463377011152	1.0
6979121030910466663	193273528320	1.0
3275418733721943297	16912611716192595663	1.0
3273473929678059313	16912611716192595663	1.0
3270499647651380795	16912611716192595663	1.0
3268457090029886570	16912611716192595663	1.0
3263589294392904562	16912611716192595663	1.0
3262556230206896457	16912611716192595663	1.0
3262261573944503135	16912611716192595663	1.0
3258837024712654563	16912611716192595663	1.0
3258721043466270414	16912611716192595663	1.0
3258495553346022676	16912611716192595663	1.0
22709450610693663	13099741855862489088	1.0
18150790145476614663	14399950651935090381	1.0
17326065640709871663	14397081932150122962	1.0
16921436560638007440	14038497187076308663	1.0
14103506215995616663	12591434331806822867	1.0
13095371520742408663	14250454410299417040	1.0
12204797046252964663	12016105002738122752	1.0
