9963037155246114861	12519678970322485248	1.0
9833577329084351220	12519678970322485248	1.0
9801015565588016277	17421300733206069248	1.0
9507188637272172115	17421300733206069248	1.0
8670357152616626496	12378643518610997248	1.0
8621385570468290248	16053261960468291267	1.0
8510841611776506998	16773002263420469248	1.0
8443371104510299248	13814777297019863040	1.0
7471796761849552248	16916874523851153328	1.0
7016584925525252767	16051672169733685248	1.0
5522851236825629863	17417015966457397248	1.0
4657495114692926248	761547520339744407	1.0
2167131730695288852	16051672169733685248	1.0
18323827476589599242	16051672169733685248	1.0
18176330018235783030	12519678970322485248	1.0
18007097294274996248	13455311761527864249	1.0
17547794091611357838	16414465909743157248	1.0
16972237226332995248	15551766022615728128	1.0
16646727541169196712	13387143178772021248	1.0
15885320275691358248	13103219619694552007	1.0
15341759209031942169	12519678970322485248	1.0
13929561510086492173	16773002263420469248	1.0
13870134504629674248	12452634139989901312	1.0
13636510166089751248	17279366967609786368	1.0
12729904724411843143	11873360798048120248	1.0
12439400654017086347	16773002263420469248	1.0
12356494726391295342	12519678970322485248	1.0
12215975180350356248	15111796404861510096	1.0
12203417816838400248	2157043224878439760	1.0
11619147724370351710	12378643518610997248	1.0
11434136185018373248	16916829426694488064	1.0
11387671362205620620	16051672169733685248	1.0
10810970432089108125	15620958353776181248	1.0
10778455782261106456	17424049512275509248	1.0
10068026194068710665	17999960603254325248	1.0
9805743022991145248	709085461569940596	1.0
9276867983412003248	12163305355727600564	1.0
8577668661432400248	12661531517193287100	1.0
8415344346381201248	704535145310017223	1.0
8251487749941918248	193273528320	1.0
7999874945249662471	16051672169733685248	1.0
7966898418542330490	13886188313796149248	1.0
7372656113632563927	12378643518610997248	1.0
7261998051876155977	12519150152474165248	1.0
6940768694147865248	12160841380523933696	1.0
585791580861450248	768606020388869946	1.0
401511698475337167	16773002263420469248	1.0
18429548704198287248	13099741855862489088	1.0
17846591072978176248	12452682509911588864	1.0
16602616445189425915	12519150152474165248	1.0
