9578714357295309489	13093013845427879936	1.0
8580588962043105489	17922553919507005440	1.0
8367689579730787489	12811232070613392829	1.0
6441189758230158489	17779897683380583863	1.0
18184386035567024489	17424144073107488198	1.0
14058499253442679489	14608826967782570682	1.0
12412212282451144489	13526261228233555968	1.0
10109225893670731489	17637681433440156614	1.0
9959872163076645489	13099741855862489088	1.0
9317233720520002489	16480269446037610960	1.0
6932830250469176489	193273528320	1.0
6862987030602364489	14542086706737184768	1.0
6825251786436533489	13391447676600451072	1.0
2353877913479906489	7594873781428944896	1.0
18024397289754001489	15545503246374075082	1.0
17357144720019446489	15542100228780895440	1.0
16930624858255818489	16055527113095699388	1.0
16827614785382711489	193273528320	1.0
16213792142570982754	12159108593077645489	1.0
15193682011802029841	761562703366957489	1.0
15173886726544561596	761562703366957489	1.0
1388228607987051489	13820414423606617795	1.0
13029266775195346489	14038481789618551483	1.0
12212292323123963489	12160809463377011152	1.0
11767036327865976489	13524795428909929431	1.0
11490775972117221489	13814759795028131840	1.0
11089203067470038489	16125978191378238909	1.0
11016752520567285489	193273528320	1.0
10162366694987683489	17492214997968922811	1.0
8248740661906164871	761562703366957489	1.0
7695725693896030489	12016140048643712949	1.0
7545037709804959489	13102564220606611456	1.0
7123591416735829489	17203745855458700982	1.0
6051581679575017489	13093023745327497216	1.0
5838557985151304489	11949979153673021890	1.0
2509127886988636489	16194352477955481796	1.0
18182834445029706489	650867393997934038	1.0
16765615722606785489	16055527113095699388	1.0
14481207493246346489	13886285160406252239	1.0
13652757026425864489	841336915016853225	1.0
13430749187098087489	17058124453344504266	1.0
10652238562850699489	843628305366380926	1.0
8512548433629091774	6263247474431887489	1.0
717810435079739489	13675680254204696009	1.0
6304899373599146489	17281335222272524288	1.0
5903236862464236489	12011615572207904433	1.0
16765615722606785489	761547520339744407	1.0
16710362094954537834	12159108593077645489	1.0
16203625347451409489	15331633799134957267	1.0
16156443723564864489	12519709859727324365	1.0
