8505619249139704208	12814904482399827910	1.0
8090509733444055084	12158540042557502910	1.0
8065980689994477137	12158540042557502910	1.0
7944224735626906796	12158540042557502910	1.0
7597695848856035131	12158540042557502910	1.0
7582558287147277153	12158540042557502910	1.0
7577452276239188719	12158540042557502910	1.0
7099706450227047120	12158540042557502910	1.0
7092181744835866566	12158540042557502910	1.0
7089860452544558246	12158540042557502910	1.0
4938892310540570118	12158540042557502910	1.0
2373441549868366910	193273528320	1.0
17613397003643882971	12163634126766910910	1.0
16789324618984853910	17203745852091269120	1.0
16481185705721270910	18000012323250503680	1.0
15930730130729628880	12158540042557502910	1.0
15645886163755936347	12158540042557502910	1.0
14945540572157212910	13022403311162805424	1.0
13901744574003711910	15111796404861510096	1.0
13229330845562672776	12158540042557502910	1.0
13224131370965397556	12158540042557502910	1.0
13191386699308663758	12158540042557502910	1.0
12598901846856162910	11869707125443788800	1.0
11784748991096891893	817123435287997910	1.0
11741001406247718910	15543596543847219401	1.0
1164687160286599910	810719913621508112	1.0
11555642792197087910	12595416634073591217	1.0
10220337222091866910	16123915576941740032	1.0
10051850623930619910	193273528320	1.0
9669420264246693910	17203745852091269120	1.0
9587396142253619910	12092716623614500821	1.0
9117234842362363343	12158540042557502910	1.0
8383202906061869405	12158540042557502910	1.0
8095804516647542910	18137930530648289975	1.0
8065374081676569391	12158540042557502910	1.0
7920283186983886411	817123435287997910	1.0
7736366314741037261	17347246516246461910	1.0
7584691236648391343	12158540042557502910	1.0
7583214201578486300	12158540042557502910	1.0
7570593813884379025	12158540042557502910	1.0
7560874985701285338	12158540042557502910	1.0
6414700943191429910	15474625412092395520	1.0
550243766617687910	14829197736796019897	1.0
4010692931391974910	12446230558499930112	1.0
17809013582832175691	12158540042557502910	1.0
16390747709850996910	14823869430739501056	1.0
15662069012267184507	12158540042557502910	1.0
15643300408793266449	12158540042557502910	1.0
15233943631789254254	12158540042557502910	1.0
15054515093219224910	5836753475233819614	1.0
