9555686903383387074	15833212416335073396	1.0
9415735208389494074	13678254202374112204	1.0
9392277542757124074	7502258913437444210	1.0
8643924854255739074	12159678011322400768	1.0
8470368232206438074	13099741855862489088	1.0
8323951304176116912	13740970448701680074	1.0
7205516642726823074	18216160813029261312	1.0
7128091047798796074	17203745852091269120	1.0
6761397067788322074	16700375169603993600	1.0
18425513887770330074	193273528320	1.0
17919708753336867074	13099741855862489088	1.0
16856231842615253074	16916829426694488064	1.0
16823146498806810074	15617336501971964088	1.0
13902465303294500074	16052773780120203711	1.0
13431100111756389512	15835759894566273074	1.0
13428592473629795074	12157457125168509628	1.0
12369280934292082074	18354353013570666496	1.0
11743435905345082074	12016102657686023366	1.0
10664242165296996074	13099741855862489088	1.0
10257555206172694405	13740970448701680074	1.0
9758295127659906074	14970238740643228601	1.0
8387571836720034074	16118645763738697728	1.0
7098948332754093074	14325360754310575292	1.0
6313586027019058439	13740970448701680074	1.0
6250659465963702948	14970229881688880074	1.0
4988626575618485074	15045044998104654288	1.0
17676893155558641074	16697065656784308425	1.0
16660121057652170074	15474914475451335618	1.0
16142760095212671074	685943812871201062	1.0
15220997694907917074	12810147986508087296	1.0
13978249597875294494	13740970448701680074	1.0
10391584581181325074	16338697386652073984	1.0
10087646947442287074	16415537890630616766	1.0
8952094898849983920	13740970448701680074	1.0
7440314661561116074	15474914475451335618	1.0
6963909492747057074	16709459330377711616	1.0
2186702594719016074	15477438967858657979	1.0
17614069274975406622	13740970448701680074	1.0
17177440724100725131	15975324311049649074	1.0
16802973726970687769	13740970448701680074	1.0
14490344231428595074	13099741855862489088	1.0
13897603705166373074	16628385762466856960	1.0
13698346970576529015	13740970448701680074	1.0
13274401802895381729	13740970448701680074	1.0
12720396075360827074	15833192496260710400	1.0
12440373320559336074	17778166043885812678	1.0
11897772447355112482	13740970448701680074	1.0
11848091733104512074	12231409014920036031	1.0
11721303913348004074	193273528320	1.0
11259559923296934074	648308216229757753	1.0
