9767165447242878768	14101576199226523648	1.0
9705632903121020627	18067281509789728768	1.0
9704334691421969246	12158579573436448768	1.0
9220243975744163768	193273528320	1.0
9193205273662942189	14542086706737184768	1.0
8942164617367073768	13245032434753339392	1.0
8746573801449216845	14607921039192096768	1.0
8380790717421770274	15264923260203040768	1.0
8326901340634270378	17706986903875616768	1.0
8233237785290521274	17422675101265952768	1.0
7895010723412196948	12810149197688864768	1.0
7356449024044358768	193273528320	1.0
7040071451671878043	14606481688277024768	1.0
6947567729568685285	13101499930761154768	1.0
6900542216302320768	17711787332987781120	1.0
688708014202175885	17855305546379296768	1.0
6622784450933171428	17422675101265952768	1.0
6536754066325944768	12304345270199517184	1.0
6071102653963621393	17422394854649888768	1.0
6067668303445776768	13093085369518260224	1.0
5184733562809326854	12159678011322400768	1.0
5168363840489500224	16265778998602296768	1.0
5163665008586494768	13099741855862489088	1.0
481087740138601631	17706986903875616768	1.0
3706262452310657717	16265778998602296768	1.0
2305318518665041477	17706986903875616768	1.0
17385436098426325501	13528223706165280768	1.0
17036221998330724494	13462576204787744768	1.0
17036129935662639279	13462576204787744768	1.0
17033347810405256733	13462576204787744768	1.0
17030207914543998668	13462576204787744768	1.0
16518719443509039967	14250443394953248768	1.0
15994752716678511013	12810149197688864768	1.0
15162131421848482125	15762571993985056768	1.0
15122418195410868615	15686265925672162768	1.0
14370995180408952768	18208313577066987520	1.0
14057622873788122738	12159678011322400768	1.0
13938762038773384217	14607415306792992768	1.0
1393851815668844730	13528223706165280768	1.0
13928174158367094701	14607415306792992768	1.0
13927826867320625230	14607415306792992768	1.0
13868772881104313543	15981235221475360768	1.0
12554410751280988103	15837746806566944768	1.0
12218652907798853768	2157043224878439760	1.0
11719869591837179768	14900959579692072960	1.0
11602131193788941133	13528223706165280768	1.0
11519724111200966328	15762571993985056768	1.0
10919429808023316903	13528223706165280768	1.0
10588132785484227768	18363050063115692490	1.0
10516615736721424276	12308869605928992768	1.0
