9170127424395714330	193273528320	1.0
8672050507484238042	15762532424451409330	1.0
7478089266874618330	16118571946135781376	1.0
7472687220719273330	12227477218300788736	1.0
7425998712289779330	14254071826274630344	1.0
7416036398025657330	17723264095488049152	1.0
6054451821580984231	356042521371152330	1.0
5170007468391536330	15617336501971964088	1.0
263815213542097330	13099741855862489088	1.0
2599994399409718330	12598180832075579392	1.0
18354074624030824330	15474625412092395520	1.0
1481097469702077330	14680254609755787980	1.0
13901982884604826330	16842314445271248336	1.0
13881930978677904330	16842253933849083904	1.0
12435914581792548330	17706652721060249600	1.0
11720390167569990330	12446230558499930112	1.0
894893408675035330	193273528320	1.0
8753685617634460330	13093075456733741056	1.0
7944342787089419330	12158540042557502910	1.0
7574655179631521330	12661531513792277712	1.0
7216100682991946001	15762532424451409330	1.0
6943217327998841330	14104146827347492864	1.0
6062425973849358330	14317767577320467158	1.0
6062412985825661330	15831204583532658688	1.0
5529898910193855330	13030258093835548345	1.0
5095029614485551330	822499798023098092	1.0
2150223111725910330	18066750418340526792	1.0
18237706752179427330	14682812017850700215	1.0
1499794208003726330	14254071829575613128	1.0
12468781369344981330	17204217555464537806	1.0
11387235391588791330	12519658234081290186	1.0
10685595219910246330	14321160680021950464	1.0
9839784719579871330	14605925377097782218	1.0
9786623221175886330	14101576199226523648	1.0
7673987674369934330	193273528320	1.0
7219119658488973061	15762532424451409330	1.0
7213934413140895263	15762532424451409330	1.0
6785722173807599330	12011615653812240384	1.0
6783968753501861330	11798558926306279424	1.0
5545718138197003330	14101576199226523648	1.0
5536761499295043330	13099741855862489088	1.0
3608599552172161330	11652212720535251670	1.0
310514456114366330	13814767430300648143	1.0
2611632415540422330	11947437095637994685	1.0
17647037017698538330	15044751515372665529	1.0
15258829668822801330	13241089495556268477	1.0
14967477602665238330	16122555424364406707	1.0
12867029924254441330	17279412069061423571	1.0
12457966053156808330	12378698548664189123	1.0
11204065391597710330	18137395162350281427	1.0
