974594004352972943	16192328272753778870	1.0
7978178474522875943	13024593401494896640	1.0
7956536097815831943	18066750415608790742	1.0
7894064495310264943	18067270493198614528	1.0
7367918018829143111	17131909383099369943	1.0
6814489122390397943	16987837068732328379	1.0
6644480235098586943	12591195712013729792	1.0
4080678851567181943	12810147986508087296	1.0
17980413061402818113	17131909383099369943	1.0
17282508158254403165	13814729975070249943	1.0
16847024998574936210	12016157782731764943	1.0
16800080316871626710	17927968885424831943	1.0
14972298632282186960	17927968885424831943	1.0
14515370581977294943	15615586084128357051	1.0
13746579619716098943	15551430554644762326	1.0
13420711423312532943	16767966577474666496	1.0
13383971652996148943	13098104644394088891	1.0
13355001163586982943	13099741855862489088	1.0
13310371603096865943	16192328272753778870	1.0
11263516759398322528	17131909383099369943	1.0
11073847966137283004	17131909383099369943	1.0
11062788244730816943	16054733218695348224	1.0
10791162207068732943	15839704061818502324	1.0
997686120407938943	16416665942316023808	1.0
9493838181487436943	14607414104202149888	1.0
9411246887497359411	17131909383099369943	1.0
8998463178882397943	11940936851650510848	1.0
8832639267947983943	18137377497774292992	1.0
8775650817503083943	12594224925600181967	1.0
8520326630676879943	2042849707661189189	1.0
8314230599210513943	14903491759110407885	1.0
8190814176457711531	11801103093133801943	1.0
7838858283944109192	17131909383099369943	1.0
7111698082378893943	14178955352233540532	1.0
596926625251379351	13814729975070249943	1.0
5499384235845015943	12597590501633599679	1.0
3558168744436485943	193273528320	1.0
18053313887326725943	18143578691815342080	1.0
17888731490647674320	17131909383099369943	1.0
17538391300769791400	11801103093133801943	1.0
16507965861416253943	14894190977521549312	1.0
16499102392418553788	17131909383099369943	1.0
15370200963332400313	17131909383099369943	1.0
14971657917626599802	17927968885424831943	1.0
14966353989475698967	17927968885424831943	1.0
13641630844559745943	17637219536723771392	1.0
13110873810016147943	13606757363561267200	1.0
12225560694597400943	15908059509922977482	1.0
12219884893391971943	12160809463377011152	1.0
11970644124820120943	13244517786002128896	1.0
