9942605752391077233	17201203785213410228	1.0
9843907501542348233	15477443374495039488	1.0
9248298445172782233	15764523631129901499	1.0
8100337223171776233	13093045838639267840	1.0
8067415912622723233	14970500361549250560	1.0
6798500350234538233	12011615653812240384	1.0
6077447257353714233	12306340818418723017	1.0
5504771572386588233	12594290781411344384	1.0
4697052252673122233	12373263659755896832	1.0
2707774331231485233	18354411300571840512	1.0
2611523499408937181	845000873924912233	1.0
17631890595677567233	17849407714468298752	1.0
16298619475302902233	11651892848584216789	1.0
15249981187278791233	14538980560618978484	1.0
13508590003125312233	15904935745937211392	1.0
11635468541921760233	15326834470745538560	1.0
9264211757336561124	698236846625887233	1.0
7914333832839041233	15185196435035369942	1.0
6188405227720804233	193273528320	1.0
5288336731712070046	733312783248906233	1.0
2615119301858967760	845000873924912233	1.0
2605326870943174019	845000873924912233	1.0
17416091591317333233	11725080647281147904	1.0
17272577415656475233	17856391850982693042	1.0
17033751305442938233	13462576204787744768	1.0
12213503637103520233	12160809463377011152	1.0
12198664705398887233	12160809463377011152	1.0
11709409642135830233	14181462267564630480	1.0
11390698876478870233	16053351304377925632	1.0
11271328696771224233	808206099941518844	1.0
10471500240760877233	14461609018294065857	1.0
10162205953148172233	730598444746503584	1.0
95262652903625233	16055527113045834676	1.0
8989472309706333233	16415516969844926642	1.0
8062477214819665233	12374181691835601610	1.0
7766513174644483233	16558853789587658966	1.0
5165615683987785233	193273528320	1.0
3259399700587192233	16696435709636039876	1.0
2611556407483652589	845000873924912233	1.0
18183322885560341233	16415537890630618576	1.0
17883602763503129161	698236846625887233	1.0
17371254735672882233	193273528320	1.0
17004312182157464829	14321061779810082233	1.0
14949681719714207233	15547467005165627570	1.0
13781973533632742233	11876267958571429818	1.0
13305380514039025233	839899011841599054	1.0
13261452064437291233	12662931169508305844	1.0
12665157578669955233	8031420568096663566	1.0
12443214611521964233	15111796404861510096	1.0
12214953931612937233	12160809463377011152	1.0
