9925572079489489867	15046799939877206964	1.0
9769718556856478964	17711785159734329344	1.0
9229921505951129964	12738941543319140538	1.0
9091725584787348964	18067270493198614528	1.0
8092238233393381964	13093045838639267840	1.0
7854797178173061964	13102326820584344520	1.0
7848466807498735964	730598444746503584	1.0
7719375351761603964	13461215035162361856	1.0
5313377796559581964	12011564964537147848	1.0
4806775019212435259	18067270493198678964	1.0
2645542925883062964	17127649768031312834	1.0
15803593312286397964	14750311119293838032	1.0
15180096835423429945	15046799939877206964	1.0
1511258599566590732	17346120500375498964	1.0
13566891027235377421	18067270493198678964	1.0
13370185267073497458	15046799939877206964	1.0
13347157523742314682	17277483499896480964	1.0
12909590133245507964	12160809463377011152	1.0
12878754097977381964	15111796404861510096	1.0
12707147570011085964	13389729151633043147	1.0
11968181248672871964	17929358731805958842	1.0
11828809239034536798	778186520304757964	1.0
11541972888819961964	18298967181200719872	1.0
11104643612604851964	13099741855862489088	1.0
11104544270011424964	13099741855862489088	1.0
10956028952090625535	15046799939877206964	1.0
10323877381724838964	193273528320	1.0
10275916070046649964	12011615653812240384	1.0
10259993429267148508	18067270493198678964	1.0
10179138057415762805	15046799939877206964	1.0
10157023867626060778	18067270493198678964	1.0
9891432083128483251	16557448540054347964	1.0
9498993252043077964	16844242971858616004	1.0
9168118362418397964	12591777315010177202	1.0
8556660078517265964	13893545269440532179	1.0
8140072816659582964	17134408457534353093	1.0
7293062914044899964	13244426573781714638	1.0
7127568595140046685	18067270493198678964	1.0
6940465108755849964	6480202744439955226	1.0
6931182318195946964	13245270066703892480	1.0
6860522427953010964	18289600501773238272	1.0
6369490459195605964	2291436316438777904	1.0
5331211218281466964	193273528320	1.0
2400250476135350690	17346120500375498964	1.0
2141564944018917964	17216034067057737728	1.0
17802398344715820207	778186520304757964	1.0
16286971240401220661	17346120500375498964	1.0
1604236746957501039	18068987869808470964	1.0
13601695211920567964	814645530905628546	1.0
13433271088888845964	17058124453344504266	1.0
