979105206224813840	18067248528735862784	1.0
9130594509886967609	14610798435352182784	1.0
8763488099664276746	13172726346792566784	1.0
860052157799859883	684260039459779784	1.0
8147928669287267653	15046488765491096784	1.0
7987476566785425784	15111796404861510096	1.0
7924142610503278364	15046488765491096784	1.0
7897548045993191784	15551394276016390144	1.0
7891571169317165784	12308869605928992768	1.0
7845935748179126008	15046488765491096784	1.0
7679309408726642784	14317982077600514246	1.0
762344828901965965	18288758245801590784	1.0
750599381688977198	18288758245801590784	1.0
6885223806043466897	17201728329858678784	1.0
6828101822331521655	13817545893068406784	1.0
6817875689930816579	641791221995116784	1.0
6661106362925110883	15046488765491096784	1.0
6640668573831099335	14042146375974518784	1.0
6049794492224740720	15046488765491096784	1.0
4959187370925230784	829672532388358259	1.0
2037273304332562784	2141737962072381198	1.0
18125150796194396021	17277483499896438784	1.0
17817102252278944784	193273528320	1.0
17623243053691789383	17277483499896438784	1.0
16775029798542351784	13452787248470687744	1.0
16287152909545671784	13241667907697508352	1.0
15922379502326611784	2299409059178901615	1.0
15292082732211952784	15477463127049680307	1.0
15017436523632868784	11871680790873487053	1.0
14665556834556827784	15692747515173653693	1.0
14523684841359396900	11651602475630198784	1.0
14375015721759535758	16492085915926134784	1.0
14341181495557311287	15046488765491096784	1.0
14273060010605626331	15046488765491096784	1.0
13977515438454649540	15046488765491096784	1.0
13955312226935265356	17201728329858678784	1.0
13496108889541692162	18067248528735862784	1.0
133824712853424823	13172726346792566784	1.0
13019875772970694861	15046488765491096784	1.0
12712471985206165721	13741017628917366784	1.0
12629961113222246777	15046488765491096784	1.0
12515703558422495784	18285165157766135808	1.0
12207943767555221784	12160809463377011152	1.0
12000005285240553591	17417093022465654784	1.0
11732602129838623592	14610798435352182784	1.0
11729550906373566731	15046488765491096784	1.0
11418543289440675198	15046488765491096784	1.0
11366976037982561784	15542134260571104963	1.0
11252640045177039914	14038505854320246784	1.0
11249759030597054304	15046488765491096784	1.0
