9960976400703327746	193273528320	1.0
8339892060461682746	15623235283443515392	1.0
6537979098684924746	13820087950592957124	1.0
5493608969360101883	853498952056064746	1.0
209412697813202746	15048676746385744831	1.0
15253090336953955746	13675148166562562231	1.0
15114129867387249746	12306881736150678203	1.0
14096735497702233746	15046488769111581389	1.0
14086920145687605746	11876267958571429818	1.0
14063922577497246746	12160809463377011152	1.0
13444771967698405342	11796003553909197746	1.0
13437364471820016837	11796003553909197746	1.0
13429350131586024281	11796003553909197746	1.0
13421675720734015154	11796003553909197746	1.0
13420940057288832653	11796003553909197746	1.0
12881372860759910746	15040538101187346432	1.0
12491302345855997072	11796003553909197746	1.0
12215454003197428746	12160809463377011152	1.0
12084188106593798182	12307962555992364746	1.0
11748151517589086268	12307962555992364746	1.0
11742002284379106746	16842314445271248336	1.0
11546705383470243898	11796003553909197746	1.0
11539167114441405326	11796003553909197746	1.0
10756262492385848145	17134438153406764746	1.0
10675315095996641746	13452787248470687744	1.0
10403337161589202746	16628385762466856960	1.0
10213559054384314746	12730220633712677884	1.0
10038119462007127351	12307962555992364746	1.0
10034921214587904685	12307962555992364746	1.0
987281200481523532	12307962555992364746	1.0
9240679091521011117	14682812018790157746	1.0
7446120847561714746	15695020275819738836	1.0
7120725062090781746	14325640171997888512	1.0
6824479305197393746	12373263659755896832	1.0
17367979488116272255	12307962555992364746	1.0
15241423084020158746	2186485336107941194	1.0
13963068392747893658	11796003553909197746	1.0
13442262375336516219	11796003553909197746	1.0
13442050818142479691	11796003553909197746	1.0
13435486905409726603	11796003553909197746	1.0
13424318195110198068	11796003553909197746	1.0
13421838499918413092	11796003553909197746	1.0
13063183910512062746	193273528320	1.0
12872816275146513746	16118645763738697728	1.0
11704945192206422002	11796003553909197746	1.0
11582821091112807746	193273528320	1.0
11521031038772994746	8025002745000661146	1.0
10504089400352548746	16053261960468291267	1.0
10140926969536818746	18138777171781484544	1.0
7896841294829089746	773849513783852016	1.0
