9214320933542389515	18071169399124632521	1.0
8753795291113919199	676295120867642521	1.0
8081195691701089521	12374181691835601610	1.0
8033356681211766521	11949979153673021890	1.0
7376234191586948521	13818432133544135383	1.0
7089593325869671521	17776801527021302452	1.0
7034296790932212521	13820040745081372672	1.0
6781132876722926521	12011615653812240384	1.0
17506205405378949521	16918855778503806912	1.0
17036414296862081521	13462576204787744768	1.0
16290452003346671521	12738941543319076864	1.0
15909000155239857521	2299409059178901615	1.0
14766551503507647521	13817597540050184383	1.0
13459265132767963269	11873379558705133521	1.0
12397339857390002521	193273528320	1.0
12210471944184162521	12160809463377011152	1.0
11721865673613246521	13099741855862489088	1.0
11495108154637405521	15111796405934214342	1.0
11060658960014689521	12163634122878665148	1.0
10349166123468754521	13101719910143936962	1.0
56585014680512521	13099741855862489088	1.0
5220195745284614521	17996941258425152947	1.0
4820014505715363521	671549890734958390	1.0
18362515844462204521	13679362628889591223	1.0
18275757468511865521	17867461927324614656	1.0
18013014711167145521	13455311761527864249	1.0
179026630721466476	11873379558705133521	1.0
17810689802637786521	18288207394380498101	1.0
17173109877302150585	15477454472690574521	1.0
13439775481807357026	15477454472690574521	1.0
13424848404503616595	15477454472690574521	1.0
13064117026428376521	16051672169733685248	1.0
11404238721411363754	11873379558705133521	1.0
11219006616731200521	16342978906405470208	1.0
10694533000723157521	193273528320	1.0
10038297678206139521	17641361396384389823	1.0
9348570448770557023	18071169399124632521	1.0
8672584103798713493	715391620156423521	1.0
8251729233103380521	193273528320	1.0
8096370546031308521	13093022740305149952	1.0
7439329881134937521	16767685063843250176	1.0
7133648250128396521	14042146375974518784	1.0
3114657216820165521	15233263505793077198	1.0
15280051270639884651	715391620156423521	1.0
14497372783154825521	15477454335251637455	1.0
14085158460294223521	13675148166562562231	1.0
13698044541024173521	5966059893810959576	1.0
13524113175863975521	808545475240340776	1.0
13485099173152720521	14903470833710510270	1.0
13445782354429249521	11869754459168365525	1.0
