9591551625208395682	16842314445271248336	1.0
9315976008067589682	16480269446037610960	1.0
9043928208048275682	12595427762333810688	1.0
8815075418985953337	14608826967782570682	1.0
7604367365289745241	16914292861552148682	1.0
7385191918565911165	12810701143936116682	1.0
7096194871567802682	13099741855862489088	1.0
533173920540207615	14608826967782570682	1.0
395614078471148682	12018643667712517334	1.0
3077298173480524682	884634957425792145	1.0
2818088780231561682	193273528320	1.0
1967567219204870682	13099741855862489088	1.0
17941758647454128682	14108836248734924800	1.0
17421001087401053682	16698962383061688755	1.0
17100007600276386652	12810701143936116682	1.0
16723049255983015614	12810701143936116682	1.0
16167030112351992682	14250454410299417040	1.0
13435894257316313682	13744076560170002868	1.0
13100013250429732682	11878706811556192453	1.0
12636827484254693682	2115288841912081402	1.0
12631697888504531682	12158534609423826944	1.0
12619872411187951842	823306638888047682	1.0
12073498727164977463	14608826967782570682	1.0
12061989490382454859	14608826967782570682	1.0
10771955680670410543	12810701143936116682	1.0
9198364780709788682	15542134260571104963	1.0
8834774587735755744	15261288180101076682	1.0
8812001523704897709	14608826967782570682	1.0
8739981216285811682	17347295921255219200	1.0
8574130108658570682	12591434335376287161	1.0
8295504411161485682	13099741855862489088	1.0
7612720251908568882	16914292861552148682	1.0
7269210840276002682	13241667907697508352	1.0
6494323864637736480	14317982076812319682	1.0
6488317941268043906	14317982076812319682	1.0
538214223549296772	14608826967782570682	1.0
1963907590342202682	14968536602220015542	1.0
1816926474579344682	17203725000025047040	1.0
18081779972773230682	855107254628873984	1.0
17710041827116568682	15693897635591079351	1.0
17597638696210305682	12519658234081290186	1.0
16071755650778767682	17422665343100256256	1.0
15281024843970878088	14608826967782570682	1.0
15270717038414303858	14608826967782570682	1.0
14840433265024626995	14317982076812319682	1.0
14052266766287243271	14608826967782570682	1.0
13904732758201791682	12446230558499930112	1.0
12653876095497514682	18217585827343546808	1.0
11693482004505439393	14317982076812319682	1.0
9279757761456299682	14607414104202149888	1.0
