9771194448799719066	14108865931168314829	1.0
7250747600354712066	12591434334990888140	1.0
5066260367376023066	12735796815509634999	1.0
4992569767296195576	14756580421360998066	1.0
4431487542523309066	2157043224878439760	1.0
18226827164438453378	773674545426246066	1.0
17919483384460337052	15406785527222746066	1.0
16837013829222542066	12810147989574822614	1.0
16608353721772390365	761971467800370066	1.0
16604340787852740905	761971467800370066	1.0
15974052087288987544	16415552144263141066	1.0
15074793497928190066	691548040146374285	1.0
14393761238882154729	15406785527222746066	1.0
13640555320537911066	12157442772902608896	1.0
12703985167139237066	12879718463769199564	1.0
12137079319382625066	15119634794436100096	1.0
11091119424610392066	13678744562996397497	1.0
10601915135011635066	14750358316689391616	1.0
10587542583718840066	16198832974953709568	1.0
9046976879898069066	13093013845427879936	1.0
8557278928803651066	14903470833710510270	1.0
8455056504153240066	17923109082684783796	1.0
7108713224401154066	11725101563771879424	1.0
6810584171022679066	12373263663779199673	1.0
6546430816327827066	13389670981774082048	1.0
5232345349975180066	12158556595361479609	1.0
5118790906649143066	14903491754970841088	1.0
4351145315812734066	17923109082684719104	1.0
17098035644444809066	825994742241420307	1.0
16533405851450561066	14110839554625808575	1.0
16300802551573813066	12092722146942436300	1.0
16077778554649470066	12378663425057989072	1.0
14414583198301033066	13892424769518740678	1.0
14390938920893035066	17993808818517049344	1.0
13430409605577647066	11869754459168365525	1.0
12454616821293179066	15905492030101389312	1.0
11740611118703177066	13093065531064320000	1.0
11598361979999671066	15264848384574146995	1.0
10649723223991137066	15047849870691978177	1.0
10389585784734261460	13741605836278320066	1.0
10387398679534573066	193273528320	1.0
10327392208376505066	17922553919507005440	1.0
10031683002427710066	14174485836776078275	1.0
9822623296301036491	773674545426246066	1.0
9419864649989426066	13166458048182527665	1.0
8997347415058417691	773674545426246066	1.0
3508434621101811148	15406785527222746066	1.0
2823744925846654066	193273528320	1.0
17972503677203989066	16627553393509924864	1.0
15773503877323811066	782294051282525803	1.0
