8854539096924932947	12740586389875975865	1.0
8012351162138613947	17203725002857037254	1.0
6844307114384320174	14391752590700372947	1.0
6325896811732377947	16842314441348349952	1.0
5795607959888991947	13455311761527864249	1.0
298370168752017947	193273528320	1.0
1877373015953530947	18141578816910770374	1.0
18424113638845183432	697298215518241947	1.0
18297487780964557947	14607414104202149888	1.0
17365926399230525454	14469485863760864947	1.0
17362668177923527286	14391752590700372947	1.0
17083158301596799947	193273528320	1.0
17062437748234599889	14391752590700372947	1.0
15617502028451300305	14391752590700372947	1.0
15479836667350456894	14391752590700372947	1.0
14871213796603243904	14391752590700372947	1.0
14821115171152817947	193273528320	1.0
14133664213415477947	14606488375541104640	1.0
13514063444278218229	14391752590700372947	1.0
13000684024844486729	14391752590700372947	1.0
11610895195586799947	15984034496475343035	1.0
11587540998474925947	11726144978831802368	1.0
10921649850762773947	14684231561386195643	1.0
10185728428150376947	193273528320	1.0
8788865780085147947	17926218557402688720	1.0
4594473562066242947	193273528320	1.0
2370799771186783947	7594873781428944896	1.0
17335445270689092451	14391752590700372947	1.0
17332196080947126947	12738941543319076864	1.0
16928360962964887947	16337277990155105726	1.0
15441933188489139693	14391752590700372947	1.0
14911398988202155947	7647967438519000611	1.0
14829316854478226937	14391752590700372947	1.0
14829081752295029199	14391752590700372947	1.0
14821413083856748026	14391752590700372947	1.0
14735436888625941225	14391752590700372947	1.0
13986050796803330241	697298215518241947	1.0
13897980979435749947	14037707621763435952	1.0
13768462992481894947	193273528320	1.0
13229185087704364947	11872804436814387153	1.0
13075157339873186947	17204248444869323475	1.0
13009345599673982912	14391752590700372947	1.0
12726687901763259947	17203725000025047040	1.0
12209702805791420947	12160809463377011152	1.0
11000581145829983947	18066701001049880518	1.0
10946936117008071947	14755153355617655735	1.0
10749020782345127947	12378665543203346635	1.0
8193395474243918947	15833741185962926039	1.0
5751730774042755947	13169032970780582332	1.0
17039124718284043947	17424052819400372692	1.0
