8770635071640436611	12452631962441482240	1.0
8486576381260912611	12160809463377011152	1.0
5761500859472944611	18280627421738696704	1.0
5552096753138322611	12157377880241782226	1.0
3137696334345000611	14750314319044454090	1.0
18017782739170446611	13455311761527864249	1.0
17820301409888199380	17279434046416778611	1.0
16591828131939674611	16480914937917524936	1.0
15809884279781732747	14756504659703154611	1.0
15444264546954631598	658728073630830611	1.0
14681986995441992611	2207956703754352034	1.0
13469023297471609611	856490333160533579	1.0
12205179904611855611	12160809463377011152	1.0
11732555177248115611	13165946723735961600	1.0
11259906604836527438	7647967438519000611	1.0
10917585240478239611	12089009190664667136	1.0
9962439060746161611	893095974318786288	1.0
9515582260216800062	14756504659703154611	1.0
8610008768330618611	14038464158777737216	1.0
6817423077643481611	16628343976730095293	1.0
18441342343344736611	15264848385967104456	1.0
17120850995714138905	12742931503512615611	1.0
16847955305066913611	13490586791797831406	1.0
16280773168119344611	12161953968830466498	1.0
16118267154629510919	823451546035525611	1.0
16064685025784674611	867124933844139067	1.0
16033483211756996611	2890052503400876560	1.0
15791002405189046468	14756504659703154611	1.0
15443257664878404161	658728073630830611	1.0
15392600730048757611	193273528320	1.0
11549552671311957611	13886844842497015808	1.0
11265295637766722339	7647967438519000611	1.0
11262043784935588756	7647967438519000611	1.0
9038106010562184611	16700729173693431808	1.0
18023318784802389611	2207956703754352034	1.0
1692923813634484611	2295964921229905916	1.0
16812858095019650611	764235307191041594	1.0
15910570747423159611	2299409059178901615	1.0
15809368634618347504	14756504659703154611	1.0
15658407368078882942	7647967438519000611	1.0
15439307677871839683	658728073630830611	1.0
15439289918230885620	658728073630830611	1.0
13835414871619867611	16992339555963156149	1.0
12734596104754887611	13632455664737832168	1.0
11801813396416015611	650867393997934038	1.0
11262667349658420656	7647967438519000611	1.0
11243109458577243611	13814777297019863040	1.0
11003558043257114611	14678310626846048256	1.0
10316068916208050611	193273528320	1.0
10149206859754063611	11651918164316389376	1.0
