9786537776077241057	15761109616287870665	1.0
9649234160019387665	15614726137186353152	1.0
9179563463333837385	17347289294120745665	1.0
8076870944418410665	18071248556332679168	1.0
18173096865074292665	11725119237562350290	1.0
17850565649271719665	13103219615436158157	1.0
17617275412164671665	15761114048811431373	1.0
16824481195516171665	16263240251890969529	1.0
15985702455920464665	17779304015772492240	1.0
14560326234240337298	1291944390602731665	1.0
13908476098384534665	193273528320	1.0
12669744711988901665	16122504830508924080	1.0
11907506781685338665	13313158042066354176	1.0
10983748689534074665	14320569108406468608	1.0
9860510637186914665	12742845831799898112	1.0
8101030881982991665	13093045838639267840	1.0
6948044742500071665	13243673356777029632	1.0
2512245538176709665	18071248556332679168	1.0
16653269440979337665	193273528320	1.0
14651472196359971665	14394271580429525718	1.0
14397961190064512665	12308871899441528832	1.0
12929286394990472665	18137395158679814144	1.0
12088714570563376665	12308819079933773772	1.0
12013743962166338665	17058124453344504266	1.0
11871497050872733996	2392826570384588665	1.0
10038132836562450665	12956200496417596088	1.0
7466799713317274665	16916874523851153328	1.0
6812354759807963665	14101576199226523648	1.0
6808212872382312665	12373263659755896832	1.0
1617609592764692665	13093022740305149952	1.0
15789326750991814665	2375112351284457127	1.0
14581118786053838665	11802204790899923165	1.0
13887759090388873665	193273528320	1.0
13233238015998419665	13096090287552331776	1.0
12886403284301936665	12160809463377011152	1.0
12581784543995111665	14325640171997888512	1.0
11717686958199771665	16342968017872008123	1.0
10274574540553623891	12011559595899135665	1.0
8627094015911836665	16053261960468291267	1.0
8276390335166140665	16055527109040275456	1.0
758394185265479665	193273528320	1.0
6893522607717773665	13632455664737832168	1.0
507231685366665	14250454410299417040	1.0
17679831889291769675	17347289294120745665	1.0
16357499779570241665	15975020700150792192	1.0
15419515355714664491	12011559595899135665	1.0
13092059314924220665	14250454410299417040	1.0
12544429866930668665	12016928373738569728	1.0
10851554050004481792	16696500481227943665	1.0
10072032081319541665	18137395158679814144	1.0
