9337938423416210405	15618449130802642944	1.0
866126821772913405	18066750419078731466	1.0
7934103227609131052	16407378486324798405	1.0
7736351769087637405	12016928373738569728	1.0
7502503030944537931	16127349397872564405	1.0
7360281453385677405	11876267958571429818	1.0
6372036559297615076	16407378486324798405	1.0
6040518728526664724	16407378486324798405	1.0
5800620762208073405	13455311761527864249	1.0
3728870660293366130	11947437094428713405	1.0
18353871814817619287	696686689379061405	1.0
16239133917732643405	17424089176260006845	1.0
14044102480059553868	16407378486324798405	1.0
12242659047401948500	16407378486324798405	1.0
12200821690896475735	16407378486324798405	1.0
12199478761965809083	16407378486324798405	1.0
11227904422265744243	16407378486324798405	1.0
11077963106312839099	16407378486324798405	1.0
10842222343067397749	16407378486324798405	1.0
10720318991890387104	16407378486324798405	1.0
10470922153795513434	16407378486324798405	1.0
10285269169071492405	16413866667316084736	1.0
949208894235848405	17062671912301809860	1.0
9413152159276225405	17857334304246333440	1.0
9284047500743914405	13099741855862489088	1.0
8516380002512115405	12667468799272812544	1.0
7769331347477245405	709085461569940596	1.0
6484403412013704405	193273528320	1.0
6327469144245932587	16407378486324798405	1.0
17312334957149017405	16483429409341110971	1.0
16901440297432995646	16407378486324798405	1.0
16217281892707222743	16407378486324798405	1.0
16200643786381136729	16407378486324798405	1.0
15303486586402171595	16407378486324798405	1.0
14719442239935599405	1291944390602731665	1.0
14034850592881187405	16122577484175685043	1.0
13440663766968677405	17929299418204530644	1.0
13284919646257538405	851734309660702884	1.0
12795327266535101405	17493311164208119808	1.0
12708498541685326464	16407378486324798405	1.0
12237520316575264066	16407378486324798405	1.0
12199894191340981405	15111796404861510096	1.0
10716312551952240069	16407378486324798405	1.0
10257555206172694405	741671859729978649	1.0
9664218320966900405	17641121823749878211	1.0
7509046589731147781	16127349397872564405	1.0
7304338624537066288	16407378486324798405	1.0
6802186505966883405	12011615653812240384	1.0
6668785970694074425	16407378486324798405	1.0
6286224001648967893	16407378486324798405	1.0
