9865448555317243575	12594224925213441463	1.0
9769000621218608925	686347929559657575	1.0
9330762680329225834	14110839554625808575	1.0
9026208156567238575	16842314445271248336	1.0
8752568786270229575	17347295921255219200	1.0
8455484057559759271	14110839554625808575	1.0
8003056771223714633	14110839554625808575	1.0
7139674505984897268	14110839554625808575	1.0
7131280121134408749	14110839554625808575	1.0
7124389687952468221	14110839554625808575	1.0
7122408187675746106	14110839554625808575	1.0
7119481738623500773	14110839554625808575	1.0
6805367427758489575	16842314441348349952	1.0
6413206497814360575	13632455664737832168	1.0
6280719259378373240	16623820550958138575	1.0
6109931815652790943	14110839554625808575	1.0
5505119782561934322	14110839554625808575	1.0
5181030850002347575	193273528320	1.0
4494149596176983388	16623820550958138575	1.0
3036010155450271520	14110839554625808575	1.0
2954415349572440185	16623820550958138575	1.0
18313833039289544264	14110839554625808575	1.0
17552936728824080632	14110839554625808575	1.0
17323485319345941575	723971589878517247	1.0
15709125508614049575	671549890734958390	1.0
15402977738118775030	12018605278569872575	1.0
15192147666735404575	15264848385614860741	1.0
15118287570931329460	14110839554625808575	1.0
15074988408653738581	14110839554625808575	1.0
15064332753030473310	14110839554625808575	1.0
14390574293586938677	14110839554625808575	1.0
14102818093685423252	14110839554625808575	1.0
14094253941784266887	14110839554625808575	1.0
13501344951384319575	16408215151624111821	1.0
13440892461105399575	15189130625165557760	1.0
13370849276606785713	12018605278569872575	1.0
13194354940659326338	16623820550958138575	1.0
12674007836034516739	16623820550958138575	1.0
12594042958954574575	14612182789211081157	1.0
12264714468626656575	751667699856565285	1.0
11953667627346537100	14110839554625808575	1.0
11700067021132021783	16623820550958138575	1.0
11231480748869534804	14110839554625808575	1.0
10913868980630951575	18066701001552145854	1.0
10233458651896925168	16623820550958138575	1.0
10061332502345292575	13102368597731180544	1.0
9364087244614872229	14110839554625808575	1.0
8492441434451639203	16623820550958138575	1.0
8489588241408971277	14110839554625808575	1.0
8489039262389141575	16265802097897766912	1.0
