9071947572444956762	17201203785447304378	1.0
8092092307628870762	13093085372585462487	1.0
7185116715807475762	807608412093922760	1.0
5834992968988542762	11802204790899923165	1.0
478613523071095762	652712640858763765	1.0
2612427259376227762	12163577978156465340	1.0
17806396101365011762	16916914149219368960	1.0
16629358592444933762	16055527112241294265	1.0
16009563923608018762	2186485336107941194	1.0
15258727137732853762	14535864475946319872	1.0
13571368285058426762	12232577809792368640	1.0
12769337827300375762	18068114952488542392	1.0
12118446999479635762	14755706392786501632	1.0
10825953836938013762	17203671166904958976	1.0
10344548660323660762	11732411168612941824	1.0
9173198299413965762	12738422487931480242	1.0
8481295964366846762	688272801355069938	1.0
790603373278730762	18083888486171017216	1.0
6895999382127201762	17711787332987781120	1.0
1684328261876506762	17859008692951711744	1.0
15912711797231491762	14104146827347492864	1.0
14754774382308402762	17921129987524526080	1.0
12208218619675291762	12160809463377011152	1.0
11710065424563015762	11869754459168365525	1.0
11007639700003852762	12232543715297388485	1.0
10407707050053187762	8028914762521821385	1.0
972560919182091762	11873453225899569098	1.0
9063780606488719499	13820087950759810762	1.0
8973243717002523762	17134444845373325312	1.0
8738799025826671377	16848777349221634762	1.0
8336235002580296762	14970223224489567664	1.0
7908503654966706762	17057936312302043136	1.0
7710686702644966762	12594290781411344384	1.0
7479951483516926762	13099741855862489088	1.0
6609507200475469762	11869721401915122902	1.0
5006429222399143762	13165629978384458425	1.0
15153799799144606762	16118645763738697728	1.0
14316671219509227762	2331925079643191765	1.0
12893023981208664762	752655533511680311	1.0
11760857744493094762	12307962551785750528	1.0
11734621571901170762	193273528320	1.0
11575188050615957762	15048461189087624650	1.0
8733732128325793762	193273528320	1.0
7214502151299128762	11804200516173430784	1.0
16698098765972291762	193273528320	1.0
16089975158413681762	18072057676631687095	1.0
1551290570459814762	2170994927879413088	1.0
15455884033230766762	13102368597731180544	1.0
14744368523261637762	16342686452582694076	1.0
13340547729159202762	14181535969403389140	1.0
