9708420631993688287	15111796405230097340	1.0
9672248828470992340	14042120052119961600	1.0
8574116413818552340	12594290781411344384	1.0
7740562149925162190	15111796405230097340	1.0
7022510932518189340	13820040745081372672	1.0
6964610912584797340	15038552374139792830	1.0
6716921138824913414	14616092669415324340	1.0
4711303439607793340	14321078268189474816	1.0
3336980322537893400	15111796405230097340	1.0
289337885949855340	14607414104202149888	1.0
2616797534524926826	12163577978156465340	1.0
2614821450259656048	12163577978156465340	1.0
2601628204043812508	12163577978156465340	1.0
2599484791915066650	12163577978156465340	1.0
2599339733686910474	12163577978156465340	1.0
2598263414864858418	12163577978156465340	1.0
2593998563912887198	12163577978156465340	1.0
2524501113948519929	15111796405230097340	1.0
17401986523207242559	15111796405230097340	1.0
16638002662887263299	15111796405230097340	1.0
15500928651856521218	12163577978156465340	1.0
1518466057363785876	14616092669415324340	1.0
13547823455088870340	672233899106268179	1.0
13430245619424630734	17063229424793009340	1.0
12700938316284475340	16120906256566234320	1.0
12435298997076303340	17706652721060249600	1.0
12212225562180676340	12160809463377011152	1.0
11892898561127505340	18140679309717719472	1.0
10184490081814330841	15111796405230097340	1.0
8352877190673327229	15111796405230097340	1.0
8346026417100730427	15111796405230097340	1.0
7382936684986795340	15477419150879552442	1.0
6140334494746733564	15111796405230097340	1.0
6061931803565840340	18208245463180640256	1.0
6054206892371370340	16057241221898238657	1.0
2610527380467662824	12163577978156465340	1.0
2599247065471294816	12163577978156465340	1.0
2596875380230690796	12163577978156465340	1.0
16812888753884550340	16337001942772474053	1.0
15604080197311721101	15981235224893969340	1.0
15496822233475769707	12163577978156465340	1.0
151182811132170340	17853313231309826506	1.0
15085242354709019340	18067270493198664134	1.0
13439798687521055474	17063229424793009340	1.0
13438070280968651340	13679361371928526848	1.0
12198115220161485340	13099741855862489088	1.0
10992727518975847340	14535916187352609222	1.0
10870788374002206033	12016118149141425340	1.0
107563068363211340	14397108286069407744	1.0
9838271165812389080	14318886832609809340	1.0
