8945825669021543811	13245032438960868296	1.0
7349899118556826811	2505565674772506926	1.0
6595088937516726811	18140687023478931456	1.0
6307281398468222811	16631166400929643453	1.0
5184772191668842811	13099741855862489088	1.0
17692669412407099811	16055527112374544585	1.0
17194630730098390811	756437781028502847	1.0
16592176768070568811	15264915640931113911	1.0
14944452768686339811	13382143630006006494	1.0
12557717800234485811	14831380276273273806	1.0
11092304999554279811	14900916754573164544	1.0
10916005783387806811	13893545266356682752	1.0
10167621226718588132	17492214997968922811	1.0
10165704838042302623	17492214997968922811	1.0
10159880647587900441	17492214997968922811	1.0
9844996821349735811	15477443374495039488	1.0
8450190331084583043	16194352480719791811	1.0
8140338179907782811	193273528320	1.0
7764540965826338811	12877192915624919040	1.0
6832867273314310811	12373263663779199673	1.0
6200500122652273633	16194352480719791811	1.0
4713748427054631065	16916873407159642811	1.0
284684340570937811	17921226791792410624	1.0
17905982630445239811	193273528320	1.0
14205020328222247458	17492214997968922811	1.0
10365517210973336811	13024641904560634804	1.0
9984900180796467656	17492214997968922811	1.0
9793117512026927811	17065450417715979978	1.0
8494221532843247225	17131935672843749811	1.0
8061254835500599811	17209849335626334208	1.0
7424246055097659811	2197131474430066055	1.0
6214278828616545993	16194352480719791811	1.0
379551583757897922	17492214997968922811	1.0
17508027866203502811	13099741855862489088	1.0
17063741469392261811	14185447938330722304	1.0
16485087073673193811	16629167463694598144	1.0
15765018540994480000	16194352480719791811	1.0
15711709395071227811	13172726346792566784	1.0
13375924991471203811	13814783833352883667	1.0
12151778328791431811	15259243157364196288	1.0
10805696203064929811	16482244217410725841	1.0
10175018676637194811	193273528320	1.0
10167522657209173022	17492214997968922811	1.0
10163450710267000289	17492214997968922811	1.0
10160787151945109256	17492214997968922811	1.0
8173083386487254811	12449867773029384192	1.0
7476423597009653811	16916874523851153328	1.0
4443345826996290811	17420398115764107210	1.0
3214395731961463811	17995227154157183412	1.0
2767383886395989811	16633167585780695040	1.0
