9509236615960319119	17130227131654133713	1.0
9489271335821305115	17130227131654133713	1.0
8558317312240473487	16055527112726849713	1.0
7103296304280782713	12092660703103798461	1.0
6827332333030326713	14970196973649439673	1.0
6337458766784940713	16626118612440055808	1.0
17977812883238737713	13099741858744562612	1.0
17938712112770976204	16055527112726849713	1.0
17430351450370713713	15477443374495039488	1.0
15234445486188504713	13099741855862489088	1.0
15219921753563772713	748587662645519041	1.0
10875844602967376713	17641426383063923893	1.0
10729122826952308713	17632648861145290933	1.0
9505194656559915965	17130227131654133713	1.0
8471253360646790713	12378698548664189123	1.0
650369898451842775	16055527112726849713	1.0
17901601493133150713	12446230558499930112	1.0
17086586224220999713	17203745852091269120	1.0
15355837227146724713	13605865680229618620	1.0
14909458826886933713	13382143630006006494	1.0
14282891368441709045	2439895559441585713	1.0
14251299605413858864	16055527112726849713	1.0
13433281220665716713	15046741596134561969	1.0
12849532106276896713	16118645763738697728	1.0
12351951976989634713	17424058394267877376	1.0
12199938648481394713	15111796404861510096	1.0
11737472824682974713	13098389434713432507	1.0
10469798583338997713	13820369434633568256	1.0
10230033299181558713	16696443535066454195	1.0
10225305137074261713	16122504830508859392	1.0
9592153886976132713	13099741855862489088	1.0
9491570049619716841	17130227131654133713	1.0
8556387514661369049	16055527112726849713	1.0
5943060023913671713	13093078725203853312	1.0
4724073464093036713	18208304871168278528	1.0
18166885286742970713	12742845831799898112	1.0
17902590989205853713	11731493087792380882	1.0
16976328257724485713	2245754941722921100	1.0
16815727574237267713	193273528320	1.0
14657838263981036713	18282034783737348096	1.0
14432869597965785713	2505565674772506926	1.0
14087953916934899713	15046488765491096784	1.0
12366830898858087713	13101733099988494802	1.0
12193426554704049713	15111796404861510096	1.0
9424065442284168399	2229492731092834713	1.0
8304581303440788713	6576896720593291471	1.0
8189225548326952910	14250454410231990713	1.0
8000146801662834376	2439895559441585713	1.0
7110935723998837713	11725101563771879424	1.0
6049224867774413713	13093085373053841110	1.0
