993175244184652158	11725037830752233141	1.0
8238346098050496141	13820414420121084863	1.0
8009830146414888141	16194352477955472082	1.0
7240564711736464141	2281542245319112293	1.0
6951041710569219141	12160809463377011152	1.0
6943204069456640141	13099741855862489088	1.0
6073774097756726141	11941574482495275008	1.0
5172043712410025141	193273528320	1.0
2553498406418623562	6717415413337042141	1.0
16939923548762912141	15111796404861510096	1.0
16291442589669900141	14250454410299417040	1.0
15915067579207442141	17560935458523249603	1.0
15845663084367816141	12452682509911588864	1.0
15556384985230027093	6717415413337042141	1.0
14592055138764457141	193273528320	1.0
12915069699876170141	17494189549444712402	1.0
10061038303908680141	17997504195493625856	1.0
7900526381519756893	6717415413337042141	1.0
7563074049374842141	16120906256566234320	1.0
6990382748727179647	6717415413337042141	1.0
18125203920098733141	11876267958571430858	1.0
17541868365641075018	6717415413337042141	1.0
17106665917444152141	15542134261559652076	1.0
15995112056808923141	16416729774120029624	1.0
15926349362152993141	15111796404861510096	1.0
15190616788677537941	11725037830752233141	1.0
13536641310574109141	13022403311617370555	1.0
13118970850822224141	2188051689934835449	1.0
12618163790198249141	18067270493198614528	1.0
12457463718148523915	13678744558790291141	1.0
12320635113422511141	15192243333621067440	1.0
12204679510824486141	12160809463377011152	1.0
11616105051970785141	14254071826274637495	1.0
11496763405737080141	16842847798977101824	1.0
11004844857363237294	12232543869916211141	1.0
10166611690712875612	6717415413337042141	1.0
8645162891533689141	193273528320	1.0
8276632329149663141	14250454410299417040	1.0
8143819574453828790	14390035234367454141	1.0
7129264364179484141	14110839558631319741	1.0
6374184755335926141	16916829426694488064	1.0
6323760135462028141	14687544295431340032	1.0
5505761644488695377	12232543869916211141	1.0
4879761862985926542	12232543869916211141	1.0
1833830010922654141	18067270496484255945	1.0
18240276695505931141	7813079654186180088	1.0
17825341447010020141	18208242172678942935	1.0
17426299616788624141	14684198528792716243	1.0
15907390650610574141	12092636474721950654	1.0
15646249410179381141	15839668641223195346	1.0
