9128628940304929543	13172726346792566784	1.0
6829821170874923626	13744959352333198543	1.0
5819743369788189543	13894122540026036224	1.0
5183215450808610543	13099741855862489088	1.0
16865596161995275543	13099741855862489088	1.0
15905629052523951543	15111796404861510096	1.0
15668490164370830543	17641414225123344384	1.0
15164678019307050543	11868097397471103181	1.0
13481168792779761543	14903463081531080375	1.0
13443894608893365543	17058124453344504266	1.0
13102027126596704543	14250454410299417040	1.0
12443384965505253543	15119634794436100096	1.0
12215338979788440543	15111796404861510096	1.0
11542798965821585543	17994396984223465472	1.0
10229666967358274543	2199697967297377212	1.0
10005917374420728543	2356015486989526962	1.0
8563133132481408543	12591434335276745666	1.0
8351701129728602543	17280024561462542336	1.0
8242176551296246543	16843385438688311995	1.0
6357253646088875543	14607414104202149888	1.0
4139145682346999378	16268900431470575543	1.0
18044441339111290543	18282034787641391817	1.0
17705059547066274543	16480048673078640640	1.0
16710971761703921543	2302322538248670075	1.0
16311347809788431766	654364446664648543	1.0
14590112134161936543	11802204790899923165	1.0
12689163728142787543	15406787627411627193	1.0
1230416976292441118	654364446664648543	1.0
11531318110164766543	17994396984223465472	1.0
11478826924616583543	12308819079933773772	1.0
11432557531859232543	15984034496475343035	1.0
11245151298086654543	12738941543319140538	1.0
8189146742397288543	16343769420906157752	1.0
7521247384283106504	12238497661460537543	1.0
6818408437549069229	13744959352333198543	1.0
18247431152555942543	13313132756633311152	1.0
16689777752175944543	193273528320	1.0
1612743965387338543	13389729151633043147	1.0
16103747811010121543	12308869605928992768	1.0
14603348764091441521	12016105005468068543	1.0
13670574366970252543	17633744036302987985	1.0
13486039504342272543	17994396984223521719	1.0
11730612262836984543	13099741855862489088	1.0
10869004895060054543	193273528320	1.0
10730142900318627543	12088979486670896567	1.0
10013969565681971543	15119634794436100096	1.0
8339480192187513543	12378387435481001417	1.0
7504046629286753543	13237963531821826254	1.0
6616424638673533543	13525116493632684751	1.0
5541530085084039543	14104146827347492864	1.0
