9867282144748069786	13093075456733741056	1.0
9114083782440308903	13093075456733741056	1.0
9099842220493397257	13093075456733741056	1.0
8754492143732284823	13093075456733741056	1.0
8452805685895060056	18067270496869078711	1.0
8085092764874104793	13093075456733741056	1.0
7901270892703892810	14823869430739501056	1.0
758320466560838671	14823869430739501056	1.0
713365636508507620	14823869430739501056	1.0
640437461056435539	14823869430739501056	1.0
6231965541186395268	13093075456733741056	1.0
538608150206844816	14823869430739501056	1.0
538096537900348980	14823869430739501056	1.0
5286600945214928723	14823869430739501056	1.0
5182385860586213998	13386944098447917056	1.0
513451100985221536	14823869430739501056	1.0
454286445350556423	14823869430739501056	1.0
421148655672250159	14823869430739501056	1.0
18357058929036883056	13099741855862489088	1.0
1827678907853436508	14823869430739501056	1.0
17506872366483192056	14542964120066171344	1.0
17493712445019232490	14823869430739501056	1.0
17433682639833503997	14823869430739501056	1.0
17365046454908816130	14823869430739501056	1.0
17164824159725821056	14605643920546256599	1.0
16935395309945194056	11876267958571429818	1.0
16798095020461170168	14823869430739501056	1.0
16780718639271001574	14823869430739501056	1.0
16388953976972011206	14823869430739501056	1.0
1635150892036174928	13093075456733741056	1.0
16141023361952196957	14823869430739501056	1.0
16109827833122341026	14823869430739501056	1.0
16056913004932690935	13093007274127917056	1.0
16047140472379157026	13093075456733741056	1.0
15927746867142664956	18212221207032365056	1.0
15559854322225931822	14823869430739501056	1.0
14307216482268567269	14823869430739501056	1.0
14229031146107812683	14823869430739501056	1.0
14134894760869037056	14903491754970841088	1.0
13728870516874495895	14823869430739501056	1.0
13710392575361032221	14823869430739501056	1.0
1359916510784144232	14823869430739501056	1.0
13437027120275145593	14823869430739501056	1.0
13232604242663522419	14823869430739501056	1.0
13220033410289196427	14823869430739501056	1.0
13073902668494829862	14823869430739501056	1.0
12891169923469102031	14823869430739501056	1.0
12563494385147049056	14831380276273273806	1.0
12386289590473883056	803148970512311427	1.0
12199478846573044056	16268894878077812736	1.0
