9056938552271142015	6090875874078019158	1.0
7913241019388214006	14317767577320467158	1.0
7820890768867123158	12308865237947300305	1.0
6249761803919554158	13099741855862489088	1.0
6145150019287485158	16265808680552153779	1.0
3782548718285320158	17065483514562657468	1.0
2829939991048965158	13679355977449603072	1.0
17425901198469229158	13167589299563064506	1.0
16401493095431532158	15192243333621067440	1.0
16339710376694763158	193273528320	1.0
16234923161927408711	16416739905825449158	1.0
15739977801840676158	17560932104273978323	1.0
13434209333114753158	17058124453344504266	1.0
13411243210979967158	18066750415608741888	1.0
12220465857585330158	12879718463769199564	1.0
10971848475192609390	6090875874078019158	1.0
10532952334121775158	18072065386097934336	1.0
9784259657719085158	18289958998398510785	1.0
8069396753643932954	14317767577320467158	1.0
6818805774908678158	14101576202712636116	1.0
6437123257326336158	193273528320	1.0
6051959082655200158	16998539689150394996	1.0
5534223121781859158	15042498602760001999	1.0
4802229322729765158	13308612815392915391	1.0
4506164116119587943	11947160043553929158	1.0
4163921397264169158	13099741855862489088	1.0
17213756554301296158	193273528320	1.0
13978893505844849158	193273528320	1.0
13448563259478520612	11868051216770707158	1.0
13087439988708326158	841006894438470451	1.0
12434442119158315158	13675681323690281173	1.0
11206333345410918158	852635368135283411	1.0
10028512500301476158	193273528320	1.0
9859357299018877883	16416739905825449158	1.0
9587181027750162158	16408276715840777927	1.0
9215178766426411158	16118645763738697728	1.0
8523370375175745857	746018503465396158	1.0
7959734824382314158	813358282587290120	1.0
7419274815217961158	12092725518455262397	1.0
6612591092508995322	6090875874078019158	1.0
6143505506438268158	14247617601764764596	1.0
6066811444666016158	15908053982388466900	1.0
6055260950321469074	14317767577320467158	1.0
6052492710835558158	13093075456733741056	1.0
5469682390161820158	12018091691400495104	1.0
4659544295073029158	193273528320	1.0
4556397056723493158	15693897635038546355	1.0
2849697401319021158	15764523631129901499	1.0
17776850895812562158	14535847957363612351	1.0
16524852918744448158	16624390085671911424	1.0
