952357019879821481	12595372675083330482	1.0
9173878756226989482	16416665942316023808	1.0
8284546768490100482	14250454410299417040	1.0
7620712345324547672	15908059509922977482	1.0
6914525825791456067	2396654048346219482	1.0
6531129334070685482	16411108031296700416	1.0
631558375483978482	17131909383198843325	1.0
5581170308873573883	16839209445540471482	1.0
4861974327423722482	13093075456733741056	1.0
2371673496376441482	7594873781428944896	1.0
17432679597425693482	15477443374495039488	1.0
16501098891538790925	14037674687954210482	1.0
16501058639163460198	14037674687954210482	1.0
16495392688214583743	14037674687954210482	1.0
15920925947939614482	13099741855862489088	1.0
14883151682720820482	11869738010553666263	1.0
11703426895902692482	13678744562996397497	1.0
11606936554232284482	15984034496475343035	1.0
11448667786883790482	193273528320	1.0
9397198700033180482	872632731587862937	1.0
9230083527089368482	13890161068350636032	1.0
7116155268064514482	712620910495026479	1.0
6318339790977792482	12446230558499930112	1.0
4788591733918068482	11795388896844447744	1.0
468497741162231482	193273528320	1.0
17942424096771210482	12810147986508087296	1.0
17901127307324455482	13099741855862489088	1.0
16276056990464560482	12158520238463254528	1.0
16078186261681510482	13099741855862489088	1.0
15713469495098610482	14323131008846780106	1.0
1505383963444168482	17279366967609786368	1.0
14861559924390138050	12595372675083330482	1.0
14606425906776759482	11877945761775747072	1.0
13444263009744678482	17058124453344504266	1.0
13439368550871833521	12955352789932225482	1.0
13430711442891273482	16194298636245445566	1.0
12621840168756748482	13245032434753403579	1.0
12170467203986472482	15119634794436100096	1.0
11802525825482140444	14750594698804514482	1.0
9203190743544862568	16839209445540471482	1.0
8729962467881168949	16839209445540471482	1.0
8447967137335558482	193273528320	1.0
8123513550113008482	17065450417715979978	1.0
7151193057140303482	17281335225238923217	1.0
6164666841816044656	12955379225455938482	1.0
3617778798328577883	2396654048346219482	1.0
18292774452923875482	12159678011322400768	1.0
16560528771092778700	14037674687954210482	1.0
16514608042523104482	11661195847726590149	1.0
16497995618719271082	14037674687954210482	1.0
