9956756014278262858	12739518623714902016	1.0
9348788553077850858	12163283348604634814	1.0
8112950073893370858	818719810318707094	1.0
8024059449295259858	14042198064978390710	1.0
7905063714248327905	11876267958571430858	1.0
7429102050994390858	13102368597731180544	1.0
7364174695241722358	11876267958571430858	1.0
7344614267352287689	11876267958571430858	1.0
3874953242926771524	11876267958571430858	1.0
2397227262081909681	11876267958571430858	1.0
2387137859785565249	11876267958571430858	1.0
18054051180016649449	11876267958571430858	1.0
18049542373579310377	11876267958571430858	1.0
17808595305028136519	11876267958571430858	1.0
17804470079183859438	11876267958571430858	1.0
17766234333683518858	15477389481245461186	1.0
17655688535631402978	15264911066790950858	1.0
17634413185470018306	11876267958571430858	1.0
1710480396082851319	11876267958571430858	1.0
16966003647247011858	15762504958135550396	1.0
16923716357583421315	11876267958571430858	1.0
16854873636260479858	16416736323945103360	1.0
16799546525958385272	11876267958571430858	1.0
16682193557087629201	11876267958571430858	1.0
16113166345619968102	798947473642852858	1.0
16058131495709299858	13093075456733741056	1.0
13759296883592476844	11876267958571430858	1.0
13490901218422829858	16341534161011538619	1.0
13440513266994386858	11796003553909197746	1.0
12391445762025366457	11876267958571430858	1.0
11920135817529381858	12810147986508087296	1.0
10303313358159402667	11876267958571430858	1.0
10085444178943250719	11876267958571430858	1.0
9948570471427490743	11876267958571430858	1.0
9933247977928339006	11876267958571430858	1.0
9334552846938330858	15762597364356918987	1.0
8458689059361168760	11876267958571430858	1.0
8229578737158730858	17063229421407698944	1.0
7365701453111171018	11876267958571430858	1.0
7356448895160989091	11876267958571430858	1.0
7351310022659146348	11876267958571430858	1.0
7347141486314662898	11876267958571430858	1.0
7341362401611153781	11876267958571430858	1.0
7049308947376937544	17562625343285222858	1.0
6553389649804161202	11876267958571430858	1.0
6546375787702695939	11876267958571430858	1.0
6058585645938389858	677507108731856982	1.0
5691025607771176321	11876267958571430858	1.0
5686592505806425125	11876267958571430858	1.0
5680832671072540055	11876267958571430858	1.0
