9658568936538048630	15614726137186353152	1.0
9059474502087571630	17058125445481954480	1.0
8243907665122389630	12159678011322400768	1.0
8058388741226127813	767700834799254630	1.0
6785847982006931031	11651907044646119630	1.0
5205125993023712630	12376729303226777600	1.0
4822163820360773388	14321119946552178630	1.0
18040306498732084630	193273528320	1.0
17752544713031272630	2141737962072381198	1.0
15261639959077867630	2131967791391107431	1.0
15233230358256876630	13099741855862489088	1.0
15040775725550656755	17564848684951186630	1.0
13606706344556891630	13894122540026036224	1.0
13564079448226211325	17564848684951186630	1.0
13346385176783835821	767700834799254630	1.0
13333364726920669630	16561628912556959427	1.0
12198794795672756630	12160809463377011152	1.0
12123841288400735630	16127349397754663882	1.0
11673634434877607630	14903470833710510270	1.0
11196740940796085063	767700834799254630	1.0
11189094769250204006	767700834799254630	1.0
9756099227141328630	15189166887302198196	1.0
8081017815684262630	13099741855862489088	1.0
5278551119956203630	721292883319366984	1.0
1759462489277150433	11651907044646119630	1.0
17190720789293817630	15188650014030232251	1.0
15922157426781926630	2299409059178901615	1.0
13931648250168461630	12886712517362974720	1.0
13860001008640314630	13892710861585252352	1.0
13639171130428014630	16709459330377711616	1.0
12447372785813760630	17706652721060249600	1.0
12403966454099571630	12591434335276745666	1.0
12390358442011796630	17425730777223586508	1.0
12009747346760633630	751667699856565285	1.0
11312320157764098630	8031420568096663566	1.0
11199316192184212630	193273528320	1.0
11194382737343867881	767700834799254630	1.0
11159157752267411502	767700834799254630	1.0
10223746728560406630	15189739642938195968	1.0
9715586529611800630	13891850798679195648	1.0
9593123298484835574	13093085372853106630	1.0
9432942865525691630	13670586225461821440	1.0
9024833638083545630	15832348157229969095	1.0
8561400798295269630	15185205385560849614	1.0
7386197442943176630	12518879698383580108	1.0
5173961093268526630	16987784163325176251	1.0
2820204395287063630	18068626225358299596	1.0
17806003806962309630	193273528320	1.0
16636706464154991630	17565926129036998098	1.0
15534032290012438630	754890283059728037	1.0
