9227603618564703779	12810147986508087296	1.0
6692902095235511815	13099812134412398779	1.0
6140738662618936574	16265808680552153779	1.0
536167177735015960	2377152056683911779	1.0
530967965142851633	2377152056683911779	1.0
17378660772070160779	11869721401915122902	1.0
17173249915072348478	16265808680552153779	1.0
17172373071731488730	16265808680552153779	1.0
17155487961698875724	16265808680552153779	1.0
17018274438781198779	15264909052451285170	1.0
15850605299610918779	15481044283665940480	1.0
14756500448495948683	16265808680552153779	1.0
14751645816920327946	16265808680552153779	1.0
14743863035503055271	16265808680552153779	1.0
14738707773353730409	16265808680552153779	1.0
14412448960921896519	682090251738236779	1.0
13428444687991546779	17058124453344504266	1.0
13094305180134812779	12661562166973871539	1.0
12198657902127268779	12160809463377011152	1.0
11427175327868713779	17205102683799737009	1.0
10705667157491342779	12660969671940418002	1.0
10229508274050773779	18070631678194411187	1.0
9996047221331253080	16265808680552153779	1.0
9979860816594177840	16265808680552153779	1.0
9965807155440303838	16265808680552153779	1.0
9608050504359992488	11874577974839788779	1.0
9599819437255342779	12446230562589036471	1.0
8136360904109109779	12449873330717065216	1.0
7400942469859221779	11873447900224684032	1.0
6424913087599125779	14903491754970841088	1.0
6132868976794811026	16265808680552153779	1.0
529726848471290012	2377152056683911779	1.0
426733841898731779	15472034966992322560	1.0
2365726779170402779	14903509360041834447	1.0
17158083174295205886	16265808680552153779	1.0
16952233104558921779	17849407714468298752	1.0
16934083862306164473	16265808680552153779	1.0
15649408424905167823	11874577974839788779	1.0
14747616416054610076	16265808680552153779	1.0
14396904765546511197	682090251738236779	1.0
12444180170205607779	13099741855862489088	1.0
12178769813254721909	11874577974839788779	1.0
12174600349143142945	11874577974839788779	1.0
11998265558567934315	11874577974839788779	1.0
11208661856280802779	16120906256566234320	1.0
11069263608132334779	14534517569907326976	1.0
10477418533992996779	14461609018294065857	1.0
10330983465062466392	11874577974839788779	1.0
10253483530004226779	18280663765751955456	1.0
10141243429873173779	14247617602402036660	1.0
