9882814664837038424	11801361564265663936	1.0
9590667043780268651	15548881956371431424	1.0
9369910269222348404	16119436149390311424	1.0
9345823751342443240	11798558926306279424	1.0
8660704155380086424	12092694762230906880	1.0
7681383049454350432	14038499261545447424	1.0
7653276653930796788	14038499261545447424	1.0
7648323285366705107	14038499261545447424	1.0
7108693549167239257	11725101563771879424	1.0
7102460533698813398	11725101563771879424	1.0
7102366078714963118	11725101563771879424	1.0
6819340476950834121	13814767435774951424	1.0
5482730582804849498	12956218217838804424	1.0
5394882984362921084	11798558926306279424	1.0
5007842537304434424	13308612815392915391	1.0
2897531196267107797	14038499261545447424	1.0
18111356011511180424	2103104096107943386	1.0
18005878244038973424	13092996279011683536	1.0
17891488542522392090	14038499261545447424	1.0
17558908868656107252	12742926134803431424	1.0
17532835632144309353	14984282735508455424	1.0
15457142490152407318	14038499261545447424	1.0
14987960840507217526	14038499261545447424	1.0
14983191097575490739	14038499261545447424	1.0
1489702725113595424	13894122540026036224	1.0
14814677788878646424	16194352477955472082	1.0
13447352188377029438	14038499261545447424	1.0
13426245303995269424	17058124453344504266	1.0
13353551026045921133	11725101563771879424	1.0
13124450811630519801	17567081720052711424	1.0
12780800632945457434	12814923208457191424	1.0
11981045054302071968	12814923208457191424	1.0
11970961394480820158	12814923208457191424	1.0
11320589995559490474	14038499261545447424	1.0
1100408923924216803	14038499261545447424	1.0
10944118899172651230	14038499261545447424	1.0
9956673851175909524	17567081720052711424	1.0
9598428431959774828	15548881956371431424	1.0
8735642495486522685	14038499261545447424	1.0
8613114388956770110	14038499261545447424	1.0
8571567205068366424	16047135524627999169	1.0
8269791313398683424	16341520979670258903	1.0
7881004175432074424	14831965147739717632	1.0
7810690405035283813	13096969952689127424	1.0
7724831735297059863	11725101563771879424	1.0
7107627628496844687	11725101563771879424	1.0
7093242653372563571	11725101563771879424	1.0
7089669111755416424	13070683533066895558	1.0
6784391975257553694	11798558926306279424	1.0
6361642407046813646	11798558926306279424	1.0
