9023146931317651841	15264848384574146995	1.0
8992911030018489841	15481044283665940480	1.0
8663608264456653841	14895038622885541555	1.0
8521885578139604841	14323039731683940042	1.0
8320400901916913105	16482244217410725841	1.0
7902679009282523841	15264914407952086707	1.0
7127200778380387841	17203745852091269120	1.0
6820113986336674841	193273528320	1.0
6541717270605117841	13820414423942027972	1.0
479545125101832427	16482244217410725841	1.0
3229899872570744841	17923109086673561031	1.0
17612583652156669841	822988380701978830	1.0
15170903313622251090	16482244217410725841	1.0
14923348343471052841	18137395158679814144	1.0
14746000841498927841	2207956703754352034	1.0
13506775417818597128	2171475353169425841	1.0
12195671783123191841	12160809463377011152	1.0
11832435941673790987	2171475353169425841	1.0
11202581080320265377	2171475353169425841	1.0
10225344075095256841	15264924226570738119	1.0
9917111588737398692	2171475353169425841	1.0
8353578407677451123	17497602513610449841	1.0
8198580687961078841	13748310711019305659	1.0
7603202194341877841	17921146390004629504	1.0
7085043633701342879	14463213167104273841	1.0
6806710797677975841	14174450605849901261	1.0
6400485053763435841	13632455664737832168	1.0
1777781297860177129	16482244217410725841	1.0
16845212484713318841	14110839554625808575	1.0
16414373727256973841	12595367207589967814	1.0
16122446408732366841	13820414420137070708	1.0
15730493215723437804	2171475353169425841	1.0
13522071780862366498	2171475353169425841	1.0
11975114649326465841	17279954123998943933	1.0
9593564599073775841	15979598087316307968	1.0
8292515174074022841	13099741855862489088	1.0
7523834802637874841	857979810551291653	1.0
7165247204157784841	16118571946135781376	1.0
7140694758323582841	14110839558631319741	1.0
7129154155320779841	17203745852091269120	1.0
5048768752130601841	13814777297019863040	1.0
4817522017735780841	16629167463694598144	1.0
17340660675473039841	12738941543319140538	1.0
16860062717052961557	16482244217410725841	1.0
16478451419800153455	17497602513610449841	1.0
16453856649257687841	13389729151633043147	1.0
15918500919258914841	15111796404861510096	1.0
15363825711390983095	16482244217410725841	1.0
14931866194713758150	2171475353169425841	1.0
14379668428624138841	17201203785447304378	1.0
