9283155287247875168	13382087534113238727	1.0
9278291176759951228	13382087534113238727	1.0
9268942432933066408	13382087534113238727	1.0
7783662149678446532	13382087534113238727	1.0
7120150374739700727	17203745852091269120	1.0
6821186645707122727	16696502650996260864	1.0
4315306632129832727	12661562170022291122	1.0
4113087665827764727	16844207894860660736	1.0
17692336661778688727	13632455664737832168	1.0
17156950951507826559	13382087534113238727	1.0
16793746423839650727	18066750415608741888	1.0
15405564053561646727	851491420663837944	1.0
15175095812257225727	14684208359012286129	1.0
14133693081041099373	18067270493198657727	1.0
12361148947570326727	17867461927324614656	1.0
11835145374426801727	12231409014920036031	1.0
11806082554150211662	13382087534113238727	1.0
11792462504123484968	13382087534113238727	1.0
10226261634876316727	14178973025935548623	1.0
8957833367537958727	13678224639994035139	1.0
8727537066673132727	18066701000697629395	1.0
8538473879941158727	12518879701265609652	1.0
7903826147064692375	13740941856747137727	1.0
7636482670277796727	2184651502734101889	1.0
5669401191143067727	13103137070459710933	1.0
4910496624857735727	15264913330238652416	1.0
3103686173712849727	18354411300571840512	1.0
2256328477609497003	13382087534113238727	1.0
17923003715545590727	17632714841879740416	1.0
16498803153406870727	2144323821030495262	1.0
15789739174650209727	13241667907697508352	1.0
14821434671502356727	12452634139989901312	1.0
14482198598317003727	13093007345964265163	1.0
14131100625912986590	18067270493198657727	1.0
13186480622347506727	12166370837384967634	1.0
13114987942413650727	16629167467717905352	1.0
12384074465205096727	15542977656239741887	1.0
12205225053293107727	13099741855862489088	1.0
10026548317459220727	15551735274944856064	1.0
9770522930050830727	12387640921045336064	1.0
9584398489587165727	14038476274880479232	1.0
9296792414111910541	13382087534113238727	1.0
9274508212485409097	13382087534113238727	1.0
9226465519927158377	13382087534113238727	1.0
8744379533470536727	16632545188928944571	1.0
7736615458639559727	13461776838070107060	1.0
6902421421444104727	878834161527348843	1.0
4879285040330389727	16623820550958138575	1.0
4775895607495413355	2322147075888561727	1.0
2828907004129704727	193273528320	1.0
