8942180449109634501	17711180428339105471	1.0
8759980120164026471	13814777297019863040	1.0
8276887080757676471	13099741855862489088	1.0
8174202689351875471	12742885378764626894	1.0
774684325460813905	6576896720593291471	1.0
7090525919637783471	13173550954743595008	1.0
6826278369541767455	12446230562589036471	1.0
6816234652896868809	12446230562589036471	1.0
622968110459554471	13759279653766299648	1.0
563880489133031619	6576896720593291471	1.0
538351847660744593	6576896720593291471	1.0
538233770408648789	6576896720593291471	1.0
5174695798941771753	12446230562589036471	1.0
5172732397441802624	12446230562589036471	1.0
277786339427911327	6576896720593291471	1.0
276242809813550310	6576896720593291471	1.0
272365012699365549	6576896720593291471	1.0
2701637499827752586	6576896720593291471	1.0
268829021930470599	6576896720593291471	1.0
2436786522506338471	193273528320	1.0
18438411356835133471	7922064369955486599	1.0
17736962393659135620	830187927188941471	1.0
17576995214031132868	6576896720593291471	1.0
16814771437814752220	6576896720593291471	1.0
15988349110747641471	17711785159734329344	1.0
15981702957230590471	12234265590205775872	1.0
15923879004389842471	2299409059178901615	1.0
15336027106653932471	16411108031296700416	1.0
14882475809485958471	5798406956304673006	1.0
14298354764988959708	6576896720593291471	1.0
13879696616359819598	12446230562589036471	1.0
13805624640056553750	12446230562589036471	1.0
13546251578178290471	193273528320	1.0
13421957131209049471	14750358316689391616	1.0
13071167044006658737	6576896720593291471	1.0
13060419682413749471	18079064988789506048	1.0
13044993833437057098	6576896720593291471	1.0
12986001340037466141	6576896720593291471	1.0
12982855611457184276	6576896720593291471	1.0
12849906005505834471	18287613752981366737	1.0
12629363965818373589	6576896720593291471	1.0
1237400668602158471	14101576199226523648	1.0
12079255209363783622	6576896720593291471	1.0
11552561887836117285	6576896720593291471	1.0
11527495286729740188	6576896720593291471	1.0
11517325684508132282	6576896720593291471	1.0
11363314613778250009	6576896720593291471	1.0
11314756881780480138	6576896720593291471	1.0
10390875451226080923	12446230562589036471	1.0
10257917435269294471	12163305355727600564	1.0
