9412096432655250445	18282841803797361859	1.0
8138421824181513445	14178955352233540532	1.0
6323711047048986445	12665767798950068224	1.0
6091261177488464445	16337270250624039098	1.0
588449648301293445	16192328272753778870	1.0
16746441676393121445	16415557789214048256	1.0
16103533788254546445	13894122540026036224	1.0
15706379804881241577	15985198995253290445	1.0
14705077598615820445	17853384647635030999	1.0
1330704416170167445	12308869605928992768	1.0
13006095445555875445	14612118987471897548	1.0
11955180841536880445	12237084798148999867	1.0
11783267209598821445	14101576199226523648	1.0
10837929820720985537	11726789339890379445	1.0
9788863954543667445	17064953389717235377	1.0
9787214441298282445	7594873781428944896	1.0
9085573520835552122	18067270496834283445	1.0
8673746766377308165	16846484947517045445	1.0
8488379131544575445	14968514609189799638	1.0
4013358173239178445	12665767798950068224	1.0
2696427342620690445	193273528320	1.0
16049188786063602445	13814783833435661767	1.0
13292483880172930445	14038494979463053312	1.0
12382054150253171445	193273528320	1.0
9288298114932610445	17927672043055087616	1.0
4714181480035724445	12373263659755896832	1.0
3888240143162499445	2363537083004315439	1.0
280513222754556445	8031420568096663566	1.0
16339798587749456445	16055527109040275456	1.0
15847453347943523445	11872868242848481280	1.0
15241651125383380445	2141737962072381198	1.0
14751294668640475445	13675740838361473488	1.0
13879354092432869445	15838311964133556224	1.0
13169124116282363445	13817597540050141184	1.0
12533094174746663445	713191020245076082	1.0
11967730938911610445	17926219540950198993	1.0
11121883471837342445	16265802097897766912	1.0
8535022092974343445	13099741855862489088	1.0
7656073065311527926	18068959295814283445	1.0
6787281384454583445	12379458368396328960	1.0
5165685069166554445	17424116702707436733	1.0
488028598267913445	193273528320	1.0
18190389206670899445	11725119237562350290	1.0
15782032800728755445	17632677479959232512	1.0
15676662929410255445	14831430802268536533	1.0
13570444824622417445	12660969671940374528	1.0
13506180393074192445	15908059509704218314	1.0
13439812036269966445	14830532479793758208	1.0
13014835369330699770	11726789339890379445	1.0
12208547412274112445	2157043224878439760	1.0
