9197967012687288558	17131968636937032636	1.0
739043718098916403	17131968636937032636	1.0
7276745031786999821	13820379303442045636	1.0
5657759042000411636	12741792460466146504	1.0
5235598305598344033	17131968636937032636	1.0
2822025276854610636	13024343854060118480	1.0
14319578133046137636	12378340044811854783	1.0
14133678898642741636	15833998580017790976	1.0
13758130285840689636	193273528320	1.0
13416662424426222636	11796003553909197746	1.0
13083104686079123636	13099741855862489088	1.0
12835359729105490636	12879718463769199564	1.0
12381839518899212636	17867461927324614656	1.0
10993815227219075636	14607414108124982718	1.0
10486780001905241636	14605691152301555712	1.0
10344168559594434636	2148121418424306869	1.0
10323635647887625636	14607330601447981056	1.0
10270683447042666267	13820379303442045636	1.0
972749294485430636	14103797143995217339	1.0
9651751781899869636	15763956360728856003	1.0
8290109859168660636	12158543392631947264	1.0
8145155353102046604	13820379303442045636	1.0
8141233004241215891	13820379303442045636	1.0
7441388169450399269	14897844706200306636	1.0
6941203228530841636	13606767266963763658	1.0
6820081258730668636	14538980560618913792	1.0
6813346595266581636	15336138563909582848	1.0
6425825534875487636	11867471804543259580	1.0
4719624430383516636	13099741855862489088	1.0
18280491736908343636	12454412007342342144	1.0
10727433054703136636	13099741855862489088	1.0
10230298010893911636	13814759795028131840	1.0
9199441666311709636	12446230558499930112	1.0
8617691720340837636	13891850798679195648	1.0
8162488744651293285	2266511911443237636	1.0
6951544049823884636	17279366967609786368	1.0
6064732280967730761	12598456788019368636	1.0
6062541976563810654	12598456788019368636	1.0
6053741030160957313	12598456788019368636	1.0
2933615695896611715	2226452412367573636	1.0
17880045864148634636	16415516969844867072	1.0
17466157511216275636	15045044998104654288	1.0
16940476286532454590	13820379303442045636	1.0
15958638953530804528	14971309679327762636	1.0
15563561472564291817	724979602065391636	1.0
15022806993656404636	12810147989911221965	1.0
14391006264587989636	748587662645519041	1.0
13986583217307858636	12158585195548639232	1.0
13903922405238802636	13886238881729404119	1.0
13481299470365340636	13101728701892044753	1.0
