9911048984630906638	13814783833822130633	1.0
9148169360882653518	13244426573781714638	1.0
8448324059779532719	13244426573781714638	1.0
8009428984158216638	11725070833280876544	1.0
7781933472702586638	13099741855862489088	1.0
7731092030105739638	12810147990781881800	1.0
6863525678850983873	13244426573781714638	1.0
5900065119362482638	193273528320	1.0
2556923342959555638	14903509360041834447	1.0
2325942159284673094	13244426573781714638	1.0
2259551779834164638	16480048676027936212	1.0
17986855546254495638	14325640171997888512	1.0
17265756208654617629	14903470833226131638	1.0
16652275492808281469	14903470833226131638	1.0
16202277229420196225	13244426573781714638	1.0
156568253424079404	14903470833226131638	1.0
15478876146946111638	12012969070630721456	1.0
13850270299438810638	13820414420121083587	1.0
13253793592828098764	14903470833226131638	1.0
13241591264309572041	14903470833226131638	1.0
12709680831957369445	13244426573781714638	1.0
12536325250121856638	193273528320	1.0
12450140459940220638	16696430100408761019	1.0
11433428410124436638	12738941543319140538	1.0
10813123666887998638	16408215151624111821	1.0
8231207648606894638	12160809463377011152	1.0
6825208371578711638	2301900952356351338	1.0
6811273509172452638	12373263663779199673	1.0
6403855705377298638	13632455664737832168	1.0
2556669644764307638	18363050063686330569	1.0
17264786052891187219	14903470833226131638	1.0
151237292703798817	14903470833226131638	1.0
14957464037149369638	15547467005165627570	1.0
14897108042843238638	13382143630006006494	1.0
13791437022324159780	13244426573781714638	1.0
137400780619682970	14903470833226131638	1.0
13261348972919524006	14903470833226131638	1.0
12214793063636292638	12160809463377011152	1.0
12174629134037200530	13244426573781714638	1.0
11293848503963488039	14903470833226131638	1.0
9698836714371347638	17858961472835998666	1.0
9196962231191520638	16053881110068723712	1.0
8375902785953906638	15046488765491096784	1.0
7575883527429560638	16411108031296700416	1.0
7094200031073602825	13244426573781714638	1.0
4451078962887698638	17277202050689531904	1.0
3890093270906852990	14903470833226131638	1.0
18419914866397878437	765622070759036638	1.0
18204620108374572638	17209914370021130240	1.0
17568052753447979638	14110839554625808575	1.0
