8990555335242533561	13093065531064320000	1.0
8350879042114307550	16845926349930496000	1.0
8272247384967609000	14756544121862619136	1.0
7971008813105413320	13093065531064320000	1.0
7840936548112782202	15835752189394944000	1.0
7354121473856620000	4121128128092371657	1.0
7234091141444110000	14245689085199908864	1.0
6871134182792438009	11873382865829888000	1.0
6836999437174802000	13675722108091345361	1.0
6817120120544784111	13093065531064320000	1.0
6311681483509237297	13093065531064320000	1.0
6069675002481205000	14616352110171106519	1.0
1829172877538797000	12668055891200953533	1.0
17943026307509367000	13383280491344486582	1.0
17495441624269871161	16845926349930496000	1.0
17370483385263536493	12742890941841408000	1.0
16674364498209413000	18067270496383589041	1.0
15929729016171925491	14323053970325504000	1.0
14435670522215828827	12518797265076224000	1.0
13892455701429134913	13093065531064320000	1.0
13303197437385915475	13314227892649984000	1.0
132643894218339066	12668055889909176000	1.0
13071806250471846651	752893319956765000	1.0
12553270263159535790	12742890941841408000	1.0
12271999441647844388	15835752189394944000	1.0
1225637669490525000	14099314890366896619	1.0
12203049364512541184	13093065531064320000	1.0
12202430867681441000	15111796404861510096	1.0
11834157121915520108	17280002588409856000	1.0
11369209511531194000	14321082588926574592	1.0
11228152714157658517	13093065531064320000	1.0
10546687772737970978	13382096428990464000	1.0
10376111089567626706	14391813175508992000	1.0
10357649247473471000	16265808680552153779	1.0
10299511639499851734	12742890941841408000	1.0
10070466743387503855	11949116024160256000	1.0
10056182300531957671	11949116024160256000	1.0
10041814146158073352	12668055889909176000	1.0
9435795299162659367	11873382865829888000	1.0
9047325711988012248	13093065531064320000	1.0
853668174117600071	12742894206016610000	1.0
8289563646712227652	13093065531064320000	1.0
8277722421865238000	13678744561840267728	1.0
7729358788633437753	11873382865829888000	1.0
6882271664341146901	11873382865829888000	1.0
6878562637986832678	11873382865829888000	1.0
6828418122317928120	13093065531064320000	1.0
6824616088414979198	13093065531064320000	1.0
6806329220851059608	13382096428990464000	1.0
6059380064568562000	13093085369518260224	1.0
