9318256923932013890	2329444472887641064	1.0
9279456026769377064	12446211965586505728	1.0
9035486922228277064	16842314445271248336	1.0
8983184661651606064	11940936851650510848	1.0
8717703219140650761	16916829426694488064	1.0
8225728303315181392	15551735274944856064	1.0
8174646595954296064	16696502731404339401	1.0
7919202111076939143	16916829426694488064	1.0
7669675921632853064	11725036787075121152	1.0
6814780384217197242	12741728762345816064	1.0
6074323879401881424	11874514198870360064	1.0
5557108657121944062	14608826967262683064	1.0
536829948749155378	15551735274944856064	1.0
5161854151537470064	13099741855862489088	1.0
4372457265397679672	2329444472887641064	1.0
2556863969331425064	14250454410333245139	1.0
2406724207907662443	16916829426694488064	1.0
2402610123179075017	15404838266616152064	1.0
2388219375549483788	15404838266616152064	1.0
1841483099290859813	12387640921045336064	1.0
17947938327910486921	32215085103448064	1.0
17902262078107912614	16916829426694488064	1.0
17845543642379795244	15551735274944856064	1.0
17797633668965119423	2329444472887641064	1.0
17797172964865131654	2329444472887641064	1.0
17643287698038658064	17711203585558175941	1.0
1750419834523591035	2329444472887641064	1.0
17394847179611125640	13102324552841560064	1.0
17286118906470130064	14543201641592574160	1.0
17208638972212852435	15188650014030168064	1.0
17191519382744031908	15188650014030168064	1.0
17007892794239146884	16916829426694488064	1.0
16906454546534620064	16337277993204231108	1.0
16688415989741542647	16916829426694488064	1.0
16585762781177655622	16916829426694488064	1.0
16034428728693696960	15551735274944856064	1.0
15850691142616729968	17712002893101400064	1.0
15725272789513147064	2235317349982068387	1.0
14312708423249298463	14608826967262683064	1.0
14062871591594675775	12162192593523301064	1.0
13430723576518494064	16415516969844926642	1.0
13306163355405157064	14103797143995217339	1.0
12401278610482052064	14104339164572985034	1.0
12207255602122525064	15111796404861510096	1.0
11711541148314399966	17641426379880792064	1.0
11697865414424021632	15404838266616152064	1.0
11374423060527155764	15551735274944856064	1.0
11116202314714028064	13092986460716400640	1.0
10851514990807091064	16558809809122552501	1.0
10830571050048603064	193273528320	1.0
