9479935468518425495	13103219615436111872	1.0
9197842827641068495	12662965272659950273	1.0
8664983409780847495	193273528320	1.0
8427215897107395460	12733019490809132495	1.0
7489939954092117727	14321936999655724495	1.0
7485452679580585030	14321936999655724495	1.0
7484180673491061668	14321936999655724495	1.0
7476517803140220985	14321936999655724495	1.0
7471769154239143859	14321936999655724495	1.0
7358171374598207495	11876267958571430858	1.0
7342430358324203495	12523876918602235904	1.0
6478125080266870495	14181535966153408512	1.0
6390497990515026495	15905772521530589184	1.0
18169821452013421495	14760225364101824512	1.0
17912525605179308495	13099741855862489088	1.0
14696628790420156495	13675148166562562231	1.0
14582489052499217485	14254071826274637495	1.0
14475826555465465495	16626118612440055808	1.0
14068285663957792495	6331468515231617941	1.0
13637349626167257495	2060752621896431185	1.0
12456182440223140495	18064732760232165376	1.0
12451988883575681495	17706652721060249600	1.0
12420071462923731744	14321936999655724495	1.0
12411039378588842205	14321936999655724495	1.0
10774434556867449495	17065450417715979978	1.0
988089018305600495	12666061497403703296	1.0
9517707601674811495	13604204331921364931	1.0
9218857811979909495	13313969502800767936	1.0
9119092399525512495	18298967181200771026	1.0
8849574553894522495	18067300179539390147	1.0
8582220018844130495	14679166020884561591	1.0
8260216904786291495	881718588797774696	1.0
7908910268927769495	13963115653335078602	1.0
7493271757796089939	14321936999655724495	1.0
6926225122816533495	12158585195548639232	1.0
6213013986529014495	13244482571565268992	1.0
262408398315196495	18068961451887820800	1.0
2511006714447851853	14254071826274637495	1.0
17315872062669437495	14176958548923121664	1.0
17242230101824066495	873482340386276348	1.0
17041325128115092495	16127349397520501949	1.0
15661087968306003495	14037674687954210482	1.0
14233596729483711495	15402221321567921340	1.0
13929662611371760495	15119666633028665344	1.0
11061672335984139495	13678224639994035139	1.0
10983232881188790495	14320569108406468608	1.0
10539227102361954495	15119634794436100096	1.0
10048774703367412495	15616695491360774845	1.0
9601570243044935495	17641361396384389823	1.0
9512783606254756495	769016498637142844	1.0
