9978809829250093626	13099741855862489088	1.0
9797989612167630626	2321876188624788392	1.0
9641801235409347626	12092624392493660119	1.0
8354105019424045955	16051359962870173626	1.0
8292684125179816626	14250454410299417040	1.0
7662374378001698626	16123915576941740032	1.0
7108868629217978386	16051359962870173626	1.0
6924493447505993034	12661506134830546626	1.0
6262921716914439626	12160809463377011152	1.0
6062681803559717626	13093085369518260224	1.0
5990052626066913626	14895929344059768832	1.0
4143382487196066970	807080139720301626	1.0
2122130547487973626	18068997864620556288	1.0
17573808865154572626	193273528320	1.0
17434366750374740265	16051359962870173626	1.0
17417062168108793380	16051359962870173626	1.0
16361224473840322626	16416723408978496952	1.0
15924332686014718626	2299409059178901615	1.0
15766537925544498626	782294051282525803	1.0
13967551388439876465	807080139720301626	1.0
13503459369140912626	13380955123035930624	1.0
13431876379821129626	840493666729087540	1.0
12988345761524094626	14110839554625808575	1.0
12780044195530860076	807080139720301626	1.0
11370465020705710626	14321087004152954880	1.0
11341295157203977626	16628646372186309840	1.0
11149011969537617320	807080139720301626	1.0
10386985572348580626	193273528320	1.0
10361247604326809765	16051359962870173626	1.0
1020348942318669626	17494224836896023254	1.0
9956009953426279626	12519678970322485248	1.0
9678420210160609572	16051359962870173626	1.0
9455089344421348626	17277770625853796567	1.0
9239340049213274626	13886844842497015808	1.0
8616614206329880626	18064693245255284945	1.0
8525550367652325626	7727176586931911016	1.0
8376700464624735731	16051359962870173626	1.0
8131342081613926626	818719810318707094	1.0
7715559039874963626	798719621074115149	1.0
6948478323775105626	13099741855862489088	1.0
6922854603963761569	12661506134830546626	1.0
6299807389203666626	13389729151633043147	1.0
5575164369398493279	807080139720301626	1.0
543645365789812626	16055527109040339149	1.0
5186287121136459626	14182029589794759120	1.0
18388580419350886626	14825798184298595024	1.0
17908280648415202626	12590075243877750197	1.0
16094797314512705626	14606488375541104640	1.0
15746685838819970823	16697012936060743626	1.0
15738823509282716765	807080139720301626	1.0
