9602217845717970852	14182029589794759120	1.0
906492337057817193	717018102689499852	1.0
8858153621310644852	13604768321256816640	1.0
8247234052899792852	13099741855862489088	1.0
7599428546745677852	13471105176613945344	1.0
6898423328517041852	6445998570434454129	1.0
4907229327137628715	15481066303963323852	1.0
17771346544143258852	737393233914470755	1.0
16946319662916612463	14397091857819548852	1.0
16574688056146875852	14968507131651748029	1.0
16571394498583767877	12809295972370801852	1.0
16052488299506744852	13093013845427879936	1.0
12217031153884967852	2157043224878439760	1.0
12194586200196555852	13099741855862489088	1.0
11649828053754518852	13167619110629394110	1.0
11470371282221937852	14607414104202149888	1.0
10027679056319280266	16415552141332102852	1.0
8974799979125094852	11725119237562302464	1.0
8672148655515802852	18067270493198614528	1.0
8026617170287240852	193273528320	1.0
765715897705603852	14823869430739501056	1.0
2603985947756684852	13313969503086038205	1.0
2540608696532481852	15839704061818502324	1.0
16668446930876419852	16628361616160777648	1.0
16629357877727483852	634100067154894710	1.0
16421254519619060852	13820414423942027972	1.0
15388621780754699852	884634957425792145	1.0
14696920452770218852	18071248556332738738	1.0
14372650890276337852	13167589299563064506	1.0
12455307317066123287	14683060517078085852	1.0
11832640594671264852	17280002588409856000	1.0
11504036237126152348	15695020274325041852	1.0
1078931448076307852	12593683879812322250	1.0
10317767847411819228	14397091857819548852	1.0
976985334882707852	12730220638007645180	1.0
8418450531089851852	704535145310017223	1.0
8348456447866576852	854083519149881882	1.0
6814685247728128852	12587828912920199168	1.0
17526788145195063852	15761114048811431373	1.0
15660574897555960852	15542134260571104963	1.0
14916587222534997852	12309373241172938451	1.0
14554943855185796852	12875971315256786944	1.0
14089178201261385916	14397091857819548852	1.0
11998023336551698852	2341452945608827255	1.0
11243981842004580852	18354411300571840512	1.0
10888421134895989852	16917428634761886156	1.0
10398408815381127852	11869756666781411764	1.0
10279633429720951852	15839704061818502324	1.0
9791235440623687852	12446230558499930112	1.0
8241486759528479852	12160809463377011152	1.0
