9793928183268747174	13099741855862489088	1.0
8783630162049190174	14903470833710510270	1.0
7487274557410286174	15406712830862295040	1.0
6970828666973045174	700230441479544723	1.0
6805163880373849174	12011615653812240384	1.0
4913777272278422174	14250454410299417040	1.0
18368946462746895174	13679362628889591223	1.0
17643872917850382091	803390977200458174	1.0
15243195497572268174	13820957664764493824	1.0
13656054152728928174	17131876277372304823	1.0
13565310990144010174	18287613752981366737	1.0
13437301718142556174	12163563710946719693	1.0
12870188953116037174	17493286837513413067	1.0
11718031144019826174	13099741855862489088	1.0
1144358038272782428	18300299939617503174	1.0
1143329805874546759	18300299939617503174	1.0
10477747013777739174	18066685466791691990	1.0
10445140149051702174	13759279653766299648	1.0
9999352387294129174	193273528320	1.0
9930721403226928174	18354049516766821065	1.0
9634280374285223174	17564869451118018560	1.0
8815342148043920789	12600471092026857174	1.0
8508807001700101174	659269049851957775	1.0
6933480130058372174	14607414104202149888	1.0
2830446994655213174	12160809463377011152	1.0
17004885955387997174	12156557673807201218	1.0
16007685327513550174	12876054895099312571	1.0
13303425094685439174	12595416634073591217	1.0
12766786910615308892	18300299939617503174	1.0
11650421782067454174	14756545375993069568	1.0
9221324818715189174	11869713820991675577	1.0
8892344182214224174	13101729672738614487	1.0
17161104579974371174	13382087534113238727	1.0
15588452109560010174	14755153355617599488	1.0
15412474383966114174	17921129987524526080	1.0
15034712507251116174	16912642498424460220	1.0
12679242060795754174	6576896720593291471	1.0
1139162227312051697	18300299939617503174	1.0
10531180634314632174	18072065386097934336	1.0
10044600795366513174	16416736323945161935	1.0
9602779734915758174	13814777297019863040	1.0
8296339043669990174	12665767798950068224	1.0
7991182252553246174	865393529704698067	1.0
7484183078648471174	17277202050689531904	1.0
7266707007458750174	13241667907697508352	1.0
5755399643743870174	18280627421738696704	1.0
3791213462667605211	12600471092026857174	1.0
17723221966252187174	11725049921085112320	1.0
15739818064432514174	13096364078526422201	1.0
15221716545677326174	17202618946051292599	1.0
