9616181307833491301	12086441762294333440	1.0
9499044381935005272	13670586225461821440	1.0
9193589112460268036	15192243333621067440	1.0
8612193731459355812	12958818558209599440	1.0
8591406171597217188	13242460589911679440	1.0
8581806095493164619	17922553919507005440	1.0
8554657515722104955	17497594822855229440	1.0
8491359137521488515	15192243333621067440	1.0
8281865098246914440	14250454410299417040	1.0
8237583003828926440	11660053407900677579	1.0
8146786108345517247	15192243333621067440	1.0
7911237888209123923	15192243333621067440	1.0
7902562612503570854	15192243333621067440	1.0
7094609070159664410	13242460589911679440	1.0
7094229901972524581	13242460589911679440	1.0
6554369015131813935	13670586225461821440	1.0
632183870064397502	15254796723751485440	1.0
6066500355900159320	16051577560194133440	1.0
5733232618126410081	17127747672803901440	1.0
5554583778097308721	18354411270507069440	1.0
4502891789066962440	11726175845248456386	1.0
3959690656356356440	14606488375541104640	1.0
2271994561033845466	17857334304246333440	1.0
18236920233825116957	17922553919507005440	1.0
18079220557040349440	193273528320	1.0
17899975476804740257	14677992816446013440	1.0
17796349579111427228	17857334304246333440	1.0
17683329804816576440	15985231906795996098	1.0
17018797677493786440	14185447938330722304	1.0
16453490944824280992	15909989152918077440	1.0
16247022931147908860	15542100228780895440	1.0
16223874298260584395	18354411270507069440	1.0
14904724334178516440	808206099941518844	1.0
144688876977434485	17857334304246333440	1.0
14440560991339564589	15192243333621067440	1.0
14309237350357144940	18354411270507069440	1.0
13033636601793502523	14825780493617725440	1.0
12880205264478417244	15192243333621067440	1.0
12338885219829116154	15192243333621067440	1.0
12205612313237695440	12160809463377011152	1.0
12196058514953959440	12160809463377011152	1.0
11504491245078577440	15762571993985056768	1.0
10987724298657552440	14535847957363612351	1.0
10864841442623088654	18354411270507069440	1.0
10706737433259360172	15542100228780895440	1.0
10703749725268348486	15542100228780895440	1.0
10313496168081602798	17922553919507005440	1.0
10217491158212846440	14248727057302353862	1.0
9189321465371782579	15192243333621067440	1.0
8598171226605531695	17922553919507005440	1.0
