9358773771681435013	689626081092026030	1.0
9305801019188889013	17272674274691252224	1.0
8603638611693161013	13531325441352183754	1.0
8288536561150020013	12378925105256857600	1.0
7107522197383265044	2202145149223229013	1.0
6492768243921625013	12377240541284384214	1.0
5255781439103771013	17131874105583206400	1.0
18394855024676574013	12594290781411344384	1.0
17470997270927544013	16623842541766180864	1.0
16524571637062601013	2347972083103563360	1.0
13772096480065604013	17065450417715979978	1.0
13448419065982037013	14101576199226523648	1.0
12887071358955889013	15040538101187346432	1.0
10551025294643863013	18072065386097934336	1.0
99070549013	14250454410299417040	1.0
9192272444696416013	12660969671940374528	1.0
8231299621049889013	2157043224878439760	1.0
8186216157233281013	15833741182627741696	1.0
5172652829085026013	193273528320	1.0
17607403880709191013	17416211093881094144	1.0
16772890706812550013	18066750415608741888	1.0
16147915685267818013	803148970512311427	1.0
14542179348832048013	12525880220198109184	1.0
13061253542812275013	17641121823749832704	1.0
12998875081612632013	14612118987471897548	1.0
12655228824507020013	12810147986508087296	1.0
9820573846042306013	15687972337617194173	1.0
8770091341375671028	14614175060488611013	1.0
8215170647293425013	11949979157578770882	1.0
7345110423110429078	13814767430854894013	1.0
2007273502491591013	15839704061818502324	1.0
16487687021152879013	17706971510712827904	1.0
16205757511628809013	11872804436814331904	1.0
13921265681267680013	18067270493198614528	1.0
13807435664435478890	813430545085625013	1.0
13786563847875554013	16055527112256766672	1.0
13621638609031009013	2352958179739164944	1.0
12321120159647891908	11869747906158328013	1.0
12215202833613323013	12160809463377011152	1.0
11531159064424705013	14749512843787239424	1.0
10340377980832019013	14254071826274637495	1.0
10069077443280254013	13759279653766299648	1.0
7439527899994371013	11869711510605398016	1.0
487800419541793013	12014686576903716864	1.0
1877245171658208490	13025451127938808013	1.0
18054087496960200013	16127349397520501949	1.0
16852062840761803013	13531299103283013559	1.0
13455831490007474013	193273528320	1.0
11718603026057134013	15045044998976820433	1.0
11580518521728850013	14897830266520207360	1.0
