9262256156864508756	16263240252728920791	1.0
8735778444467446791	2240789911598089530	1.0
666830168770276791	865393529704698067	1.0
6074758336846906098	704385203686568791	1.0
3159451474393786791	746989939051078774	1.0
2818502699220168791	13099741855862489088	1.0
18059561036571558932	18143578695553560791	1.0
17955606880491274791	12810147986508087296	1.0
13882461149400423791	11725065301362999296	1.0
13474039616214707791	13679111937407844352	1.0
12871668875018340791	12160809463377011152	1.0
12735009838496926791	17633740698924875193	1.0
12289495370511328319	12742842503200292791	1.0
9857799563750775791	15185196435035369942	1.0
9541599442707585760	12742842503200292791	1.0
9196181553122442791	193273528320	1.0
8887720765354108791	193273528320	1.0
8138830679671141791	11872804436814331904	1.0
7908206660676020791	12377006633560047616	1.0
7723968050605917791	14397115974060867584	1.0
6107453044452987791	13093065531064320000	1.0
5910362866133562863	16263240252728920791	1.0
5540662025337610791	13099741855862489088	1.0
2273197816634016706	18143578695553560791	1.0
16829568155410717791	14108836248734924800	1.0
15708324191242042791	848053148975472286	1.0
15299103758808379378	6883304308754675791	1.0
14726576578611463495	18143578695553560791	1.0
14530702609072649791	16628646368197532358	1.0
12845923818864053791	12016928373738569728	1.0
91428907041849791	14903491754970841088	1.0
8857075752595366097	17636908463849059791	1.0
790807986428923791	17202618945950368723	1.0
7743600181216721791	14469446259867385856	1.0
7600205350843126791	12948365480111898624	1.0
7539462951627020791	12810147986508087296	1.0
692709565837400791	16917428634761886156	1.0
5406110973475204597	18143578695553560791	1.0
17908710716411000791	13099741855862489088	1.0
15934200652569624791	2299409059178901615	1.0
12661380031781624791	2238397413101328770	1.0
12397312023817792791	853498952056064746	1.0
11517218062876154563	18143578695553560791	1.0
1085060834919685791	2131967791391107431	1.0
10661414367156051791	193273528320	1.0
9571871571631016791	12016076320946583494	1.0
9545650069237406431	12742842503200292791	1.0
9490120648389111791	13759279653766299648	1.0
897027577161177339	17281659462238659791	1.0
8968517016996369791	809589409538013531	1.0
