9966670018307232380	14391751534138359808	1.0
8787082261393371150	18071186970796680380	1.0
7332327736510762380	16127353766981724085	1.0
6980779964829165380	13532750429896572928	1.0
6077142030849355380	17132439211610210355	1.0
6050170671094503380	14247095399226540032	1.0
16523791588289552402	12740586390329736380	1.0
16016278359001452380	12591434335376287161	1.0
15485634625817542380	193273528320	1.0
12199393423923356380	15264927568055238656	1.0
12158930449437547456	17063273452872391380	1.0
11907997114633782426	12740586390329736380	1.0
11757371257574695380	16192328272753778870	1.0
11728773506538984892	18071186970796680380	1.0
11720742828116788008	18071186970796680380	1.0
10628303580066607380	13387979855581208258	1.0
1029149904175561856	13886844845915624380	1.0
10145869013223548380	13314558961614061568	1.0
9645993454333039380	15624327201569163696	1.0
9607165788237190380	11874577974839788779	1.0
8540899974905531924	13886844845915624380	1.0
8212292566013040380	17347295921255219200	1.0
7806365279885325380	15111796405145757897	1.0
7089109228317614380	13093007345964265163	1.0
584246404400250380	18066750415608741888	1.0
560391343475904380	2186485336107941194	1.0
5177116614342844380	193273528320	1.0
5165026178307083380	13099741855862489088	1.0
501063809591976380	14823869430739501056	1.0
17805828529415862380	12158540042557502910	1.0
16824957357737150150	12740586390329736380	1.0
16069012867806695623	18071186970796680380	1.0
15789914347137546380	12958818558460738748	1.0
15439699541273143380	13099741855862489088	1.0
13878828402678651380	15833998580017790976	1.0
13429450599368436380	17058124453344504266	1.0
11975104212513046380	12742885375563792384	1.0
11700341853442863380	15616695491360774845	1.0
11011621342156075195	18071186970796680380	1.0
10161412902965139380	16767649883766128640	1.0
9112437916562880380	14967082997812835937	1.0
8481944874701883380	13675148166562562231	1.0
7604094769717169380	12660969671940374528	1.0
7349287115795816589	12740586390329736380	1.0
7343948261566190380	14535646733989314560	1.0
6827460073970900380	12446230558499930112	1.0
6553906326710361697	12740586390329736380	1.0
6252781858303960380	12160240023509260767	1.0
3212712152683581380	15406727201822921404	1.0
17486076310953318380	17777309520104521728	1.0
