8704798439217729329	17055890176036628681	1.0
17317923748118033265	13101715383784368329	1.0
13629626416848410329	17641121823749874121	1.0
11754841118898444329	13820087950274834890	1.0
11436808115285349396	14321375011686885329	1.0
10208041511481919329	16127369151554519040	1.0
9972822820836835329	13099741855862489088	1.0
9306570838062069329	14605643920546256599	1.0
8655688745468149154	664284829038755329	1.0
8484041381007660329	13099741855862489088	1.0
8097283338907473329	740616121957661967	1.0
6045899519309914329	13023193774737999209	1.0
2127039436297514329	12308823499455070208	1.0
17240201187337342382	664284829038755329	1.0
16518335352365598329	12526381747824294587	1.0
16314239426535127329	15769059103374891467	1.0
15927259512970653329	15111796404861510096	1.0
15866300054215618329	17636908463698463700	1.0
15067204077678055329	17487732147719550157	1.0
14769303669236972249	664284829038755329	1.0
13225257622703252329	16192328272753778870	1.0
12638431667791299329	13684429257244147712	1.0
11972435981210780329	193273528320	1.0
11840220815887321329	16844245256781168640	1.0
11671790253228662329	18357459059894038230	1.0
11567709774433246329	13099741855862489088	1.0
9106451410763178329	14967082997812835937	1.0
9037768795501214329	18079064988789506048	1.0
8101696366653577329	17995227154157183412	1.0
8092229372789865702	1231338527838290329	1.0
7089348209081547663	14321375011686885329	1.0
6797418078489358329	12011615653812240384	1.0
5938491994991006329	193273528320	1.0
5243260524117027014	664284829038755329	1.0
5242369378509462012	664284829038755329	1.0
4311006273027644329	12515980264746254336	1.0
17207226151116257329	193273528320	1.0
17112993241607662329	13820414420137070708	1.0
15834559379137783329	12377209862822559744	1.0
15735837780817211329	13096364078526422201	1.0
15067204077678055329	12807929184928193484	1.0
15048153688200294329	12668055889757994442	1.0
14386376020851932703	14321375011686885329	1.0
13999229035572776329	17632677479959232512	1.0
10397452665436562329	193273528320	1.0
9812272074976336329	6977865016006924793	1.0
8923073423468182329	16411108031296700416	1.0
6944079800438201329	15264848385967104456	1.0
6171128763885804329	14535847957363612351	1.0
5308132667975095615	664284829038755329	1.0
