9850200911700879810	17707022032413130752	1.0
9591964192416202094	17849407714468298752	1.0
9529018251173205261	17849407714468298752	1.0
9474792141881041158	13893545266356682752	1.0
9455208091677609774	13893545266356682752	1.0
9043693080142079752	16052773780120203711	1.0
8990688724535881780	13893545266356682752	1.0
8714683730359345453	12308840022105783752	1.0
8623813623989025722	13893545266356682752	1.0
8110809848959964840	17922911247901130752	1.0
7937395222654403162	13893545266356682752	1.0
7731732937868353240	13893545266356682752	1.0
7106338150382329288	16343769420906157752	1.0
6956985291449523375	14173627063050698752	1.0
6952113738577935752	12160809463377011152	1.0
6379274493678917525	13893545266356682752	1.0
5127119247532107752	18067270497020265669	1.0
5114291266919539814	13893545266356682752	1.0
5109492014607748858	13893545266356682752	1.0
5098671184684979388	17707022032413130752	1.0
3169412066395536752	746989939051078774	1.0
2221230645414468087	16343769420906157752	1.0
17969795104704567873	17707022032413130752	1.0
17587901873168214506	17707022032413130752	1.0
17403748087119952912	13893545266356682752	1.0
17234512172952687752	16697050306571196871	1.0
16829989623088144646	13893545266356682752	1.0
16779266959665743338	13893545266356682752	1.0
16458877749076264743	16343769420906157752	1.0
15870896228150775918	16343769420906157752	1.0
15685101157255882752	13167669563006706107	1.0
15018219024462686501	17849407714468298752	1.0
14159947520554633741	12742842503200300752	1.0
13770874773275055140	12742842503200300752	1.0
13763790558615928398	17921128836473290752	1.0
13640220577246553687	17707022032413130752	1.0
13476424704476262318	12742842503200300752	1.0
13305911932359602139	17707022032413130752	1.0
13086279933900853752	14250454410299417040	1.0
12919090188231099001	12595416634073546752	1.0
12890582205974056752	12160809463377011152	1.0
12804251610491489752	13328052151130314705	1.0
12370051810786986752	2192200375204661343	1.0
12212703617761670752	12160809463377011152	1.0
12202086913912986752	15111796404861510096	1.0
1214443136318794752	193273528320	1.0
118055315401284472	12595416634073546752	1.0
11615199505296750752	13028854039117299712	1.0
11568539477247528413	14616087150706349752	1.0
11556106283629107031	12595416634073546752	1.0
