5484003567063193892	12597590501633599679	1.0
5138429431653354892	15111796404861510096	1.0
4134548917455474892	11949979153673021890	1.0
18426293360310356892	11725101563771942854	1.0
13769808138757288892	15551430551310172160	1.0
12203397883823670892	12160809463377011152	1.0
12198913414155350892	15111796404861510096	1.0
11888691823399357892	14607414104202149888	1.0
11648826912203864892	12598180832075579392	1.0
10101340741628381892	17637681430391699312	1.0
9837105015444222892	17281335225070833600	1.0
9464589313606441892	15040028000147729613	1.0
8068122490210600892	17131968636937032636	1.0
7474363623722382892	14321937003242824625	1.0
5832655651989951892	11949979153673021890	1.0
5548123749390847892	12446230562589036471	1.0
2395548462418469892	11876267958571430858	1.0
17339429158068497892	12738941543319140538	1.0
16133350157792025892	14254101500203630592	1.0
15893275780186526892	16480048673078640640	1.0
15839971573855031892	15614777925529412822	1.0
15774076787259929892	13820414420121084863	1.0
15335898321140802892	2372585097719442214	1.0
15246770460659888892	751523818563324369	1.0
10594300809572714892	17201113745519016884	1.0
10495913920969511892	13099741855862489088	1.0
10103735405947630892	15474637505592022482	1.0
10048164438062633892	746309499521082218	1.0
9065180688936923892	14894190977521549312	1.0
6678147013361770892	17201203785213410228	1.0
5730153399844851892	668251699686494068	1.0
310150326944163892	18067270496701959124	1.0
16502102295637112892	12526381747824294587	1.0
16356687867342739892	17131945629249231556	1.0
15636552507770816892	12016118145338048512	1.0
12610103224173705892	14320306355192262845	1.0
11903053555004436892	11654467914346253760	1.0
11331858256118588892	8031420568096663566	1.0
10816569217403433892	12018640390652428288	1.0
9960642829976828892	13243673356777029632	1.0
8095972531279196421	14822169632131240892	1.0
6953065576401319892	12374149874717882578	1.0
6300173450408423892	13600835381049163776	1.0
564090059085411892	14681679551948390400	1.0
5375306496668171394	7865610418134208892	1.0
4706548734733098384	16916262027155005892	1.0
18094737631681874892	13093023745327497216	1.0
16839005951721917892	643441137432440335	1.0
16616434984143957892	16055527109040336816	1.0
16596976584909151892	15982901006402234550	1.0
