8747000889084058182	676295120867642521	1.0
7209612155137610724	13023830395015317182	1.0
6741904798412159182	11797418573834485760	1.0
6064328021481647182	13093085369518260224	1.0
1866405065242569182	14174485836776078275	1.0
18012872784073462182	12515991350056904882	1.0
17268993991195166182	14605643920546256599	1.0
166925182628791182	18298967181200719872	1.0
1459033524285880182	16552041197084276945	1.0
13925187467778586182	13099741855862489088	1.0
13090751892501899182	14250454410299417040	1.0
12302309543609387182	8028914762521821385	1.0
12255110143803463182	16697011827959136256	1.0
11909178469512585182	18290187626853032133	1.0
11904518441808218182	16767737943480655806	1.0
10443308082195965409	15542190268475304182	1.0
9420624081229431182	13313132753298966206	1.0
7998152959147488182	18142965185801879552	1.0
7121798955131712182	14110839558631319741	1.0
2850347854328870182	18298967181200780756	1.0
18006941399426547182	193273528320	1.0
16686065697732523182	193273528320	1.0
16608882523384132182	15764555528761308348	1.0
13050277297855678182	14679726810707589822	1.0
12080663845382473182	16192328272753778870	1.0
11848078428303285182	14254071829575613128	1.0
8241806794652465182	13093085373573684156	1.0
7553374685869595182	11868923195128068797	1.0
7493903454100897182	13604768321256816640	1.0
7444195624307143182	11725042245978554368	1.0
7122747146366449182	14110817478493908679	1.0
6734981955097982182	13604175748913954816	1.0
5472015424506009182	16767689496249499648	1.0
5184538498168493182	14101576202712636116	1.0
17524190773831328182	2320234436885416356	1.0
15974152070999552192	2250459192996865182	1.0
12444124334493953182	17706652721060249600	1.0
12427982265064793182	15111796404861510096	1.0
12394464950063083182	7727176586931911016	1.0
12210467108203743182	12160809463377011152	1.0
9605317549452998182	12018640390652428288	1.0
8761832874297743182	13093000638403500981	1.0
393756254191617816	17351166321098996182	1.0
3782792461406721832	17351166321098996182	1.0
2313690290054919604	2162469654462751182	1.0
1746699630783120636	13389419142071775182	1.0
15873273576204792182	12092725518491713536	1.0
14651441762245371182	15117979976953149885	1.0
13987303308582743182	767700834799254630	1.0
13974521275343496182	15046488765491096784	1.0
