9066054525143613323	17201203785447304378	1.0
8129409806238408323	12660969675274964694	1.0
6841585242481280323	13675722108091345361	1.0
5740001613506815323	14399950648181260288	1.0
5259920052365146323	11877039794259230720	1.0
16974846945074717323	17131945629249231556	1.0
16699209723165085323	12595411261069459456	1.0
16123875533014145285	17560932104273978323	1.0
15990276193618383323	17561756785239456204	1.0
14975039338944759323	14535600687644934144	1.0
14897920216527759323	16415537890630616766	1.0
13897702596870908323	13099741855862489088	1.0
13443782179463624323	17058124453344504266	1.0
12893289827325329323	18067270496130936023	1.0
12421559110993687323	11725049921085112320	1.0
12196791098958101323	12160809463377011152	1.0
11322089454626017323	16844245260015617203	1.0
10769324920023181323	836802473273504242	1.0
9541009946372790915	17560932104273978323	1.0
9315835924230176323	15040028000147729613	1.0
8581026621508639323	14607414104202149888	1.0
8236674703986512323	193273528320	1.0
8143898178300506323	16265802097897766912	1.0
7364337268383122323	15404838266616152064	1.0
7101199097533141323	16777233313013170176	1.0
7091818644135162323	12235682938003390464	1.0
6790841409894545323	12011615653812240384	1.0
6164111303538638323	14247617601764764596	1.0
496535297885349323	18002503811578650546	1.0
3801578275374014323	193273528320	1.0
2550665175574003432	17560932104273978323	1.0
18241102304294166323	17277483499896438784	1.0
17913721281657029323	2223778478338902525	1.0
17498345241560755990	17560932104273978323	1.0
17488990699738327323	16416736323945155528	1.0
15736924174545863426	17560932104273978323	1.0
15388966759268360323	12308819079933773772	1.0
14114165350300147323	12661533629815312314	1.0
13063062638141103865	6491551732274371323	1.0
13038296948172951323	16848777352320248009	1.0
12252009118076304323	193273528320	1.0
11728909853923956323	11869756663596580864	1.0
10239041364931308166	14110819737646714323	1.0
7767324352637138939	12092624393215386323	1.0
7419431007087670323	14177872376229789696	1.0
7383408718823156323	12160809463377011152	1.0
7104802222833419323	13093007345964265163	1.0
703979496571719256	17560932104273978323	1.0
5944728317422125323	14321937002706040774	1.0
516222980149463323	13600835383864720842	1.0
