9237726856232827285	13319064648595593148	1.0
9212821232797704285	12594224925600181967	1.0
8005960642857873285	806120339347395156	1.0
7910683291454323285	15762590711452579251	1.0
6832078485445690285	12373263659755896832	1.0
5599285157307283560	751667699856565285	1.0
5255403295627693142	7813868915401949285	1.0
4624550144427824358	751667699856565285	1.0
3002524922679385285	15551698883687020749	1.0
17619824922034233285	14321093553978081280	1.0
16840636887533659285	14751167514297819087	1.0
16574521954040816285	193273528320	1.0
16381331830660158285	15264890179488568252	1.0
15911616795269295285	11795386813785354928	1.0
1517169726180008285	193273528320	1.0
15058403069448531575	691548040146374285	1.0
15052173807800614999	691548040146374285	1.0
15044162237681811267	691548040146374285	1.0
15036428723882154459	691548040146374285	1.0
14347250489380987285	13319031701901410304	1.0
13874880747943934279	691548040146374285	1.0
1315190069818096494	751667699856565285	1.0
12902664922610337186	751667699856565285	1.0
12591417281429820424	751667699856565285	1.0
11917435399779835285	16550995485494607872	1.0
11700830119496699285	15477454472690574521	1.0
11532488996448914285	13313158042066354176	1.0
10621980031576140285	16552109409787683280	1.0
10608056885246071201	18068082985046958285	1.0
8742187213950582285	14101576199226523648	1.0
7619655224661347996	13814767430218403285	1.0
6319933060647920285	14101576199226523648	1.0
536101598942788285	12808494363847553211	1.0
5247832810138879160	7813868915401949285	1.0
2416720869914244285	15403404454997774035	1.0
15077667376599722731	691548040146374285	1.0
15066634653465713528	691548040146374285	1.0
15065117868670727090	691548040146374285	1.0
15047365643367716790	691548040146374285	1.0
13811806612156893285	12454412007342342144	1.0
13071901349759116285	15472034966992322560	1.0
13015031460172349528	751667699856565285	1.0
13003905050837392391	751667699856565285	1.0
12896733757382342560	751667699856565285	1.0
12207510057505133285	12160809463377011152	1.0
9548679380712155285	13820414420137070708	1.0
9137948062182188854	13814767430218403285	1.0
7723778177354511285	17277770625853796567	1.0
7722146482987733285	17203745852091269120	1.0
6951081928603269285	12160809463377011152	1.0
