9807396271969119591	709085461569940596	1.0
9713522976845076596	14607414104202149888	1.0
9203480383113038682	15981235221475408596	1.0
8245043683946084596	193273528320	1.0
7985217161083232144	14247617601764764596	1.0
7777056657912642090	709085461569940596	1.0
7754737083139775168	709085461569940596	1.0
7716472192919824887	709085461569940596	1.0
7625105697405255596	14250445554310110423	1.0
7108143934571154577	15981235221475408596	1.0
6158256056239066617	14247617601764764596	1.0
5643959872562416596	193273528320	1.0
4489418476629721596	11726175845248456386	1.0
2653247042230876130	18068626225358299596	1.0
18006908582561822596	781804343368023204	1.0
17281854216434130596	18298967181200771026	1.0
16593696458578425596	13100954509813743616	1.0
15045420523358047579	18068626225358299596	1.0
13431795870557700596	832638527672499697	1.0
12873076301488941596	12160809463377011152	1.0
12056317191034370246	18068626225358299596	1.0
10318362973932237596	17424058394267877376	1.0
9804673421788983853	709085461569940596	1.0
9754952583837461596	13244504548339334320	1.0
914521549730869596	18072006119844281025	1.0
8806120210431759714	15258142489932260596	1.0
8630415627647528596	16053261960468291267	1.0
8010460378071362596	17632714841879740416	1.0
7792454940839527996	14247617601764764596	1.0
7710773269500750278	709085461569940596	1.0
7703183778795079193	709085461569940596	1.0
7094544461624462379	15981235221475408596	1.0
6808085265967516302	15981235221475408596	1.0
6497819804488384596	13096364078526422201	1.0
6368635172510520596	648377966327449788	1.0
6322512514585481015	18068626225358299596	1.0
5186802495810751528	15981235221475408596	1.0
4809051804055614596	13096090287552331776	1.0
474678549613621596	14606488375541104640	1.0
3513600435979377556	18068626225358299596	1.0
18221962920470421596	17346120500375498964	1.0
16894520259811547287	18068626225358299596	1.0
15757244144655926596	782294051282525803	1.0
15279849411189097568	759560574608952596	1.0
14462593107153974406	15981235221475408596	1.0
13867405790661318596	13820087950006404275	1.0
13452302254873766596	15692751940469391360	1.0
13107417589727738596	11869756666781411764	1.0
12931185284451001596	13244440880317726720	1.0
12514856710389195088	730413104971579596	1.0
