986967568996654864	13746311841829617664	1.0
9406821570087390664	16123924380546878166	1.0
8985914468339217664	11651896049529782272	1.0
7249707753766240664	14462732701997792692	1.0
7117779514150517664	14042198061610958848	1.0
568134821932516331	16988383474471665664	1.0
567906677679928579	16988383474471665664	1.0
558776569248510803	16988383474471665664	1.0
5373631937057231664	16626118612440055808	1.0
474346391412429664	13241674474702503936	1.0
2644786164167747814	16988383474471665664	1.0
18334870726612599664	13101499927710705354	1.0
17954252591397444664	14108836248734924800	1.0
17604665203547688664	13099741855862489088	1.0
17318104470811725722	14176958548923121664	1.0
17041259830772116664	13099741855862489088	1.0
15814201372571418186	14176958548923121664	1.0
1124872819470072664	18300299939617439744	1.0
10553132261975521664	193273528320	1.0
10028523496681833664	17923109082684719104	1.0
9607320060849907664	15689918460349906944	1.0
848855573069752664	17202618942867165884	1.0
8155878410660417664	12735805671732150272	1.0
7663103646299654231	15119606159889137664	1.0
7420386353049182664	13093085373625653973	1.0
6844041066280337664	14038471842474229760	1.0
6176790833154168664	11797970639986667735	1.0
568045761490320470	16988383474471665664	1.0
564727538469066287	16988383474471665664	1.0
3412308445457006664	15474914475451335618	1.0
17974035185873014283	17138098518217457664	1.0
16716348749729471982	16988383474471665664	1.0
165328781924429134	11661198098289393664	1.0
16139152794850634664	12955417696152846336	1.0
13895260693211849664	13309800245224275968	1.0
13588114963769049664	13242460589911679440	1.0
13020841620491615664	15046488768994845637	1.0
12605094043615980664	16118571946135781376	1.0
12320347257307108343	14176958548923121664	1.0
11967246323651559664	12591434336012785868	1.0
11359119166366395664	11949979153673021890	1.0
1130220599316039664	18300299939617503174	1.0
10931180018118563664	12730220638007645180	1.0
10141851003263155664	12234863801840761018	1.0
9424973861530305664	18208313577066987520	1.0
8762681890507062664	13095823071867100092	1.0
7983809190970070664	15326771871597259445	1.0
6493333423788794664	12452682509911588864	1.0
6491306791867436215	17138098518217457664	1.0
572350143413190465	16988383474471665664	1.0
