9958828877572438733	16844207894860716730	1.0
8775521801851701730	15982969181377134592	1.0
8247078725464478730	12160809463377011152	1.0
7858708962682079901	12669129154924236730	1.0
6954989675791764721	16842314444146657730	1.0
5118612089971002730	13893545266356682752	1.0
4128919804443521990	16844207894860716730	1.0
18051424603508846376	16408215150954529730	1.0
17804275006963644730	15624312791631918290	1.0
17104994840943663524	16408215150954529730	1.0
16954189596124843730	15111796404861510096	1.0
16081798948786734388	16408215150954529730	1.0
15622354165059759749	16408215150954529730	1.0
14775659615166636766	16408215150954529730	1.0
14559523971059475086	16408215150954529730	1.0
14444718518183295592	16408215150954529730	1.0
13597140457202097439	16270365002433611730	1.0
13498112727942459730	12742890941841408000	1.0
13497871254905477730	14903463077474205696	1.0
11874247567812040484	16844207894860716730	1.0
10171421456802775730	17492214997968922811	1.0
9205552735337789730	13890161068350636032	1.0
8431510525423615730	12810147986508087296	1.0
7741336728966998730	12810147986508087296	1.0
7320647938199543730	16120906256566234320	1.0
7004754296452659730	17706986903875616768	1.0
6839675213943286730	15982922924090193587	1.0
6324880283127425730	13530442447615688704	1.0
4122662926139306312	16844207894860716730	1.0
18273483027708831730	17993808818517049344	1.0
17637605132242744730	193273528320	1.0
16851816670513192857	16408215150954529730	1.0
14478397489229494730	14535827194904764338	1.0
13220172384401987574	16408215150954529730	1.0
12391377925075308730	193273528320	1.0
10718721599326297730	798719621074115149	1.0
10450171478218386730	741671859729978649	1.0
10343272543657255730	13099741855862489088	1.0
9415481132374189730	14607414104202202546	1.0
7583040896498293730	749256569583974029	1.0
5537926440501151730	13099741855862489088	1.0
4486457582445857343	16844207894860716730	1.0
4120476006162651889	16844207894860716730	1.0
3892167623964926621	16408215150954529730	1.0
1944237843299590730	16696502650996260864	1.0
18058544753293575730	13455311761527864249	1.0
17622502103440356730	859758691108761830	1.0
17016840812290013216	16408215150954529730	1.0
16686303076280930730	193273528320	1.0
16661805501380159636	16408215150954529730	1.0
