9178598920262053566	12738422487931480242	1.0
8030562069961969566	16337300001862508227	1.0
8001656513186784566	16989806272293370804	1.0
7845234007810268566	17564867423893454848	1.0
773456389882521769	8031420568096663566	1.0
764121716586914055	8031420568096663566	1.0
6958312836828876566	12160809463377011152	1.0
6932531260762884566	16844203526878981845	1.0
561052364853664907	8031420568096663566	1.0
541861759422353984	8031420568096663566	1.0
17234322575059913872	14608826967093786566	1.0
16679416998036207042	8031420568096663566	1.0
16435926748257298993	14608826967093786566	1.0
1591571840120905566	12308840020949311952	1.0
15881810377051549041	8031420568096663566	1.0
15860553170700912820	8031420568096663566	1.0
15169160520875939780	8031420568096663566	1.0
14373339223249472566	193273528320	1.0
13365838874265369566	16415516969844926642	1.0
12671626040054181068	8031420568096663566	1.0
12655928935219139639	8031420568096663566	1.0
12076738813792162609	8031420568096663566	1.0
12024920315890543566	193273528320	1.0
11741900300310660566	12814956163741253632	1.0
11741474562282826566	16844207894860720333	1.0
11550957988067346228	8031420568096663566	1.0
11538275881692673279	8031420568096663566	1.0
11529031875743723378	8031420568096663566	1.0
11499471634180453084	8031420568096663566	1.0
10949684597705152566	13099741855862489088	1.0
9400194865088324566	16123915576941740032	1.0
9152341239589356566	15481044283665940480	1.0
8292518702941091619	8031420568096663566	1.0
7721610349735398566	14181833872566180840	1.0
6043727519618314566	14607414104202149888	1.0
15559138091706149703	8031420568096663566	1.0
15207706238620090566	11947437095637994685	1.0
15175956168376135340	8031420568096663566	1.0
13804026164177137566	12742930562914713600	1.0
13071806250471846651	15117686498486437566	1.0
13065368678703711566	12665707407414982598	1.0
12880257856141428566	15111796404861510096	1.0
12867825441219955566	17493286837513413067	1.0
12454165932255388828	14608826967093786566	1.0
11518977902712777931	8031420568096663566	1.0
11373244041380760307	8031420568096663566	1.0
11368958445586306127	8031420568096663566	1.0
11362681904889122807	8031420568096663566	1.0
11327275998372045324	8031420568096663566	1.0
10989034942399585566	15762571993985056768	1.0
