9839828625799672315	16118645763738697728	1.0
8727922980157732870	721816822586230315	1.0
6817654495994968315	13099741855862489088	1.0
17421102275091659315	15264092016527540224	1.0
14958038357277787549	11944913690718960315	1.0
14830143245143425540	11944913690718960315	1.0
14084871130362726315	11725049921085169848	1.0
14025224521430902315	18216160813029261312	1.0
12212248360245743521	16127353766981723315	1.0
12210437743476923315	13314512773535760384	1.0
10334137701926694532	16127353766981723315	1.0
10044583478856821315	13099741855862489088	1.0
9430178013884350315	15331049937086838741	1.0
8445007996550821315	17203725000025047040	1.0
8379951513875284315	13817548154986734513	1.0
8003843946604302315	14542086710207174346	1.0
7720758209059255315	15046488768439045076	1.0
7649733454418331315	11802204790899923165	1.0
6691266419974551315	12955667279635005623	1.0
6052805134863662315	14684216129245279923	1.0
4565982982839078315	12160809463377011152	1.0
16796362755685635331	16127353766981723315	1.0
16633939904374957315	823306638888047682	1.0
16252249178868165315	12738941543319076864	1.0
1548137310009895763	18066750418692591315	1.0
13857419542422826315	15048483159324802514	1.0
10650354334583129315	16633167589686495944	1.0
6813623710820053902	14535588558657349315	1.0
3265111937592541315	16912611716192595663	1.0
2154529628300634315	13099741855862489088	1.0
2055135566834942315	16416665942316023808	1.0
17540319582734629276	18066750418692591315	1.0
17536028729932269279	18066750418692591315	1.0
15368027473861857315	858668817323704138	1.0
13023989748754416315	15980455719270924732	1.0
12080269412456532315	722428997197361974	1.0
11392582782238773315	11873447903493288884	1.0
9174938835573880315	12160809463377011152	1.0
7987912704979574315	13031121249273698767	1.0
7240735262736209315	12591434334990888140	1.0
70477511750893315	13741022107323310544	1.0
669485946422040315	15542977656239741887	1.0
6315782940562686315	13103219615436111872	1.0
6069327114412751315	15831204583539108967	1.0
6055469170502704315	15046799935871647744	1.0
5742071647161315315	12660969671940374528	1.0
18412056522158394315	13099741855862489088	1.0
17921289434523192315	193273528320	1.0
15779044491705130315	16845926349930496000	1.0
15370121630190210515	11944913690718960315	1.0
