9997750617942435321	14177872376229789696	1.0
9873204677555757681	881718588797774696	1.0
9747443481788579948	15624327201569163696	1.0
9435232374320687110	881718588797774696	1.0
9320292473584433696	12733291127294132224	1.0
9200145294076506847	14177872376229789696	1.0
9199138863051045436	14177872376229789696	1.0
9191092392051979063	14177872376229789696	1.0
9181154773939660426	14177872376229789696	1.0
8515554982359923817	15833741182627741696	1.0
8504349004124524837	14177872376229789696	1.0
8492587330606802431	14177872376229789696	1.0
8186341321110473972	15833741182627741696	1.0
8175010205120292729	15833741182627741696	1.0
8137921806838222234	14177872376229789696	1.0
7661242062463837696	13165629978231689921	1.0
7659944727781364223	15545503243038621696	1.0
7528183845949684253	14177872376229789696	1.0
7515531100779774696	13093013845427879936	1.0
7491887073300201696	11795463749534482432	1.0
7102523384929922573	14177872376229789696	1.0
702978838988253444	15833741182627741696	1.0
6955482251534229761	12160841380523933696	1.0
6594194137534222857	15833741182627741696	1.0
6528622876430961676	15545503243038621696	1.0
6466971278250024696	12665767798950068224	1.0
6124680889758016696	12308892789690055602	1.0
4738632853582338986	14682502042480541696	1.0
289308157897890696	13820089011923845120	1.0
2599277808854232696	12163577978156465340	1.0
18295530890295863238	13675102967689117696	1.0
17275938841736170187	14903463077474205696	1.0
15786223932634005696	12730220633712677884	1.0
15779524427814948696	12307962551785750528	1.0
14185056978039538718	881718588797774696	1.0
13434039613092069090	15624327201569163696	1.0
12918266881447363696	14038499261545447424	1.0
12832511229492999946	12092722146942443696	1.0
12807768505983233696	13894122540026036224	1.0
12414885407265813564	881718588797774696	1.0
12402534563028301159	881718588797774696	1.0
12192152048876509696	15111796404861510096	1.0
11974392106950589499	14177872376229789696	1.0
11904065960817448660	18000003501387677696	1.0
1182708694028990919	15833741182627741696	1.0
11572177403179052696	17057314057440248252	1.0
11433641034609101336	14177872376229789696	1.0
11386172248540394696	193273528320	1.0
11235162594739440759	17203980168327069696	1.0
10798932240110467509	13675102967689117696	1.0
