9031271806999788827	13530442447615688704	1.0
7541030788712694827	14903470829890219216	1.0
6305532053314911827	14248780962342431170	1.0
6260865565674088827	12160809463377011152	1.0
4199187694088436827	16844207894860725681	1.0
16577372709665494315	2350192349335296827	1.0
16131520136428383827	13455311761527864249	1.0
14100545765574706426	12302656427650629827	1.0
13349189304976229663	12302656427650629827	1.0
11738122275287020827	193273528320	1.0
11361244877547268827	16633109341729193984	1.0
10960878740195235827	13308612815392915391	1.0
9022797857922795827	18079064988789506048	1.0
8116753305637806827	13093013845427879936	1.0
7261802541496518827	12308823499455070208	1.0
7145244523843868827	14181535968951717824	1.0
6945746557061048827	6480202744439955226	1.0
6936011098362872827	13892131204209108925	1.0
6797110666269657827	12011615653812240384	1.0
4487792742952226827	14317767577320467158	1.0
18128983685538690827	193273528320	1.0
15931137397862585827	816624064559948629	1.0
14953688486024605827	808206099941518844	1.0
14075986590830145827	11804119143567640269	1.0
13791957362564763827	12742883210900275200	1.0
12643709687087402827	14684216129078741710	1.0
8303452800684757827	14325640171997888512	1.0
8247533957599790827	193273528320	1.0
6483923244822477827	2074628059395862114	1.0
6391132159331043827	17058206852292082864	1.0
2460139715697118760	12155678099689765827	1.0
17942708148658698827	14108836248734924800	1.0
15224271867070435827	13099741855862489088	1.0
12200834415554297827	15111796404861510096	1.0
11246565034454733827	16122577509945502389	1.0
10397412309883205827	16848720264811309514	1.0
9035536954436631827	13099741855862489088	1.0
8876326013671091827	12595362800953522118	1.0
6813996111720411827	15839707210029465600	1.0
6419910177350053827	13632455664737832168	1.0
4272163167769066827	15692747515408539845	1.0
2928337157441389827	12160809463377011152	1.0
14664345971570719827	13241114814694031360	1.0
14594932192845471827	193273528320	1.0
12661249039706140827	711911159176408140	1.0
12210781323594924827	2157043224878439760	1.0
12040175430014709282	14320217354879951827	1.0
12038449985882701827	16118571946135781376	1.0
11646672113834776827	17063229421407698944	1.0
11177235921999502827	15264005103569338368	1.0
