9491768123618503461	193273528320	1.0
8538930277945562461	16342664470384995017	1.0
82139652970506461	17712054479953592320	1.0
7251233760545052461	17632677479959232512	1.0
7107917891105586496	12092660703103798461	1.0
7107650112737388125	12092660703103798461	1.0
7100616794591379256	12092660703103798461	1.0
7099468165666219768	12092660703103798461	1.0
7088721994268445527	12092660703103798461	1.0
7087502648739124025	12092660703103798461	1.0
6844990262483066461	15833998580017790976	1.0
6788793682082463461	193273528320	1.0
4677637862907141038	12307962553487876461	1.0
17994002531746753461	15333570082747364812	1.0
17624851425325944461	12446230558499930112	1.0
15973236718266421461	782294051282525803	1.0
15913030205211696461	12158540042557502910	1.0
12303399387471649461	12595412296156641466	1.0
12195966735769246461	2157043224878439760	1.0
12147355910074672461	13093056807985741824	1.0
11825183730344272461	2235677165514039531	1.0
9252321949369860461	17203745855458700982	1.0
9186016915964404461	11876267958571429818	1.0
7767670677887730924	13101715383935680461	1.0
7386564614614943461	14119547635178143744	1.0
7110759119352883879	12092660703103798461	1.0
7105882007786614033	12092660703103798461	1.0
7102308801302213955	12092660703103798461	1.0
7102242920657722219	12092660703103798461	1.0
7098301742678410951	12092660703103798461	1.0
7096964242605628327	12092660703103798461	1.0
6823062710367273461	12814956163741253632	1.0
18015552638053696461	193273528320	1.0
15859435185763065461	746989939051078774	1.0
15771484293420586461	13820414420121084863	1.0
15283621745275712461	762376436451137959	1.0
12219606820031297461	12160809463377011152	1.0
8832668838796424461	12594290781411344384	1.0
7656216524330029461	17637219536723771392	1.0
7112514893428919721	12092660703103798461	1.0
7106634305692223458	12092660703103798461	1.0
7101566295975588598	12092660703103798461	1.0
7088503384725387442	12092660703103798461	1.0
7087462404983560461	17492223678488772608	1.0
7086619427318026383	12092660703103798461	1.0
7019800150663934461	760200189053029927	1.0
6072628445294958461	13093085369518260224	1.0
4705509945261757461	12373263659755896832	1.0
1996094797754247461	12591434336012785868	1.0
1792521490077184461	17058206852292082864	1.0
