8527515789241734136	12595367210673633985	1.0
8498006098726907220	12018643667712475136	1.0
8301243666917349177	14750656258570715136	1.0
8207150062322437136	15618449130802642944	1.0
7916263423886696272	17057936312302043136	1.0
7911887900236123419	17057936312302043136	1.0
7659469804233632136	13894122540026036224	1.0
7630346865420611411	15626826365729243136	1.0
7425310571446531136	17854706243822682112	1.0
6686750894667540964	7409653270608499136	1.0
6616527684587964136	11725049921085112320	1.0
6568744369986830200	12518825895328219136	1.0
6534091813360594305	17057936312302043136	1.0
605850261615788372	7409653270608499136	1.0
4232838776027051236	12452719906191835136	1.0
17965125928357942310	15907457918237147136	1.0
1728383639593618807	14750656258570715136	1.0
16824867160092614649	7409653270608499136	1.0
16313298033035950295	12089009190664667136	1.0
16302433474483536227	17057936312302043136	1.0
16298414514602186821	15907457918237147136	1.0
15787082706802538524	13101732951161307136	1.0
15785183185156385265	17057936312302043136	1.0
14372884425792961136	13461776838070107060	1.0
14267138074706295136	15839681856837560008	1.0
13370004997299826435	14254954755586523136	1.0
12914713766845016917	13101732951161307136	1.0
12768934692340952457	13101732951161307136	1.0
12510366154654653202	14750656258570715136	1.0
12452997235518215136	17134408458120723145	1.0
12204377780713927136	15111796404861510096	1.0
11399758966670270447	17057936312302043136	1.0
11390444997128984136	14903470829890174976	1.0
10690422102438534136	16628402203601730736	1.0
10673624907434352088	13101732951161307136	1.0
10053377555413533136	17997504195493625856	1.0
9600929398564399136	14101576199226523648	1.0
9497414489469040158	13678263054301659136	1.0
9401801096901638337	14895836890593755136	1.0
8862735821215669463	13743267384326619136	1.0
8530299602166174267	14895836890593755136	1.0
8527515789241734136	659884801844177047	1.0
844267991906199777	12089009190664667136	1.0
8276589873362784453	12158578534054363136	1.0
7905172431182908756	17057936312302043136	1.0
764331684956623136	18288758245801639883	1.0
7631093625989768235	14750656258570715136	1.0
7590006820532715490	15907457918237147136	1.0
7376678961256059719	13101732951161307136	1.0
7109358469736998136	15839704061818502324	1.0
