8194026764234450574	2393442004252628257	1.0
7731975960541112574	15257864295892112316	1.0
6955554046042087574	12160809463377011152	1.0
6953671471819825574	12160809463377011152	1.0
6600792813610224574	13814742194252152832	1.0
15132262905005171574	14110839554625808575	1.0
13741769086043484574	16916874523851153328	1.0
12879248702095052574	7134900102513267049	1.0
12313908924985101574	14757401770997119675	1.0
10536563678053534574	14322529627833106432	1.0
8921181103133945574	13457254620048971448	1.0
8825755712777851574	17636875441123938512	1.0
8131097584730983375	634796441788641574	1.0
7879160460962767830	794755967138158574	1.0
7841969733870778574	16628390091793891328	1.0
7597037368607097574	17641121823749878211	1.0
7468995060551966574	193273528320	1.0
6944601200860896574	16842314445271248336	1.0
16398198426030064574	15043380467594219987	1.0
13790381578854528077	14968267304232015574	1.0
13425887155351960574	840493666729087540	1.0
1327926182174403574	14250471930715963392	1.0
11440880727479246574	17134768015892601783	1.0
1058015424490158574	15692747515408539845	1.0
10145005258243284079	16123915580410683574	1.0
9212099268505921574	12587812561979766989	1.0
8083017609799290574	13096090287552331776	1.0
7491121619826815574	11795463749534482432	1.0
6820204746908123574	15474625412092395520	1.0
5680952711042421574	193273528320	1.0
17682247095062727574	16912642495005902275	1.0
15751254777957999574	16843117041886996667	1.0
15679727986465999574	650867393997934038	1.0
15419744121894346574	2141737962072381198	1.0
9794039779950248574	17632714841879740416	1.0
8728914694715190574	13101733099988499922	1.0
8720973749765575449	13165611346919749574	1.0
8404475609459794574	13093022740305149952	1.0
7902479240399421034	16123915580410683574	1.0
7657382423300127133	16123915580410683574	1.0
7557242886516998574	15623255061767913472	1.0
6948243174239573574	12160809463377011152	1.0
67969770577055574	16480048676027936212	1.0
6573917914856185074	634796441788641574	1.0
6325375780901604574	18137377497774292992	1.0
6325375780901604574	17203745852091269120	1.0
1865626507953978574	193273528320	1.0
16560401514492504574	15626826365729243136	1.0
15229778372686472574	13678744561840267728	1.0
14912441673183331574	13382143630006006494	1.0
