9442660146701717957	15331049937086838741	1.0
8897915396038539126	2210009753851330957	1.0
8694178054170746957	12308819079933773772	1.0
8116223138335214972	17134404093511584957	1.0
6953041078050635957	12160809463377011152	1.0
6814453520035522957	12373263659755896832	1.0
430349861984593075	13242469434494347957	1.0
3142134796629687957	13101729672738614487	1.0
17473678042222135957	7431901424634149830	1.0
16463983410252995957	13820368244927627264	1.0
14433438891268981957	17058220100802310836	1.0
13323235221464413957	17926218557402688720	1.0
11515551496871234957	14110839554625808575	1.0
10597215206989674979	2210009753851330957	1.0
10062167772970324957	17561756785239456204	1.0
9115521995611919957	11660329406794039296	1.0
8275017558841207957	13099741855862489088	1.0
7723852460113646957	15547536227153542586	1.0
732551397774293957	14321121015998971904	1.0
6918659688753573957	14325640171997888512	1.0
6652347248245471957	13452787251889296316	1.0
5746844826935935957	13959689625836563395	1.0
573983197662786511	13242469434494347957	1.0
4917997944107933957	15264935238866829312	1.0
11082013716863170957	16480269446071439059	1.0
1034580388316348957	14181833872566180840	1.0
10340103003805967957	193273528320	1.0
8512346353708929957	13093022740305149952	1.0
8078434001999722957	13099741855862489088	1.0
7235441182231832957	721978854502262408	1.0
6766204618865986957	17857021809517505236	1.0
6200661441507848957	17633744040326646200	1.0
2945001559243109957	12515980264746254336	1.0
17317033405777584957	15548881956371475153	1.0
16975433268157113957	17923109086673561031	1.0
15253904389330542330	17134404093511584957	1.0
14957340647090522957	808206099941518844	1.0
13888494393086151957	15832348157229924352	1.0
12901382866333626957	15472897976246001584	1.0
12709400437155038660	13242469434494347957	1.0
12176384798624568957	15264848384574146995	1.0
11721176705056561957	193273528320	1.0
11226543536110186957	193273528320	1.0
9789120508471046957	16842253933849083904	1.0
9593096639442632957	18288800116260582835	1.0
9009289047548805957	5836753475233819614	1.0
8665807644005916957	193273528320	1.0
859660177664520957	18208242172678942935	1.0
7478317196966065957	11795463749534482432	1.0
6249559803030089957	12160809463377011152	1.0
