8821613673453030824	16767682985079078912	1.0
8620361100359623651	14181535968951717824	1.0
7887760081192173379	12158498231050829824	1.0
7728830529132346702	17131057284407885824	1.0
7538292850400927016	15693882307142221824	1.0
5591351923857260824	193273528320	1.0
4956461126624692984	13093056807985741824	1.0
4718954241008053360	16415576399307341824	1.0
2790555682377664306	14399950648181317824	1.0
18047199497249455812	17418171553178189824	1.0
17576720245442999463	13820957664764493824	1.0
17302480411456400824	18210272905694406581	1.0
17291380301273015824	15264848384574146995	1.0
16831055429635688800	15693882307142221824	1.0
16822103721542277264	12018676644471373824	1.0
16039753356302683339	16339593596002893824	1.0
15290888091306926824	15264897855471484928	1.0
13006651680147870824	14320313020508784569	1.0
12983356440578591855	12011564963329648824	1.0
12936790561272491464	13820957664764493824	1.0
12207815047350121824	12160809463377011152	1.0
11894055197807281539	11798793109398093824	1.0
11236721292764890066	15548312443707981824	1.0
10524071715765707530	14181535968951717824	1.0
9847396339220521795	15693882307142221824	1.0
9792475308171824630	15693882307142221824	1.0
9596664212609813173	14616089255240269824	1.0
8993775557862842824	12526381747824294587	1.0
8728595800399262292	15693882307142221824	1.0
8293528292402303357	15404187299897933824	1.0
7093060434527872824	15839704061818502324	1.0
6833439925583342884	14757670167798349824	1.0
6055552544338760573	16339593596002893824	1.0
2876973528077078824	12378923924140903092	1.0
2005230783916290599	15693882307142221824	1.0
18128675039555097824	193273528320	1.0
17350430388889763144	13093056807985741824	1.0
16831048214037781646	15693882307142221824	1.0
16484393042459288824	16921123066845635017	1.0
15419292777465906459	15548312443707981824	1.0
15118405730352830806	15693882307142221824	1.0
15050335475915296894	14181535968951717824	1.0
14544764805407720824	18208313577066987520	1.0
13888950935211936824	13099741855862489088	1.0
13094340685587987824	17779304015772492240	1.0
12634049599189775124	15693882307142221824	1.0
12263018694799515824	14250454410299417040	1.0
12178938282277551824	15545503246374075082	1.0
11826732478392971293	13820957664764493824	1.0
11500629756825373227	16842847798977101824	1.0
