9601890101202510785	13678744562996397497	1.0
9087052831673105785	15048485356868579259	1.0
8616957902975733785	17203745852091269120	1.0
7978602143555959785	13031121249273698767	1.0
7874580410081746891	13165635596305102785	1.0
7411901464719441785	17641121823749832704	1.0
6985418376364674785	12158540042557502910	1.0
2814404836247922785	16633167589684726472	1.0
17456365329013914785	15623235283443515392	1.0
16472615666560575601	13741605836377155785	1.0
15677078404368385785	18068983544120789936	1.0
14879186347806948785	12237086894092976128	1.0
13741842133811629785	14110839554625808575	1.0
13429804796846705785	17058124453344504266	1.0
1339859292068811969	16767114430193380785	1.0
13070109825571734785	12092722150779497918	1.0
12414811631067156785	14036255251606058421	1.0
12372770518266850785	193273528320	1.0
11462936064373153243	14755098345676516785	1.0
11228659620565273785	13173813660713281714	1.0
9734715976162782785	14607414104202149888	1.0
9455708736192876785	11876267958571422385	1.0
9452071605579098785	16848720268732656576	1.0
9046173278600013785	16339619958512156672	1.0
8135010313931971785	12665709507653976786	1.0
7699495509638787785	16122555424262908105	1.0
7665879050207548785	11725036787075121152	1.0
6936590231831715785	17706968152048402432	1.0
16607672032731832921	16767114430193380785	1.0
15991007255993479785	16992339555963109376	1.0
12980533228819284785	17203725000025047040	1.0
12428679903723263520	16482248520661785785	1.0
12199138504776392785	12160809463377011152	1.0
12029002803429190896	16915992774224771785	1.0
9285215221681349436	15046488768507470785	1.0
8816517753726603785	798719621074115149	1.0
8413078738868108785	13600835381049163776	1.0
8281013573680866785	11798793109398093824	1.0
7089440542085437331	16767114430193380785	1.0
6970561874021413785	16912700872045356234	1.0
2578377606343407785	17997504195493625856	1.0
17555225218416252467	13165635596305102785	1.0
16504209027023191785	16842303433347212502	1.0
14127968704564016364	14616087153688889785	1.0
13844470339087579785	11725049921085112320	1.0
13254051511974494815	14536979349123491785	1.0
13220673243331845495	12595390335988857785	1.0
12380785653983118085	16767114430193380785	1.0
12193731029205397785	15111796404861510096	1.0
11698475116814208785	12234265594009152700	1.0
