9957597376499192466	14101576199226523648	1.0
8911115680125277466	16055527113095699388	1.0
873269524213790909	18066750419078731466	1.0
8371242276792393643	13820087951011403466	1.0
8181199911791550466	15695020275533862870	1.0
7655576366069154466	17209914370021130240	1.0
3236144571497282817	15264857139181569466	1.0
17139011903611395466	17867461927324614656	1.0
16062807711523803183	13820087951011403466	1.0
15977386257680236466	14538704561636563148	1.0
13368638099591928881	13101802301206624466	1.0
133160831212131466	13093085372450857935	1.0
12093679108527391466	15326531035601090545	1.0
10394074965725159466	12446230558499930112	1.0
10178089509267306466	11947437095637994685	1.0
8980012025177464466	11725119237562350290	1.0
8478967409715579466	13099741855862489088	1.0
7910668727693627466	14968515664506120635	1.0
7562187533340091466	193273528320	1.0
4002311634338277108	13101802301206624466	1.0
2652749914035295940	18066750419078731466	1.0
18183610356496202466	13820957664764493824	1.0
17794659278652169385	12595412296156641466	1.0
17022109505971724990	17641151497678923466	1.0
15864342589414813466	2307839617235293072	1.0
15788372241605773466	18208330111982950587	1.0
15751169952957200466	6414913112020176492	1.0
15509335428939185466	8025002745000661146	1.0
15379331757187611466	16842314445271248336	1.0
14695000381280196466	855107254628873984	1.0
14638957433772300466	193273528320	1.0
14612140196261068207	14542076781067820466	1.0
13461403345871693946	13101802301206624466	1.0
13358939951701972474	13101802301206624466	1.0
13301039083485324466	15982901006402234550	1.0
13097013883790396466	17706979267423816902	1.0
1186043366492897466	14109426574809890816	1.0
11230390244667603466	13820414420121084863	1.0
1119544795179001532	15264857139181569466	1.0
10472569811294605466	17929055228646378685	1.0
10282006290832892466	12011615653812240384	1.0
10181447238028525473	13101802301206624466	1.0
10179322985756549727	13101802301206624466	1.0
989849625252275466	15545561431255547904	1.0
8491368994382555466	14177829435146824908	1.0
7107225791535768466	12092660703103798461	1.0
6824076807960740606	15981235221475403466	1.0
6811031655229010466	12373263663779199673	1.0
6808333588022260547	15981235221475403466	1.0
6778223620621897466	11873945815783309312	1.0
