9949401430209615484	18290141418544431104	1.0
9509507141787669104	12660969674806261427	1.0
8584496177621040498	17923109082684719104	1.0
712268418899971618	16337358301748527104	1.0
7109567570790877104	14037337069164998065	1.0
6787708617736532889	12237051808505135104	1.0
6064589925343969302	16337358301748527104	1.0
5993909309482656970	16845909810011439104	1.0
5609039746404925710	12807105637834031104	1.0
4717069330029502104	12373263659755896832	1.0
305463757366634742	17923109082684719104	1.0
17797080941407413223	16624467201809711104	1.0
1677514097801315567	16772997908323631104	1.0
15652332497998701104	17279412069061423571	1.0
15278504585103130104	814475425162052512	1.0
15081334271707213872	12237051808505135104	1.0
14212860640988798848	16845909810011439104	1.0
13493770614949710104	12730220638007645180	1.0
13113943981599053104	14037707621763435952	1.0
12971846719790909104	16992339555963109376	1.0
12710614562108275364	16411027728293167104	1.0
12611916414856187594	16772997908323631104	1.0
12452443941499374695	16772997908323631104	1.0
11886901080565122120	18138748653198639104	1.0
11874814305970789104	11949979153673021890	1.0
1173571448162083023	18360048453737775104	1.0
11373271851070809104	16633109341729193984	1.0
11194079733387190104	193273528320	1.0
11087086235732792104	13313969503086038205	1.0
9770513511687456139	12742849168989487104	1.0
9622367874316887104	12879718463769199564	1.0
8585334817314098290	17923109082684719104	1.0
8142008620875381574	18290141418544431104	1.0
7944298269106521104	12306927876984339131	1.0
7601684136685811903	12018091691400495104	1.0
7566902615404740633	15551414183189807104	1.0
7352705578595060610	18290141418544431104	1.0
6898155022014826104	17203745855458700982	1.0
6305999774647959736	18290141418544431104	1.0
5931899623102976104	14321082588926574592	1.0
5744131686572713886	16624467201809711104	1.0
1998719812946948104	12591434336012785868	1.0
18034496592747783253	12237051808505135104	1.0
17910893182467264104	193273528320	1.0
17799742434943962352	17923109082684719104	1.0
16779951783629407104	13308674326876120519	1.0
16174382041003045104	15046488768507470785	1.0
15287666551445096779	12237051808505135104	1.0
14907440965390245104	13382143630006006494	1.0
14201776567292547764	16845909810011439104	1.0
