8327374182850410832	13453625132165675958	1.0
7956132562605998282	865175508796553958	1.0
7003811746017136762	17281340711240778958	1.0
6281043540521788428	17281340711240778958	1.0
5890303240570884958	12591777315010117632	1.0
485405335216023958	16628385762466856960	1.0
18418958187544395333	865175508796553958	1.0
16353238477450754915	11660049055854293958	1.0
14423855289797431233	739593992303490958	1.0
14418629792016861889	739593992303490958	1.0
14411492836210668732	739593992303490958	1.0
14407254244728477242	739593992303490958	1.0
14042924073181302958	17279964144157646012	1.0
12881008822607476958	13099741855862489088	1.0
1139357428765458958	855027698982218124	1.0
10936857492520831229	2323974734788622958	1.0
10607122673971685412	17281340711240778958	1.0
10586779597173691676	2323974734788622958	1.0
10465167921254849958	18298870514371847859	1.0
10058564144946235958	15551433987284008960	1.0
10023030002989566172	2232215532558527958	1.0
8283550894334956958	14250454410299417040	1.0
7951813865462987898	865175508796553958	1.0
7936601241545567760	865175508796553958	1.0
7935940851247443613	2323974734788622958	1.0
7736312722987729958	11802204790899923165	1.0
6799120431771073958	12011615653812240384	1.0
6710841709970658958	15331062040203611859	1.0
596412818067555958	13675148166562562231	1.0
5939276570262784958	18208242172678942935	1.0
18415882389619852884	865175508796553958	1.0
18192319575380775958	11725119237562350290	1.0
16556574785350426958	16122555424264595894	1.0
16415958424925788871	865175508796553958	1.0
15934445736355733958	16768010596594533582	1.0
15931449129012064958	15111796404861510096	1.0
14414934707006818464	739593992303490958	1.0
14408632705813292420	739593992303490958	1.0
14408265030873108869	739593992303490958	1.0
14374017636024005194	739593992303490958	1.0
14356916609400981603	739593992303490958	1.0
12624545950063650958	193273528320	1.0
12360363522711730958	803148970512311427	1.0
11888469541764249958	14901810601691971584	1.0
11867969562570810958	11725077309466272945	1.0
11734224120060285958	13530442447615688704	1.0
10942139404566966967	2323974734788622958	1.0
10732007552485097958	743597959358962585	1.0
10227150097401564265	739593992303490958	1.0
10067408101161762958	629047366194268965	1.0
