8143078255406614106	12730220638007645180	1.0
7638533959633365367	14323131008846780106	1.0
6958339611649583106	15111796404861510096	1.0
6823552713320619106	16417852409851732160	1.0
6590320265913034165	738678782689987106	1.0
5167794593847809977	18065300192652017106	1.0
4576985421176822106	15406469996377778129	1.0
18067490556836813106	193273528320	1.0
17348515137584127106	13101729672738614487	1.0
15438271460662630179	13742963874889137106	1.0
14139304153839920106	12092624392007318986	1.0
13840901969130384038	15041150657254706106	1.0
13839432385974649127	15041150657254706106	1.0
12876057296557871106	12160809463377011152	1.0
1256674043023711106	821393419135757630	1.0
12190062976790782106	12160809463377011152	1.0
11514382445438711106	15764523627124414144	1.0
10919335327159318202	738678782689987106	1.0
10339934709838212106	17347239846162202624	1.0
10141860740770705106	13242469437695306681	1.0
8405319408402200813	7080159174850837106	1.0
5414766553269852106	11872814298059243520	1.0
18391957121194064883	15041150657254706106	1.0
18130779338136660106	17343821554705824714	1.0
18038169148417183106	17633744039235531208	1.0
17165938054916808236	14538414359375292106	1.0
14059935672557584106	16912697535011749888	1.0
13831417762199769938	15041150657254706106	1.0
13828996598889557415	15041150657254706106	1.0
12220677752999684106	12160809463377011152	1.0
10799059507583028633	15041150657254706106	1.0
9955985129073331106	17203745854822808512	1.0
9494030799510833106	14831964142717370368	1.0
8637528407933926106	12669164180499969487	1.0
7122408187675746106	17203745855458700982	1.0
5718436227559164577	14538414359375292106	1.0
18014289861342588106	12515991350056904882	1.0
17424208439563686106	15982922924021637847	1.0
16804112328854264106	14250454410299417040	1.0
15683238327721856106	3257407512241296206	1.0
14331105541170872648	2267955536803186106	1.0
13876234697898698231	15041150657254706106	1.0
13850011770981307151	15041150657254706106	1.0
13845352895244615689	15041150657254706106	1.0
13834581559692240470	15041150657254706106	1.0
13832073032507829656	15041150657254706106	1.0
13426017395868998106	11869754459168365525	1.0
12879597620970509106	15111796404861510096	1.0
11203108765129465106	12308819079933773772	1.0
10919216116040557978	738678782689987106	1.0
