9918689305549277955	16416739901652903110	1.0
9490619465998571955	15551433987284008960	1.0
8998100219768560955	11725119237562302464	1.0
8880466661904980955	13169032970780582332	1.0
6509847981004735497	13023751330206901955	1.0
6502166053903132558	13023751330206901955	1.0
610114361272047955	15188650014030232251	1.0
4702900722591976955	12373263659755896832	1.0
468544036606172955	16842314445271248336	1.0
3148230051117348955	12594224925600181967	1.0
18167067886887839955	12519658229925412864	1.0
15065226594464851955	193273528320	1.0
14729547079842405955	12022065343603146752	1.0
13435822166235314183	18067270496282463955	1.0
13434938107387550143	18067270496282463955	1.0
12816853933263207955	12733000821864702667	1.0
12766710542916307777	17420956659096270955	1.0
12756287490782606345	17420956659096270955	1.0
12210397838956061955	15111796404861510096	1.0
10465013019015799955	18298967181200771026	1.0
10343502268358068540	18067270496282463955	1.0
10268006360838989955	14178955352233540532	1.0
10212817609517107955	16846461872222808247	1.0
10084660686340872955	15111796404861510096	1.0
9210656498849174955	15119634794436100096	1.0
6500543187583597970	13023751330206901955	1.0
6009475040758488955	193273528320	1.0
4439872189387756313	15481044287066581955	1.0
15635093646776389955	14758834408878243840	1.0
13311925767077288637	18067270496282463955	1.0
12762932732947107992	17420956659096270955	1.0
12598727468784881955	17209308491869585408	1.0
11207080382030531799	18067270496282463955	1.0
9404157908772241955	16123924377329780690	1.0
9150334489153355063	15481044287066581955	1.0
9076662926573650955	14465484856911462400	1.0
8666711920044600955	193273528320	1.0
7815279819363470955	14900940801218696124	1.0
6549143039564115955	193273528320	1.0
3267236778841679955	12160809463377011152	1.0
14350764753338310955	17209914370021130240	1.0
14308927282420108955	823306638888047682	1.0
13423395319672941955	15264909056746235078	1.0
12772388361165224933	17420956659096270955	1.0
12766734805546631760	17420956659096270955	1.0
11210474754868612614	18067270496282463955	1.0
10537640364374845955	13099741855862489088	1.0
10153351077336729955	12742890941841408000	1.0
10056113372263825955	14254723750770549462	1.0
10048298404380240955	768606020388869946	1.0
