9599131606787999930	13098389434713432507	1.0
8749058225048305117	18083553160894392507	1.0
653924089372117507	12518856642999091200	1.0
6152136458004308750	17713143039414808507	1.0
6127168519796310507	17281335222272524288	1.0
6074697996836696507	728557206836883113	1.0
5897443359185481507	7016511407593162624	1.0
1642993358680812507	13099741855862489088	1.0
15601690603476260869	18083553160894392507	1.0
13689318976035225507	12740100338380439552	1.0
13237260553424495507	11733803171808542720	1.0
12375996459513947507	193273528320	1.0
12370869948876807271	16767114430193400507	1.0
11743513026089080934	13098389434713432507	1.0
11524713227802736507	17711773013566816256	1.0
10391276193240893145	13098389434713432507	1.0
9301403392248335507	16055527113095699388	1.0
9051795680652382507	13893545266356682752	1.0
8936295003820705507	2235943023520121890	1.0
7619347130566051507	14607414104202149888	1.0
7025415365834376968	13098389434713432507	1.0
6826662459900922341	13098389434713432507	1.0
671122028487514507	803148970512311427	1.0
262796767963362507	15472034966992322560	1.0
17156471459637697507	17856691936052700867	1.0
13790017600704660507	13099741855862489088	1.0
10354366397055148110	13098389434713432507	1.0
9475895940025878507	193273528320	1.0
7753068562101033507	12740586389759776183	1.0
6977011780947630507	12158540042557502910	1.0
6943713310872007507	12378925105256857600	1.0
6673003267036116507	17711787332987781120	1.0
2558863155701575507	14823869430739501056	1.0
15675372373632511507	15045865290858542515	1.0
13923086043174905507	2327338712608357317	1.0
13818221891624023507	15041150657254706106	1.0
12319214144991113507	15119634794436100096	1.0
11627273756113726356	14678020441675704507	1.0
10397452588153968087	13098389434713432507	1.0
10354188392136381157	13098389434713432507	1.0
10303281209334627507	15264935238866829312	1.0
9768379825416898507	13386860604283682816	1.0
9042576302677115185	13098389434713432507	1.0
8937059143362026174	17565660120237527507	1.0
8838729279649976507	11725036787075121152	1.0
8530179568652352507	13093013845427879936	1.0
7566030595747484507	657690954726159763	1.0
7108550754321219507	13093007345964265163	1.0
6825642516712098498	13098389434713432507	1.0
6316978917696365546	13098389434713432507	1.0
