995980613891561034	15543596543847219401	1.0
9039172884773652401	13099741855862489088	1.0
8248714214383057401	13471105179343911621	1.0
70748279388803540	15543596543847219401	1.0
6951952909410072401	12160809463377011152	1.0
18086894278068741647	2151154734856804401	1.0
18084283032471920044	2151154734856804401	1.0
18064176920291894744	2151154734856804401	1.0
18062955543224420589	2151154734856804401	1.0
18032345478994818543	2151154734856804401	1.0
18027964479090523408	2151154734856804401	1.0
18027034034600152361	2151154734856804401	1.0
18025550132062806240	2151154734856804401	1.0
18022973409229732688	2151154734856804401	1.0
18019251304755918652	2151154734856804401	1.0
18017111912745682583	2151154734856804401	1.0
18013081919143990490	2151154734856804401	1.0
18012103014524876375	2151154734856804401	1.0
16928575909713535401	16055527113095699388	1.0
16747068119425815177	2151154734856804401	1.0
15692471766140424434	2151154734856804401	1.0
14702904899200524460	2151154734856804401	1.0
14561523935136163367	2151154734856804401	1.0
1434514406420995401	777548837671959363	1.0
13017289534876410401	11725038956033652418	1.0
12983854461916647401	14607414104202149888	1.0
12545298975155689661	2151154734856804401	1.0
12208470188829208401	2157043224878439760	1.0
11665434457467123401	17276086110790532804	1.0
8992213368223225303	2151154734856804401	1.0
8114458727905190401	11726230796573343744	1.0
7976449673372866401	13099741855862489088	1.0
7502564446556487401	193273528320	1.0
7406907176930533401	13818924693534539776	1.0
7153928629231831401	2067476366822530877	1.0
6967505941282372025	2151154734856804401	1.0
6963436141944630321	2151154734856804401	1.0
6207658901092737612	809973147956673401	1.0
6204422067751681747	809973147956673401	1.0
5335764546249687401	18208331268037279744	1.0
18087422692222362634	2151154734856804401	1.0
18039273394432983007	2151154734856804401	1.0
18036805072465135551	2151154734856804401	1.0
18034497906038077537	2151154734856804401	1.0
18026725733263040116	2151154734856804401	1.0
18021039896686448648	2151154734856804401	1.0
18019658355929756167	2151154734856804401	1.0
18015913599747769608	2151154734856804401	1.0
18015287797109230830	2151154734856804401	1.0
18012345723043549129	2151154734856804401	1.0
