9341095881594655434	712227427146303991	1.0
8094918757410669434	740616121957661967	1.0
6823005895151585434	15189130628248814547	1.0
18419240877930756563	17929299414753524434	1.0
17987854101334415434	15333570082747364812	1.0
17252032212354511434	18071163872105718990	1.0
16823384082960717227	12231409014566282434	1.0
15029809295975591434	16697012936060742098	1.0
13296172951563260434	14181544779426299904	1.0
12724441258059064513	17929299414753524434	1.0
1145029247172083434	18300299939617439744	1.0
10740015153274564434	13670579654161858560	1.0
10269789845914289434	12594290781411344384	1.0
9598534872631834434	13102368597731180544	1.0
7112614355536306434	14325640171997888512	1.0
6814039353413318434	16054733218695348224	1.0
6705599234003126434	15548338728907833344	1.0
4598687015175725403	14538374708237215434	1.0
16472823288420502434	17926203151354953728	1.0
13801531506010055434	16842314441348349952	1.0
12209977374520367434	12160809463377011152	1.0
12195672298594974434	12160809463377011152	1.0
11906176400704087434	12740586390329736380	1.0
11459090087598111434	17994396984223465472	1.0
1140953932673093434	12598180832075579392	1.0
9859563501706010434	13892710861585252352	1.0
9228456523443725434	12308841022921637888	1.0
8533766614174476434	17923109082684719104	1.0
8236012449977993434	193273528320	1.0
6319744060647409484	14538374708237215434	1.0
5928433348895068434	12157395498197581824	1.0
244294252505433434	16122503778241871872	1.0
18063445761839360434	13674809509028750002	1.0
16681756385953114434	15048676746385744831	1.0
14403425071420467434	13020935463748291001	1.0
13886180552394005434	14101576199226523648	1.0
13822232897307274434	14828870035392481975	1.0
13807815253802427434	14250454410299417040	1.0
13231938212389827434	14607414104202149888	1.0
12431218346764645434	15111796404861510096	1.0
11929112620302563434	11798558861881769984	1.0
11681816994505094434	15119634794436100096	1.0
11044234095149828434	193273528320	1.0
10722218383889577434	18290141421677304243	1.0
9997072682723437434	193273528320	1.0
9923826892725502434	728172137084104770	1.0
9578964218811190880	14971309678591722434	1.0
9212973903091108203	14968223277263157434	1.0
9211736491319808434	15474625412092395520	1.0
8646703544592192434	13099741855862489088	1.0
