9601687475117781201	14250471930715963392	1.0
8930877229536943201	14465484856911462400	1.0
8329945051387861201	18216160816498651351	1.0
7844805068188689201	12160809463377011152	1.0
6829106635601986201	13245032434753339392	1.0
6820989429387428201	846726210525889506	1.0
5961479906689592201	15617336501971964088	1.0
5270637070221340201	16767689496249499648	1.0
4490765880952889201	11947160043553929158	1.0
3793041448024809201	17849407714468298752	1.0
2425373820349017201	17851113103036501715	1.0
17377401638020346654	2150068734897244201	1.0
15740427129335531087	13096364078526422201	1.0
15103029638854393201	13098348730435477968	1.0
14042598469642343201	193273528320	1.0
13877976103935786201	193273528320	1.0
1224860738471766714	14320518608181045201	1.0
1124605005399419201	18067270496549063881	1.0
9615754503162937201	17058124453344504266	1.0
8665300812328086201	12666585912910544896	1.0
7706571322597955201	709085461569940596	1.0
3334059469055099201	12163283348604634814	1.0
18055601214652535201	13455311761527864249	1.0
16932680970937685201	14538980560618972367	1.0
15625679412584786201	17424049512275509248	1.0
15362005201740293201	17779304015772492240	1.0
14516664165327781201	13817597540050184383	1.0
13256423117920218929	13096364078526422201	1.0
13133081153862928201	12016928373738622674	1.0
12551993677967658201	12590898792334681035	1.0
8195911856959715201	13814725589368560340	1.0
7967601246090959201	13099741855862489088	1.0
6556844186453665201	193273528320	1.0
6369704073544526201	14607414104202149888	1.0
6285373340020853699	13096364078526422201	1.0
5882526351620710201	12741778223189196800	1.0
18329056308112378941	18067270496515957201	1.0
17400181123377366201	13675680254204696009	1.0
16848472368231851201	14535847957363612351	1.0
15870894374749688274	13096364078526422201	1.0
14541224635645753201	17058214493038902448	1.0
13512918972024832175	14320518608181045201	1.0
13039607563469945201	193273528320	1.0
12645524600232612201	17127707020938444800	1.0
9480300260130196201	193273528320	1.0
8970010360064232688	13096364078526422201	1.0
8800461226497482201	16411076102509821952	1.0
6302391855718476201	17923109082684719104	1.0
18320816738735253201	15189739642938195968	1.0
15925974042082864201	15111796404861510096	1.0
