8311209026201908196	7942233399065591278	1.0
7771672573282415278	193273528320	1.0
7476462295091947278	14321936999655724495	1.0
7096537902551904278	15477436837554879163	1.0
7048119408999613278	18282034783737407666	1.0
6826056094957056278	17993516309769399504	1.0
6818785982452288278	12733266847844007936	1.0
6780347812852943196	791718115888170278	1.0
6780158954632821251	791718115888170278	1.0
1851365487666217278	14751167514297819087	1.0
18190028515287922278	11725109215838589389	1.0
12407867801641386278	193273528320	1.0
1145987097466834278	18137395158679814144	1.0
10324639307792159278	2372834605232544798	1.0
10290800815162208000	12738941546267395278	1.0
10132937892679284801	14903739161274020278	1.0
10054643789141592278	17780970811244804807	1.0
9028617963239512359	759683942490649278	1.0
8867685917175462278	13743267387796614335	1.0
8460860685922404278	16623820550958138575	1.0
7663701965678513278	11725036787075121152	1.0
6892213857316716278	14321989698904391680	1.0
618143025051786278	12308819079933773772	1.0
5824289343463315278	18067224206336065536	1.0
552692932693108278	18067248528735862784	1.0
5329669406481054278	11876267958571429818	1.0
17804754427459450278	16916914149219368960	1.0
16963955676210716278	12741501175078822352	1.0
1596121696994463278	15264916633068503040	1.0
15921557548679323278	15111796404861510096	1.0
13436044100072684278	17058124453344504266	1.0
13118080525645149278	13093085373625653973	1.0
12383395559739239278	15831812738016915143	1.0
11083572892114895278	193273528320	1.0
10380599033546536278	15042498599139203535	1.0
9491380555705621678	14903739161274020278	1.0
9489592131253773122	14903739161274020278	1.0
8562046424212027278	14903470829890225613	1.0
8365315717242092278	12670536389469711568	1.0
7847724453188580278	16628390091793891328	1.0
7397888932203745278	12958818557167648183	1.0
7217947026376297278	13892710861585252352	1.0
6698667982226097278	18066750415608741888	1.0
6147954986510485643	16768019414162403278	1.0
16210879822816047373	18071199043341240278	1.0
14471654858727259278	14535827194904764338	1.0
13178280342488200278	18070631678194411187	1.0
12987525693834651278	14615803455231492096	1.0
12200087005364234278	12160809463377011152	1.0
11734060780193887278	13892710861585252352	1.0
