9842129385235835721	15477443374495039488	1.0
978518277499054721	11725037830752174080	1.0
9731365431735228721	193273528320	1.0
8005166683039942721	14755387491464773632	1.0
7904404536476039721	15619798264903300020	1.0
7575853379921849721	14969919810819850240	1.0
7424348073951104943	12669129155427617721	1.0
5064092156389992721	11877039796972790705	1.0
4576662141040396721	14535847957363612351	1.0
17433729592455900721	16698962383061688755	1.0
16942099274087150721	13525139554574574014	1.0
16086537950180100721	13601933887654592512	1.0
15904567955400418699	13600774907838572721	1.0
14718055129232961721	13893545269440532179	1.0
13419108811985058721	17058124453344504266	1.0
11208747515993235721	12308819079933773772	1.0
11088128714281202721	13820138477062252230	1.0
10228494017290215721	12742845831799898112	1.0
9870264587738924721	15331062037119762432	1.0
8716483220755086721	13959707149859158226	1.0
8318394920051533721	15047015361596743877	1.0
8127294023628653721	12660969671940374528	1.0
7115035183762887721	15839704061818502324	1.0
7039856416029680721	193273528320	1.0
6550745687540480721	16411108031296700416	1.0
4842338716589460127	14534430776582848721	1.0
2183715885255053721	11725036787075121152	1.0
17358438935381689721	15111796404692838850	1.0
16266649152970905721	13958594461610080955	1.0
15989239232194377537	17418225385337579721	1.0
14343401434731478721	13389729151633043147	1.0
14076597116525013721	2140017853547435667	1.0
11413579496550315721	15623235283443515392	1.0
9961776645962073721	13099741855862489088	1.0
9851329136907933721	12446230558499930112	1.0
9789815296806726721	193273528320	1.0
8745458027934737770	2187213501536092721	1.0
8304388677260705721	14250454410719385290	1.0
8018376593266878721	15477438967858657979	1.0
7835057759943136721	17926218557402688720	1.0
7106199997974533721	15839704061818502324	1.0
6896260911207364721	13632455664737832168	1.0
1981627685248009721	18298967181200719872	1.0
18051320270157273721	15477696318004002816	1.0
17897143892659433721	16842314441348401584	1.0
169626731646820721	13099741855862489088	1.0
16326982808205801414	15985227611979105721	1.0
16261518230208739721	13456167142919503872	1.0
14352430047585306721	15693897635591079351	1.0
13923914881856993721	15111796404861510096	1.0
