90156733498660351	13390847442035933184	1.0
871914158450014351	13319069111066614194	1.0
7588024442891679351	15047849870691978177	1.0
6926855194358534351	671790511552242747	1.0
6327906685014437534	15693897635591079351	1.0
315070385696537467	15693897635591079351	1.0
17973726519801219351	14247038133182321610	1.0
17939593498523419147	14535847957363612351	1.0
17780526730739265199	14535847957363612351	1.0
17710046921018444169	15693897635591079351	1.0
17707550226363228483	15693897635591079351	1.0
16969209718907102655	14535847957363612351	1.0
16845458645465251550	14535847957363612351	1.0
16837131137671166513	14535847957363612351	1.0
16836808581264417252	14535847957363612351	1.0
16833701829557062990	14535847957363612351	1.0
16829644099095234040	14535847957363612351	1.0
16824049435950636260	14535847957363612351	1.0
16741692438048951829	15543596543847228351	1.0
15908964296470085351	13099741855862489088	1.0
14823792762831858351	12810147986508087296	1.0
14106896419473215351	13814783833822130633	1.0
13947651456699831351	16337270250624049075	1.0
13918924765328865351	15111796404861510096	1.0
12980581579472441351	12381197778611601408	1.0
12219243834345756351	17993808818517049344	1.0
11737324480860871351	13678744562996397497	1.0
11711462155897473869	14535847957363612351	1.0
11121596822187201351	193273528320	1.0
10991562075357949081	14535847957363612351	1.0
10982830514120383634	14535847957363612351	1.0
10951125587463090016	14535847957363612351	1.0
10859524912837718467	18216160816498651351	1.0
10354172810796877443	15693897635591079351	1.0
10314854140473733672	15543596543847228351	1.0
10282375242669388986	15693897635591079351	1.0
9022942975720838328	14535847957363612351	1.0
8938244206474531840	15543596543847228351	1.0
8215944883946588351	13456090138450853888	1.0
8035699463963256351	13024610018727064421	1.0
7801219362039219456	14535847957363612351	1.0
7713480922536793351	193273528320	1.0
7136546425438351351	14254723750770549462	1.0
6176353411272922083	14535847957363612351	1.0
3784691193369032351	841026346179473116	1.0
17921077565385562351	16055527112726849713	1.0
17776850934535263931	14535847957363612351	1.0
17710652167838758716	15693897635591079351	1.0
17692219052874075140	15693897635591079351	1.0
16841623175223785908	14535847957363612351	1.0
