9593613347961071167	12092716623614500821	1.0
8540586042874249821	13675701144964300800	1.0
7685838940260608821	193273528320	1.0
7557609294349756821	17867461927324614656	1.0
7497224377461626821	13461251387765555200	1.0
7416214634875673821	11873447903493288884	1.0
6988353552757156951	12092716623614500821	1.0
654635459582536389	16408215151624111821	1.0
636158165857689821	6208808087197087484	1.0
6056326875401383596	13093085373204837821	1.0
2596833439907881821	12163577978156465340	1.0
17334868319380507821	12738941543319076864	1.0
17024351460258685708	16408215151624111821	1.0
16055610757995708204	13093085373204837821	1.0
16040411048863560691	13093085373204837821	1.0
14870064304494069779	16408215151624111821	1.0
13432271516889095821	2429825548942746927	1.0
12452141805824731821	17706652721060249600	1.0
12361570001105737821	13893545266356682752	1.0
11753853713677903821	16339593596002893824	1.0
11214778130178064821	12661531513792277712	1.0
10916979057121814592	13093085373204837821	1.0
10870853766918415190	13093085373204837821	1.0
10413463006738049256	16408215151624111821	1.0
10345182787088072821	18137377497774292992	1.0
10300750373208930732	2295939573147389821	1.0
9033025777193665821	16842314445271248336	1.0
8226455791223664821	12160809463377011152	1.0
7097993205049160821	14463213167104273841	1.0
6814388489970270097	12092716623614500821	1.0
6396794237448013821	13532750429896572928	1.0
6061383297421878821	13093013845427879936	1.0
2097422890381489821	193273528320	1.0
17139623709743753821	12667468799272812544	1.0
17006496245948555864	16408215151624111821	1.0
16728923108527350458	16408215151624111821	1.0
16047194228259887460	13093085373204837821	1.0
15300403436774587354	13093085373204837821	1.0
15247515292742819417	16408215151624111821	1.0
14145862609287782336	16408215151624111821	1.0
13493911045958132518	16408215151624111821	1.0
13488867921139362382	16408215151624111821	1.0
11480350493609145821	17994396984223465472	1.0
10859732855203851416	13093085373204837821	1.0
10834412615380827821	13172726346792566784	1.0
10256800876933093821	14178955352233540532	1.0
10251606057395240821	14321121015998971904	1.0
9996553529558169845	12092716623614500821	1.0
9751844324279455821	13245032434753339392	1.0
9556030674538085821	12231442078705434551	1.0
