8854999612623319623	16340365413299769043	1.0
8012435318985820043	14831380276273273806	1.0
6940749508522723043	12160809463377011152	1.0
6679254033236210043	17926250386813680848	1.0
15233988347017418043	16842314445271248336	1.0
14587923973503669043	15982922924021637847	1.0
14094052926004270043	12955396839791656960	1.0
13022974772339171193	16122577484175685043	1.0
11652908757297158806	16122577484175685043	1.0
11640615998065982223	16122577484175685043	1.0
9989101683740024133	14753174153083289043	1.0
9787543546526039043	12516040690641141760	1.0
9375271121016211043	17280014627203186688	1.0
8272275686042590043	14250454410299417040	1.0
7597541782526291517	16340365413299769043	1.0
7434652386598154043	14972979750719367619	1.0
6057330304288726043	11941574485543746502	1.0
4099873472191428043	16122579567234777088	1.0
1969407540691878043	13099741855862489088	1.0
18036810837683178043	193273528320	1.0
17339758688631209043	18284596594290458624	1.0
16592447746120669043	18290775856848488114	1.0
16299236365536369043	15472034966992322560	1.0
15770566526225444365	14616352111025978043	1.0
15386918697393804374	16122577484175685043	1.0
14892892359892124043	13099741855862489088	1.0
14539665028291860043	13102368597731180544	1.0
11792582187200002177	16122577484175685043	1.0
11518190593567015043	15258120452912971776	1.0
10606121403199556230	14616352111277754043	1.0
10535060910234238043	193273528320	1.0
9989071996925958846	14753174153083289043	1.0
9129175332429864043	13165611346919686144	1.0
8975997000159145043	18138721164029502933	1.0
8245962849878993043	193273528320	1.0
16171473638861320043	193273528320	1.0
1584879570367517043	14318554901888630784	1.0
15741813390266448043	12375304370516918272	1.0
15282893374704210043	13093013845427879936	1.0
13880688690648200043	17632677479959232512	1.0
12268804599432457043	1605794236522880328	1.0
11856040377025386043	11944926876268559035	1.0
11644428146702156586	16122577484175685043	1.0
10976732253622820043	17201113741513522100	1.0
9802848250048557043	18137395162350281427	1.0
9732952369040553043	746989939051078774	1.0
8771573665870557043	15982969181377134592	1.0
7112013636236042463	16122577484175685043	1.0
7107742458662307537	16122577484175685043	1.0
6834979788964032043	13675722108091345361	1.0
