9964142874494813912	12160809463377011152	1.0
9959365017477177940	13096952377682996912	1.0
9891637521500487125	16265802097897766912	1.0
9747717703607865396	14039105079567508912	1.0
9502114976039724247	14039105079567508912	1.0
8914551478944700912	8028914762521772032	1.0
8821613673453030824	16767682985079078912	1.0
8507518544053435486	16265802097897766912	1.0
8498177093139474344	16265802097897766912	1.0
8151740507728781116	16265802097897766912	1.0
8143661950104201912	12011606823359479808	1.0
7925528437750472408	16265802097897766912	1.0
7908469324628760912	193273528320	1.0
7723397729036984912	17347296990702120904	1.0
6936749279016798912	12160809463377011152	1.0
6812002227551469912	12373263659755896832	1.0
5753539032643303522	13169032966975782912	1.0
5745280781021974187	13169032966975782912	1.0
5738975313810964357	13169032966975782912	1.0
5175358817331837854	13237958065271078912	1.0
1989251725392370912	17867461927324614656	1.0
18381846833686142962	15695020271612198912	1.0
18131531857380246	13096952377682996912	1.0
17950454762216698912	14535847957363612351	1.0
16165536795264942668	16918855778503806912	1.0
15792747554197721616	13169032966975782912	1.0
15725038130708505912	14607414104202149888	1.0
15033831214761354290	13169032966975782912	1.0
1486784137684855790	16265802097897766912	1.0
1484720977213458212	16265802097897766912	1.0
14291444788680819176	16767682985079078912	1.0
13861190873610781649	16265802097897766912	1.0
1350152409439258535	13169032966975782912	1.0
12456053555741650912	17858693157639994561	1.0
12345357307635072912	13101809908385363137	1.0
12333943950133401173	16265802097897766912	1.0
11955493726712794858	16265802097897766912	1.0
11949249776583876117	16265802097897766912	1.0
11933249966710115393	16265802097897766912	1.0
11881568021562640912	14101576199226523648	1.0
11199101256718565699	14039105079567508912	1.0
11188440858119607912	801783994532009132	1.0
11106200970377208075	13237958065271078912	1.0
10862860392829495912	738678782689987106	1.0
10827474474535760205	15695020271612198912	1.0
10741619600963104912	11725029008889348096	1.0
10532104520389192207	12810201871167782912	1.0
10496248500918200439	14327593952620838912	1.0
10394799792984813148	13237958065271078912	1.0
10385857722580990323	17058785130983718912	1.0
