9778957209838621498	748587662645519041	1.0
8753827297162125784	15624312791261836498	1.0
8369001523048775498	193273528320	1.0
8192782403774019018	12161953968830466498	1.0
7023039492302783498	792225841531040932	1.0
5732519627280906007	12161953968830466498	1.0
3807962752905361705	13242469437979884498	1.0
18020257413539931498	13455311761527864249	1.0
17502667579414415498	13099741855862489088	1.0
17211078229887663498	821437631248941211	1.0
16977855649478695498	15119634794436100096	1.0
16677769341286986498	16916829426694488064	1.0
14905957013779448333	13026283488305804498	1.0
14900218466817610498	15547467005165627570	1.0
14571565181038555498	15626826365729243136	1.0
14486152426552780810	12161953968830466498	1.0
12715905603915417498	12667186284914016256	1.0
11326400254732223498	14607414104202149888	1.0
10648300385195125498	13101802301760123083	1.0
8804357781483715498	12660969671940418002	1.0
8130516737725114498	15119634794436100096	1.0
7102735672977604498	12884486079331223246	1.0
5716506064952746287	12161953968830466498	1.0
5499105337922624498	12597590501633599679	1.0
22703174083752024	15624312791261836498	1.0
18425319763516912498	13099741855862489088	1.0
17812130059824105495	15624312791261836498	1.0
17790314026758689127	15624312791261836498	1.0
17539049072603920260	15624312791261836498	1.0
17000095494837873498	193273528320	1.0
16297259393304761498	193273528320	1.0
16270891341538937531	12161953968830466498	1.0
15453739105054769498	12011564964537168070	1.0
15335479483548723498	13099741855862489088	1.0
13706902687591243383	2485123313256985498	1.0
13140952139562861364	15624312791261836498	1.0
12444240277190671498	17706652721060249600	1.0
12213586615902260498	15111796404861510096	1.0
11256457970716472498	805705355275996897	1.0
10339779704479277498	14101576199226523648	1.0
9806029903966686498	18354353013570666496	1.0
9581240933353050498	16989806272293370804	1.0
9218666650371442498	13600824497602035712	1.0
8582634508886866498	18357459059894038230	1.0
8498246461935778112	15624312791261836498	1.0
8252342757356675498	13471105176613945344	1.0
3224715356250599276	15624312791261836498	1.0
267269502049359498	6576896720593291471	1.0
17813435489306815946	15624312791261836498	1.0
17559619913080000621	15624312791261836498	1.0
