9934433207309085738	13813341398079161039	1.0
8623801994746725738	17923109082684765619	1.0
8246918411658915738	11660053407900677579	1.0
8121066462571107738	16989806272293370804	1.0
18050714565949736738	193273528320	1.0
16876544558952418738	17560877197412052166	1.0
14886086085885015738	726315563855615541	1.0
13505384088807502738	16408276715840777927	1.0
12512298356218455738	14174485836776078275	1.0
12433926288729070738	15905492030101389312	1.0
11007172755540540738	193273528320	1.0
10861472740484992364	16127353770618102738	1.0
10711016624111558738	17001845001489014222	1.0
10206072026671385056	16703502262277826738	1.0
9922641590461051738	14538980560618913792	1.0
887862216624505738	14757401770997119675	1.0
8079622267781146738	17926203151354953728	1.0
6907861444771385738	15185196435035369942	1.0
6246367430432297693	18071248556332738738	1.0
4720593015846431738	13092990738503827456	1.0
2929648624797993738	193273528320	1.0
17710071629896258738	17711787332987781120	1.0
17415942136493390782	18071248556332738738	1.0
17403678873156650738	12810147989474486225	1.0
17008489485309745764	16270297902159554738	1.0
165379266873134738	12876887234212584387	1.0
15168152098205471738	16118571946135781376	1.0
14760768763505466440	12955066895249548738	1.0
11200498530318853738	13820414420121070800	1.0
11199366753325925738	12308819079933773772	1.0
10862280920220242799	16127353770618102738	1.0
10070669017485494738	2110592599261148609	1.0
10039660389571614738	15911395398225231872	1.0
8427109220797243738	668251699686494068	1.0
8143357071658730738	12661531513792277712	1.0
7485667247825271738	17425730777223586508	1.0
6184664918238668738	14038481789618551483	1.0
5995601797294615738	16842314441348401584	1.0
5341340723152261738	15833192496260710400	1.0
5148065551574837738	2157043224878439760	1.0
41428903457166738	13529340736964657152	1.0
17323482529493126738	193273528320	1.0
16109732419834830738	13099741855862489088	1.0
15168152098205471738	16118645763738697728	1.0
14709314835075859372	18071248556332738738	1.0
13434735062726892738	17058124453344504266	1.0
13421327033838360738	13456148412567126016	1.0
11225702667180412738	13099741855862489088	1.0
11189456991219175738	193273528320	1.0
10991269373289602738	14535864475946319872	1.0
