9788839341266277877	13239366642745526473	1.0
9533808642938692614	13239366642745526473	1.0
9526151034051203959	13239366642745526473	1.0
9526091892354322923	13239366642745526473	1.0
9505991630133479330	13239366642745526473	1.0
9425665386312696320	13239366642745526473	1.0
8797723118656810473	15472034966992322560	1.0
8783139867692398473	193273528320	1.0
6973505743736553473	15693882307142221824	1.0
6851098981628140005	11870261223469654473	1.0
5747458372406689473	11725862498291607245	1.0
18029653316137472473	2207956703754352034	1.0
15024394620525129923	13239366642745526473	1.0
15017705578307918473	13239366642745526473	1.0
15010681348233864731	13239366642745526473	1.0
14419146282230365473	15614794371331831219	1.0
13666460291829474583	13239366642745526473	1.0
13060406033147007473	193273528320	1.0
12878112790747063962	13239366642745526473	1.0
12694590279636778104	13239366642745526473	1.0
11108884802428172153	13239366642745526473	1.0
11048721494715960894	13239366642745526473	1.0
10642069475678522473	16633167589686495944	1.0
10547265746059476782	11870261223469654473	1.0
10535898591122231372	11870261223469654473	1.0
10532792045566118057	11870261223469654473	1.0
10001241379410521473	12591777315010117632	1.0
9527885663924472104	13239366642745526473	1.0
9526121579168388210	13239366642745526473	1.0
9506797353101769080	13239366642745526473	1.0
8623321896298279473	12877192915624919040	1.0
8366467458601843473	193273528320	1.0
8193803412665488820	13239366642745526473	1.0
18397840488113558473	193273528320	1.0
17690150564316555388	13239366642745526473	1.0
17526346748712131384	12879694402150315473	1.0
17359571651499992473	14099314890366896619	1.0
17342435488601439260	13239366642745526473	1.0
16969211286534718863	13239366642745526473	1.0
16481177628911110473	16624467201809711104	1.0
16144263339606434473	17867461927324614656	1.0
16141430823984240453	13239366642745526473	1.0
15169122503178157404	13239366642745526473	1.0
15020185552494368172	13239366642745526473	1.0
15011387208873218218	13239366642745526473	1.0
13958860784061683551	13239366642745526473	1.0
13895028142190066218	14250445553976662473	1.0
13662222890435705473	13817597540050205872	1.0
13441445567009035473	17786869769413118898	1.0
12768754110251893473	12446230562589036471	1.0
