9638577082082617847	18067266022137659392	1.0
9177892422384020847	18354133072590448076	1.0
8596286056344494847	193273528320	1.0
7406001101216027847	16118571946135781376	1.0
7148623155636472847	18071169395790506162	1.0
6966583603692992847	193273528320	1.0
6862206161554148511	15982922924021637847	1.0
6822134669624469847	12373263659755896832	1.0
6540638594363612386	15046488765491110847	1.0
6505024326675664847	11725036787075121152	1.0
17830423729272340204	808946247426886847	1.0
17429747534456768335	15982922924021637847	1.0
17196946585089957587	756437781028502847	1.0
16957269388435380587	12886723601595952847	1.0
16170477940475801847	13958581327600025600	1.0
16120110012926779834	17712080863937734847	1.0
14677954579503673847	2207956703754352034	1.0
14405830454376911847	739593992303490958	1.0
14241378127975952098	17712080863937734847	1.0
14239540375849560779	17712080863937734847	1.0
12911604111141787847	15542134261559652076	1.0
12856217675233082847	11869750105181583319	1.0
12193191744515564400	17712080863937734847	1.0
12123542311486368847	17063229421407698944	1.0
11855527670543482847	11796024525559428020	1.0
10803020486425306847	16408215151624111821	1.0
9696151240300047847	14750314319044454090	1.0
9692101472250409772	15982922924021637847	1.0
9682512291971493951	15982922924021637847	1.0
9308223126130888847	12374181691835601610	1.0
9097076240285767847	16270365002433617848	1.0
9033274189400427847	16842323267506143232	1.0
8927993918458135042	15046488765491110847	1.0
8644409947374323847	726263599436369970	1.0
8359776042848682387	15982922924021637847	1.0
8287305172581241847	13099741855862489088	1.0
8237908183153595439	15046488765491110847	1.0
7715780127289482847	15046488768439045076	1.0
6913752174343785847	17711787332987781120	1.0
6843752297417139760	15982922924021637847	1.0
6658899573472692847	14321663320044601344	1.0
5959379267865846847	16055527113279728560	1.0
345298475067256510	15982922924021637847	1.0
2128299123333719847	12453256412031674068	1.0
15926730785385603847	15111796404861510096	1.0
15912937583610886847	15111796404861510096	1.0
15425353684764246847	17279366967609786368	1.0
14776185581575262847	14755137996814548992	1.0
12808945228005432847	15046741593035957455	1.0
10616169990228203847	12158585195548639232	1.0
