9963590724211478983	13099741855862489088	1.0
7730005941498243983	16415537890630616766	1.0
6068038723048174983	17424144073107488198	1.0
5372068014815255892	15185288861438432983	1.0
17496967560434284983	839040808005770044	1.0
17485684730551781983	12956200496417596088	1.0
15923981104292014983	15111796404861510096	1.0
15632517156075042983	14465484856911462400	1.0
15605369250935034278	15185288861438432983	1.0
15238217659711166983	2131967791391107431	1.0
14253777528461593983	16270365002433560576	1.0
13533977188013196983	13099741855862489088	1.0
13473038500967034282	15185288861438432983	1.0
12727934806248081045	15185288861438432983	1.0
11463273385631510983	193273528320	1.0
11403999615113406983	16628646368197532358	1.0
9606059267975627983	16483702096073849545	1.0
9082863632751110983	15485868949278556160	1.0
8727907766403325983	14755153355617599488	1.0
8534428507443120983	193273528320	1.0
8314734199830835233	15185288861438432983	1.0
7729221928664652983	13961910673836266172	1.0
6840559917768477983	13675722108091345361	1.0
680593803031796936	15185288861438432983	1.0
6802392591633531983	16842303433347225045	1.0
16161143176152355172	12380655736559040983	1.0
16108447443786150983	13174431667852457406	1.0
14583324139307389844	6195786128127401983	1.0
14576736874990731220	6195786128127401983	1.0
7725346811252474983	14535827194165837239	1.0
7354195012242990983	15404838266616152064	1.0
5928599817710673983	14250454410299417040	1.0
5683308389508574422	15185288861438432983	1.0
5381066628609241409	15185288861438432983	1.0
2978875329453398343	12380655736559040983	1.0
2709095286009535983	677716639158129784	1.0
16698091021864547983	688083857439838453	1.0
16513382925556199653	15185288861438432983	1.0
11511859043368784082	16701833241203040983	1.0
11106412373024281983	193273528320	1.0
10483981216959978983	12738941543319076864	1.0
10318854742146522983	17281335226430633168	1.0
10214081970926983983	16122504830508859392	1.0
97369336490523983	14903491754970841088	1.0
9234282942411319983	16483702096073849545	1.0
8657003283262151983	14684231561386195643	1.0
6823030592524851983	12446230562589036471	1.0
6821588630225240983	12598179745448853504	1.0
6423147710832251983	18067270493198678964	1.0
2990799533110961260	12380655736559040983	1.0
