9100066301894573333	14967082997812835425	1.0
8455410962357592333	16484840056989679616	1.0
7509830568510911228	6128223778911872333	1.0
712798147343718714	16844207894860720333	1.0
6945795957707700333	12160809463377011152	1.0
6935179828900288333	16342423627263639552	1.0
6578521660614156333	13101732951161307136	1.0
16836812517165544333	193273528320	1.0
16159718288248239162	13103137070459696333	1.0
16135296960367691333	12375304370516982459	1.0
15984495712933328333	13103137070459650048	1.0
14372549995860252333	12011638789975496650	1.0
12265720630938475333	2110592599261148609	1.0
10997405631719015333	18290775856848488114	1.0
8293859680002931196	12092722151200902333	1.0
793478734324401961	16844207894860720333	1.0
7811340999159035333	15617336501971964088	1.0
7631543686024603333	13165946723735961600	1.0
7557548689956069333	16411108031296700416	1.0
707071723276924710	16844207894860720333	1.0
5826449995485567662	16844207894860720333	1.0
16146032061340624046	13103137070459696333	1.0
15976836476090584261	13103137070459696333	1.0
15944069461506985333	15975020700150792192	1.0
15909321341446367297	15111796404776593333	1.0
15740685382792605333	13021813926294192128	1.0
15415474144413042333	13244505661309500857	1.0
14821810849382303333	14320313020508784569	1.0
14791233974627032333	16845960370366447616	1.0
14656594576194741333	16123915576941740032	1.0
14564114405398417333	14606488375541104640	1.0
13243950718483944511	14937685986785873333	1.0
12966580730360212333	13241667907697508352	1.0
12375475038777031333	803148970512311427	1.0
12131087404107353333	13031121249273698767	1.0
11906477788788733333	16767737943480655806	1.0
11247014449653577333	12446230558499930112	1.0
10585818598098933333	13820414420137070708	1.0
9498714650398567846	13103137070459696333	1.0
9100857304955311630	15111796404776593333	1.0
8847707299899125267	14937685986785873333	1.0
8599145872965444232	14253260343555056333	1.0
8132129341335208069	16844207894860720333	1.0
8123659051695875916	16844207894860720333	1.0
7183503753249854333	14607414104202149888	1.0
699986215501172333	16917428634761886156	1.0
6826679223096230333	13099741855862489088	1.0
6267820273182559333	13099741855862489088	1.0
5918211903128558333	11949979157578770882	1.0
5830976414286446968	16844207894860720333	1.0
