9456728298810800531	14903470829890174976	1.0
9312053726932872538	16122555420928638976	1.0
8572656427984622849	14903470829890174976	1.0
8561024161897981404	14903470829890174976	1.0
8210602366902059976	17706937403131023549	1.0
8136566556761994319	17493347383667326976	1.0
8112692551384799526	14967059975904406976	1.0
8098854162392025892	14967059975904406976	1.0
8093914636470569546	14967059975904406976	1.0
7990076001961132474	14903470829890174976	1.0
7964394889451837976	17058206852292082864	1.0
7634394642341317065	14967085201123966976	1.0
7604055024598654659	16921054802635390976	1.0
753085459717986976	14823869430739501056	1.0
7423349759217486211	16122555420928638976	1.0
7405745439762425623	16122555420928638976	1.0
6837358049777721186	15833998580017790976	1.0
6807726471676041976	12373263663779199673	1.0
6784893491665346441	14903470829890174976	1.0
6068020258877840103	14967059975904406976	1.0
6053830206568777943	14967059975904406976	1.0
5807620251822717976	13600778210739486720	1.0
5173881928382295976	16695035982761152708	1.0
248811335041644727	14903470829890174976	1.0
18301855732851560804	488665487318172976	1.0
17286242867616926085	14903470829890174976	1.0
16736408932975026284	14903470829890174976	1.0
16652481230221162213	14903470829890174976	1.0
16650172114068195791	14903470829890174976	1.0
16631420810831819773	16122555420928638976	1.0
16560003090015974173	16122555420928638976	1.0
16505474819922904459	14903470829890174976	1.0
15769966618269850023	15833998580017790976	1.0
15670213889136719083	14903470829890174976	1.0
15631780847846365351	17203671166904958976	1.0
14895997540410368643	14903470829890174976	1.0
146936312465489937	14903470829890174976	1.0
14538332402961650245	17203671166904958976	1.0
14493818469087203211	15833998580017790976	1.0
14430778305788019188	17855343054328747976	1.0
14430055775512378725	15833998580017790976	1.0
14425539600134624534	15833998580017790976	1.0
14132116776034257801	15833998580017790976	1.0
13877298787584632682	14687896220756606976	1.0
13830167334141777133	17203671166904958976	1.0
13826544133067624687	14903470829890174976	1.0
13675976548081880112	14903470829890174976	1.0
13658348404095830976	14684208359012286129	1.0
13420224094843708096	15776049807518334976	1.0
13418820353392952976	17058124453344504266	1.0
