9523087117346973905	16988419791451694769	1.0
8719814689575440905	11943529431349378243	1.0
8568279415936926905	11947437095117697239	1.0
7236136626808204905	14605643923376826826	1.0
7169814575538948905	14321121015998971904	1.0
6910375174482729905	15548079274174893493	1.0
5983440760507981905	193273528320	1.0
309463207680534905	12374149878689429171	1.0
16201590903136719905	663917884036033533	1.0
15431563930163302905	852635368135283411	1.0
14750515891296737905	17422682905221529600	1.0
14686865528043103182	13820087949671315905	1.0
14391809915507399905	14110839558631319741	1.0
14136008743493105905	15838311964133556224	1.0
12423760007391065948	12593683880435753905	1.0
12289961969804768571	17926284420403997905	1.0
9854070403530044905	15477443374495039488	1.0
9709533130881610905	11797927694962786304	1.0
9564440316174719343	16696500447678089905	1.0
9099615443454706905	15616695491360774845	1.0
9072111843445765905	15839630256929154246	1.0
8794285059953464905	12519658229925412864	1.0
7479766422751057905	17560850873557497805	1.0
7102652132507645905	13100924896014237696	1.0
6981024417532429905	17203745855844318933	1.0
6939247356542593905	12160809463377011152	1.0
1780939949988820905	12157394316491744187	1.0
17341963518627755905	16194352477955472082	1.0
17317475138807349905	16696430100408739763	1.0
17147719125406991905	18137395158679814144	1.0
16706364017691743905	16919378176252111060	1.0
15942001842881798905	12234265590205775872	1.0
15445875743821119905	13244505661309500857	1.0
14693170192637594905	17853384647635030999	1.0
13425847319415877905	17058124453344504266	1.0
12485589424575920568	12158520242620264905	1.0
11732237856498776905	193273528320	1.0
11696150620382176905	800258417312435053	1.0
11170880679084667905	15264848384558752209	1.0
11120528790460811824	18002780777565181905	1.0
10461266590472073491	13820087949671315905	1.0
9860440699951460905	193273528320	1.0
8341148859253830569	12011618930872329905	1.0
8062151623492960678	17922005134355784905	1.0
7769315683689390905	18065300193993483470	1.0
6951269210610882905	193273528320	1.0
6417325702564717899	18287075009463646905	1.0
6069572344073167905	13093085369518260224	1.0
4435236421894518905	2157043224878439760	1.0
2082625728009140905	17350050313724885708	1.0
