9721864652263912761	12955395658675650560	1.0
9600654327433305761	193273528320	1.0
9221812099777686761	12738941543319076864	1.0
8169281428988777761	12308819079933773772	1.0
7470952049683423032	12879407451594531761	1.0
7020712737533176761	13670581913314656256	1.0
6826820539223162761	12373263659755896832	1.0
5164424096774968761	13099741855862489088	1.0
355898269864641985	16488460799107511761	1.0
17425058237393197761	11725080647281147904	1.0
16372039102834804761	16416736323945155528	1.0
15188541922389915761	12452648352036683776	1.0
13959887800863511761	13675102967689175224	1.0
13420229201528621549	17349761125108983761	1.0
12435106299019877761	17706652721060249600	1.0
11184408238486645761	15046488765491096784	1.0
10720710634810018942	16488460799107511761	1.0
9921079072709343761	13818924693534603735	1.0
8816784613182443761	15474625412092395520	1.0
7127442305920889761	13461776838070107060	1.0
6985824833624885761	12730220638007645180	1.0
6673936004755187761	17064126695910408192	1.0
6237419518293915761	2640962389007096062	1.0
306859787579362761	13099741855862489088	1.0
16510606804651159761	18354323193612730368	1.0
15624898829445054761	14684231561386195643	1.0
13970376747629130761	14030349775849652224	1.0
11769805868181821761	12447296071166641854	1.0
10911706382990956761	17995227154157183412	1.0
10911706382990956761	12092722150745877438	1.0
10116117374936401761	877793465462671232	1.0
8182087177484870761	15833741182627741696	1.0
7739631868064740761	712227427146303991	1.0
6409327879379713272	725060150222937761	1.0
6064732280967730761	12598456788019368636	1.0
15689074041680328676	771601073059051761	1.0
15246783613056018761	17779304015772492240	1.0
13495258686369887761	17276086110790532804	1.0
12743723517467591761	13101732951161307136	1.0
10453741003973190761	18071248556332679168	1.0
10263701067744183761	16842314441348349952	1.0
9784305540816217761	12814956163741253632	1.0
9154596140438099761	14038481789618543543	1.0
9117910882206196761	11660329406794039296	1.0
8613322332068837761	16053261960468291267	1.0
8152891997035227761	14177872376229789696	1.0
8030411587410312761	14684216129078741710	1.0
7475289455406011507	12879407451594531761	1.0
7260120507510594761	17632677479959232512	1.0
6818907050325347761	16695035982761152708	1.0
