9584798872468682851	17641361396384389823	1.0
9043941312082987851	15832348157229969095	1.0
8645120916804323851	2382933400562247327	1.0
5166835828372737851	17921206953338514129	1.0
4972799856292925851	17134408454115426304	1.0
16643198792684808851	13741604849731024307	1.0
14286555112046732851	759204998525411353	1.0
13423949253072952851	17281335222272524288	1.0
12877564971778569851	12160809463377011152	1.0
12208554511907904851	12160809463377011152	1.0
11910033074824262593	830143126718602851	1.0
10799430982946279851	853498952056064746	1.0
10229897591037810851	14038499261545447424	1.0
9005325456048341851	12378665543203346635	1.0
8581948052859456429	16118907353016880851	1.0
8562281693973349764	16118907353016880851	1.0
6818838038665872851	14101576199226523648	1.0
6414719760875386851	2411405549630835067	1.0
5261197507030906851	7813868915401949285	1.0
5175418281194216851	13678744562996397497	1.0
1829469705865027851	12595372678284291001	1.0
18171605886120100851	18066750415608790742	1.0
15979995519349993851	16411108031296700416	1.0
15415016718868147889	16118907353016880851	1.0
13887544273256887851	16842253933849083904	1.0
13423943377651872851	17058124453344504266	1.0
11858746074829524851	12231409015976554673	1.0
11106382106382092851	15832348157229969095	1.0
10383060333014034851	193273528320	1.0
8612581048602735851	14681682816123535360	1.0
8242134389069676851	193273528320	1.0
8126785967302983851	7023743032632283776	1.0
2029226064097737851	18282034783737348096	1.0
15416174576243472851	18137377497774292992	1.0
14900946283272637851	808206099941518844	1.0
13673891100350063851	12160809463377011152	1.0
13559387457611272851	12670536389469711568	1.0
11392036904806989851	12377006633560047616	1.0
10582510787697679851	12519709859727324365	1.0
10185036061086605851	18211637506763895472	1.0
9886016850292406851	16411065107393544192	1.0
9489528241841076851	14399950651935090381	1.0
6690509966048918851	17920376886484008960	1.0
6109269167284099851	193273528320	1.0
431921941706806851	768494790211890486	1.0
2085116874436243704	13312821625108604851	1.0
13425453848864258851	17058124453344504266	1.0
11631421280845926851	18209992638696783872	1.0
11317787715576105851	14607414104202149888	1.0
11100323445163320851	193273528320	1.0
