9988639015369172839	17203086218129047552	1.0
9636401903548442267	15187452697407127552	1.0
9102668224822458552	13024641904560634804	1.0
8566463014392754611	12740100338380439552	1.0
8083139144337210552	15048413937336892882	1.0
6796239543846202909	16342423627263639552	1.0
6397915124798880552	16626118612440055808	1.0
557349557142836253	17203086218129047552	1.0
335867507783158552	17706652721060249600	1.0
313994938665225552	15623235283443515392	1.0
2130351732697655877	15187452697407127552	1.0
1871216283305293552	15474625412092395520	1.0
1833105375958498552	17203745852091269120	1.0
17449831936346040552	12668055890546898634	1.0
16747672337537720189	15544424609246871552	1.0
16319481206595600793	15544424609246871552	1.0
16312058807339173835	15544424609246871552	1.0
15980533722931476552	13597123558642810880	1.0
15950677830767584552	193273528320	1.0
15688831629345423421	15187452697407127552	1.0
14443229510031818098	12740100338380439552	1.0
14381170856167317527	15544424609246871552	1.0
13902515610269337064	16482587200614039552	1.0
13877947096565563111	14677989582335639552	1.0
13671143953189032552	13461776838070107060	1.0
13433275212073569852	18067270497371663552	1.0
13087144840081150658	17203086218129047552	1.0
12631891836916424092	15544424609246871552	1.0
12066725742193699776	18217523133705879552	1.0
11973969774884473806	15839624690822807552	1.0
11959433530150269552	6366641963122493435	1.0
11241678352347221892	17203086218129047552	1.0
11238192797334615185	17203086218129047552	1.0
10465871788382503660	18142965185801879552	1.0
10191033772345792552	193273528320	1.0
10058232882786968552	13759279653766299648	1.0
9792289197964331901	16482587200614039552	1.0
9409691504819180653	12452667168288407552	1.0
8996248075251751659	15187452697407127552	1.0
8565728965805191158	12740100338380439552	1.0
849455064714289552	16055527113095699388	1.0
7920762948147444552	193273528320	1.0
7487177671614554552	11795463749534482432	1.0
6809494632377116646	12452667168288407552	1.0
6775292164373468308	15544424609246871552	1.0
6410470555695930272	16697027203131962552	1.0
5922442032860880784	12452667168288407552	1.0
5134700989378970975	15544424609246871552	1.0
5134628265931351382	13818951025979031552	1.0
16311195355552182848	15544424609246871552	1.0
