9541288567574453125	14535847957448160180	1.0
9025505375226867125	15119634794436100096	1.0
8983748237083218125	12886723602014403003	1.0
8917792953811020125	12523876918602235904	1.0
8808823639604367125	15983499158866686141	1.0
8270420990364896125	14250454410299417040	1.0
7008363301180675159	13740941856212498125	1.0
6058547906130019125	704535145310017223	1.0
16274551234185212125	18208313577066987520	1.0
14422467525764726125	749729295187355251	1.0
13556489938887714125	12519658229925412864	1.0
11916895906287649125	11797418573834485760	1.0
11346919752752306125	15264923260203040768	1.0
10719364266078748125	12661562170022291122	1.0
10046784829140792958	18067270496885192125	1.0
9686612119604725125	14254071826274582528	1.0
9491590631084787125	14391434917739279565	1.0
9060319326526136125	17923109086673561031	1.0
8272028782277699125	12660969674806261427	1.0
7028046346201570218	13740941856212498125	1.0
539995339056160652	13740941856212498125	1.0
2865486092599040796	13101796231593428125	1.0
275418627032640125	6576896720593291471	1.0
2474257478066864125	659296065929313210	1.0
15258560520401506125	15542100232114466240	1.0
14023554764113393125	14834803756050153660	1.0
13118365530226384125	16768010596594533582	1.0
12643499088952527125	17493286837513413067	1.0
12382530876909224125	7376128410040524890	1.0
12206188468881081125	16337277990155105726	1.0
10783040106178805125	16992339555963156149	1.0
10488222136298160125	193273528320	1.0
9759031898520640125	16628646368197532358	1.0
9728233408013407125	15326288029452526781	1.0
9125781655472646125	14831380276273273806	1.0
7437236665079894125	12016928373738569728	1.0
7079712054879197309	13740941856212498125	1.0
6401633952229265125	11948046315004944843	1.0
6072427797369416521	16697078885283542125	1.0
4070208042630422125	11795410916281132217	1.0
18153355971767401125	16480048676027936212	1.0
17803362164477813125	18072851655974501815	1.0
17152971234711259125	12594290781411344384	1.0
16829600363469179125	193273528320	1.0
15927700374150819125	13530442447615688704	1.0
15119885964299489882	2321813920116121125	1.0
15058159827004251125	17348137021880722387	1.0
12458238922370543125	11873382865829888000	1.0
12201119085969657125	12160809463377011152	1.0
12196334204641080125	13099741855862489088	1.0
