9531649780872764169	13316854724712988672	1.0
8253658950443467169	12814956163741253632	1.0
7095593022657048469	13093007347004404169	1.0
7087257805315449907	13093007347004404169	1.0
7045743175219610169	2157043224878439760	1.0
6324469722914620169	13886238881729404119	1.0
4510386604861803169	12160809463377011152	1.0
2469811375095112169	18066750418340526792	1.0
18186058629749164169	11725119237562350290	1.0
17314299186368574445	13093007347004404169	1.0
16804839868962378169	15117686498486438328	1.0
14746638168398344169	57638001550819328	1.0
14655165341199856163	13093007347004404169	1.0
12752628728347210169	15119634794436100096	1.0
12199659462879782169	13099741855862489088	1.0
732098045079451543	13093007347004404169	1.0
7113416041786841583	13093007347004404169	1.0
7098427821363044633	13093007347004404169	1.0
7097040198919289173	13093007347004404169	1.0
7001117430044853794	13093007347004404169	1.0
598319422436140243	13093007347004404169	1.0
4311907157953069169	18141608457172744397	1.0
355634870367118169	851491420663837944	1.0
3449078524906818169	193273528320	1.0
15548732613026232577	868682074561562169	1.0
13891653624987697169	13024954170157826048	1.0
11610943109733349169	16629167463694598144	1.0
11023840714116763169	12591434336012785868	1.0
10542184752881091169	14831430802268536533	1.0
8588716467893645169	659296065929313210	1.0
8519737981692370169	11660049055854293958	1.0
8356919533351130169	16055527109040275456	1.0
7608306972106965169	15982969181377134592	1.0
7103203051982404966	13093007347004404169	1.0
7099881221158505494	13093007347004404169	1.0
7099384113088462272	13093007347004404169	1.0
7097864008130102372	13093007347004404169	1.0
5734094182168976169	13169032970780582332	1.0
4773060435622295169	688083857439838453	1.0
3796107973027279101	14678040198453514169	1.0
2780735062973796169	16123915576941740032	1.0
18202543092276740169	11733803171808542720	1.0
17425793054257041806	13093007347004404169	1.0
17344059407409346169	18282034783737348096	1.0
17121724321295690169	809973147956673401	1.0
16918150100986672259	872088542272862169	1.0
15456694516027414169	14971371140309768396	1.0
12195881244494041169	2157043224878439760	1.0
12086601212514882169	17058214493038902448	1.0
10193375335645935169	15048676746385686528	1.0
