9963674390204419451	13245270066703892480	1.0
9603588839582688636	12375516640685588480	1.0
9587597387798378056	12375516640685588480	1.0
8778364206097890480	17058206852292082864	1.0
8230821342279731648	13024343854060118480	1.0
7494992683451087480	13604768321256816640	1.0
7391473461505202184	14616391668182548480	1.0
7099672738163216596	15481044283665940480	1.0
6820266573610145480	15474569233920211641	1.0
6806601998863794114	16704389482262036480	1.0
6766263876528492762	13242510013345300480	1.0
6485318318336138115	17058125445481954480	1.0
5171018125819856152	13319084448394772480	1.0
4028829994226380480	193273528320	1.0
2822478705152296480	12160809463377011152	1.0
2604496345536963480	14254071830264403639	1.0
2556369235255490335	17058125445481954480	1.0
18442820093182523165	13024343854060118480	1.0
1796267204038173033	17058125445481954480	1.0
1787365673834627023	17058125445481954480	1.0
17778634059703858974	13024343854060118480	1.0
16855393951406164146	14608826966524481480	1.0
16634883017340644177	17858941652807188480	1.0
16627176787570199480	13814724580591271936	1.0
16480348226771398184	11814574395496642480	1.0
16430714201827013480	14321112288625426432	1.0
16257561009154972411	17058125445481954480	1.0
15907540042347024480	16053881110068723712	1.0
15848189221624009124	15481044283665940480	1.0
15834609436928798139	15481044283665940480	1.0
15295961366311040438	13746310750907924480	1.0
15069189399041659792	12238472287333908480	1.0
14330523420128351092	17058125445481954480	1.0
14323224836133331572	17058125445481954480	1.0
14316233535585096173	17058125445481954480	1.0
13980859299931747113	12238472287333908480	1.0
13613907819379313170	14536108528872980480	1.0
12412816512045427417	14468350051069460480	1.0
12215736006566734480	15111796404861510096	1.0
12189850088160511480	12160809463377011152	1.0
11993211004674261057	15481044283665940480	1.0
11746090723130340974	12238472287333908480	1.0
11743339173759086107	12238472287333908480	1.0
11733174679018759254	16704389482262036480	1.0
11720039578661343434	14181462267564630480	1.0
11713631393030029069	14181462267564630480	1.0
11708978801090115256	14181462267564630480	1.0
11705751098628103216	14181462267564630480	1.0
11613180934854776471	13242510013345300480	1.0
11236369325863020615	16704389482262036480	1.0
