7617951008235444693	18071186970796680380	1.0
7095026700451828693	13099741855862489088	1.0
6171730439810566141	757752650789134693	1.0
55471209790317693	2260750503732460876	1.0
13630421904546522693	803148970512311427	1.0
13474784632782241693	17277202050689531904	1.0
1269393283747677540	11868061152205589693	1.0
12276062186465042693	13093085372332558006	1.0
12216928005934114693	12160809463377011152	1.0
11901143286974474693	18354318920120270848	1.0
9840649678312826693	193273528320	1.0
9715643224066358693	16054103241482305536	1.0
9073544282426407693	14254071826274582528	1.0
7772758280471787693	17347289315595580618	1.0
7726254522163465693	709085461569940596	1.0
7095031334595518280	11868061152205589693	1.0
6829682766805133693	16628385762466856960	1.0
6655654398798514693	13101802300584033232	1.0
17600725463772772693	13173771943695935666	1.0
17172285676587585693	11869731379124151492	1.0
16729677138574794693	193273528320	1.0
15925806821944797693	13099741855862489088	1.0
14832166294888631431	757752650789134693	1.0
12804972537997954693	193273528320	1.0
1267790286053217945	11868061152205589693	1.0
12064280245738966693	12084183339641137845	1.0
11742021805018166693	14174512254934363845	1.0
11505913665306912391	757752650789134693	1.0
11267643607868765693	13748917731632087040	1.0
9977854500998454847	16700183931415807693	1.0
189065518267836693	16561117611014807748	1.0
17468234793678536693	16344305029097717760	1.0
14809725958272309630	757752650789134693	1.0
14790176310640437395	757752650789134693	1.0
1453962544772573693	14250454410299417040	1.0
13440557556651416693	17058124453344504266	1.0
13424887690573658900	12163563710946719693	1.0
12655141800806510693	8025002745000661146	1.0
12439124378487677693	17706652721060249600	1.0
11442926103711211693	16696443535066454195	1.0
9443964970795085693	15047849870691978177	1.0
8618096956934437693	777548837671959363	1.0
7094169764431413693	13244426573781714638	1.0
6607990929108288693	193273528320	1.0
6066665377162827693	14967082997805744128	1.0
5331181299429610693	11876267958571429818	1.0
5090319148683173693	193273528320	1.0
4273535677857527693	13244479230080754359	1.0
17694611237130810379	11868061152205589693	1.0
14577525372379689693	13532750429896572928	1.0
