873889318587973669	12018640390652428288	1.0
7590269478186082669	2395512165443664528	1.0
7525782531051961669	17929358731805958842	1.0
690369050942098820	14903470829890238669	1.0
6297279719353432707	17941744340529460669	1.0
4748052014654295669	15119634794436100096	1.0
4646540409518225669	683949296296665891	1.0
18052097517814629693	18067270497020265669	1.0
17671028035531518982	14903470829890238669	1.0
17605777290703970669	15622053368573240505	1.0
17366325170815537669	14391752590700372947	1.0
13492085859379118669	11869711510605448113	1.0
13333924525582863669	2118759899611367699	1.0
12597170325460969669	16196262346832787394	1.0
12371548413617360669	17425730777223586508	1.0
12202337834534948669	12160809463377011152	1.0
12003538401912299669	16416738518673391616	1.0
9526097145076544669	17849407714468298752	1.0
7590269478186082669	15047849870691988410	1.0
5884175571763964072	18067270497020265669	1.0
18017344115890107669	2151154734856804401	1.0
17071630104426652056	14903470829890238669	1.0
16806018058191552669	193273528320	1.0
15911917662170139669	18067294691044360192	1.0
14408036560683143256	14756582699222420669	1.0
12690617179382781669	15406787627411627193	1.0
10545763190365726669	17632677479959232512	1.0
10257853972948706669	17203745855458700982	1.0
9951771814690609669	11725101563771879424	1.0
8285111552385287669	14250454410299417040	1.0
8019784457790261669	193273528320	1.0
7457062869158582669	18071248556332679168	1.0
7114249356002665669	17203745852091269120	1.0
6804919952367535669	13099741855862489088	1.0
6486488972786185669	14903470829890174976	1.0
6325800583296164669	893095974318786288	1.0
6053082036098593947	488665139421298669	1.0
5185076949752699669	193273528320	1.0
18225307011622230669	13165946723735961600	1.0
17423758301861326669	18208313577066987520	1.0
17379314959117218669	12730220633712677884	1.0
17052519248072082669	14185447938330722304	1.0
16031458739389160669	15185288861438437834	1.0
15758047276268548669	12452682509911588864	1.0
14717177170084688669	2207956703754352034	1.0
13836232046298523669	17929291572143194112	1.0
13439646216174319669	12518879698383587533	1.0
13362118755792892669	13101802301708827572	1.0
9793930447211006143	14903470829890238669	1.0
9411133534817580809	14756582699222420669	1.0
