8475372698147223015	12088122859738686924	1.0
8217596611564379015	14177829435146764288	1.0
7724204929388661015	14968223277263093760	1.0
6949858756280930015	13678744562996397497	1.0
6944911662648871015	13099741855862489088	1.0
6661100924852236015	13632455664737832168	1.0
5847805199306627015	13814777297019863040	1.0
34885635776166015	14250454410299417040	1.0
17322518459190967015	13101499930826635963	1.0
17278513500469319790	14546527522532674015	1.0
15919244621886646015	14327873284408868864	1.0
14610618360256028214	13387136482918061015	1.0
13898799260935767015	16842314445271248336	1.0
11748262933230748015	14037337069164998065	1.0
10966538362254399015	13319064648595593148	1.0
10092133466110777015	12158571902624917184	1.0
10034031811457757015	7146473860387140773	1.0
7565558084683354015	14684208359884761041	1.0
2952660376722739015	193273528320	1.0
2873082453518463754	12374181691835597015	1.0
18345598438040338015	193273528320	1.0
15780881600391902015	782294051282525803	1.0
12994201733314223734	13387136482918061015	1.0
9424254191555076015	12376933928353724358	1.0
9085089576674616015	13958560509893541888	1.0
8494832275613055015	13097008465660915376	1.0
8179263877868265015	743399707504242245	1.0
7092234998201668015	12235682938003390464	1.0
17916039565451144015	11876267958571430858	1.0
17508327963653887217	4613444011545886015	1.0
16792378115011477015	12884453003788090554	1.0
16752394964653814719	14321937002822158015	1.0
1254029970474738015	759204998525411353	1.0
1232254876893114015	14101576199226523648	1.0
12207491129554728015	15111796404861510096	1.0
11096797926329090015	17632714841879740416	1.0
969705952107610636	18066650411501273015	1.0
934603760249185015	13099741855862489088	1.0
8477896657322635015	15839663156549952214	1.0
7474273463809542015	15406712830862347208	1.0
730962323959780015	15975084484710105088	1.0
6828757427690462015	12373263663962511050	1.0
18050000937585669015	18143578695553560791	1.0
15974602426737435079	13387136482918061015	1.0
14237282481756729015	18282034787641391817	1.0
12843860875463723075	13387136482918061015	1.0
10019521403549094015	16265802097897766912	1.0
8607391387184534015	12159616511685753531	1.0
8185226956844532015	739462017077591112	1.0
7940182365608999733	709408508082002015	1.0
