9547340418494123533	17203725002857037254	1.0
8741879415020588533	13099741855862489088	1.0
7998182856738093048	663917884036033533	1.0
7082218756391592533	193273528320	1.0
6810061009713179533	15550039776475217920	1.0
1820102477934773571	12668055891200953533	1.0
15484828361213490955	12668055891200953533	1.0
1461328495982609533	13096364077334242993	1.0
13917950988957169533	13099741855862489088	1.0
13705561584074882199	787017629994440533	1.0
13692991769061474199	663917884036033533	1.0
13426516883357082574	12518879698383587533	1.0
11913069288393172310	787017629994440533	1.0
11891906184789077054	787017629994440533	1.0
11811261754663451533	18071248556332679168	1.0
11092156495910094533	16266396830609238459	1.0
10549863162286642438	14831430802268536533	1.0
7686209333814730747	14831430802268536533	1.0
7591162315972458533	12011564963546376918	1.0
5744488877162894533	15764754619055472640	1.0
1840619481001635911	12668055891200953533	1.0
18327756776234487533	12742883210900275200	1.0
17692954282021211691	12518879698383587533	1.0
17425509488889320533	15477443374495039488	1.0
17415876860709868533	15477443374495039488	1.0
16484826026455597533	14903470829890174976	1.0
16456406168471753533	13093085372650997197	1.0
16064833968523976752	12668055891200953533	1.0
15743390068508480533	7582039960048391300	1.0
15476466626720686307	12668055891200953533	1.0
15009378464129811522	14831430802268536533	1.0
14675793132589838533	18208245463180640256	1.0
13702541762115869913	663917884036033533	1.0
13440395151083461075	12518879698383587533	1.0
11318231536594893533	13093013845427879936	1.0
10547300046134744315	14831430802268536533	1.0
10497910679847837533	13820414420137070708	1.0
10409728321882089533	18067270496852628412	1.0
9628424989887008194	12021181319074596533	1.0
9294092476552598223	663917884036033533	1.0
8980647623873015510	811640158076594533	1.0
8686555296727082533	18137377497774292992	1.0
8231193728863378533	193273528320	1.0
6509967686902637533	193273528320	1.0
5986781886420699624	12518879698383587533	1.0
1817525067965872195	12668055891200953533	1.0
18164750499368439386	12668055891200953533	1.0
16837620420332892533	12740586386944477616	1.0
16591950589463332533	16992339555963156149	1.0
15204854496363137497	663917884036033533	1.0
