9830024559033610408	763057364735187810	1.0
8659350950900419810	15045044999111163349	1.0
8481058380162982810	13099741855862489088	1.0
7633195071303001810	14606488375541104640	1.0
5985617170756653810	13099741855862489088	1.0
5890671910458114810	15189143711930908672	1.0
5830924840502593810	14321082588926574592	1.0
4291561622274207709	18141578816878469810	1.0
3845682725499088765	18141578816878469810	1.0
1867110900188831121	18141578816878469810	1.0
16403446058942909705	763057364735187810	1.0
15237239658636676810	17779304015772492240	1.0
14300099883134436065	16342709650557029810	1.0
13428108705614220810	12738977749893382144	1.0
11717151386750343810	15616695491360774845	1.0
10015841625346481999	18141578816878469810	1.0
9835240268211363810	18071228769418390228	1.0
9384389823512971810	706124510565112052	1.0
9221361244097244503	2298246635460686810	1.0
9203165413165103545	2298246635460686810	1.0
8991812081237713810	13099741855862489088	1.0
7902445141419692810	16916829426694488064	1.0
707093716350197810	15975020700150792192	1.0
6957866476507532810	193273528320	1.0
6939034747188210810	12160809463377011152	1.0
6808951056993500810	12306881736150678203	1.0
5890671910458114810	17711180431389483205	1.0
5435926150339289810	12160809463377011152	1.0
4118759466550216810	16844207894860716730	1.0
2586330794176379810	18208245463180640256	1.0
17888887237637130810	17926208790647013376	1.0
17807331772811889046	18141578816878469810	1.0
16057083738342964810	13093085373573684156	1.0
15974175267513007810	2017848308086593087	1.0
15792947575392092810	17632677479959232512	1.0
1532920687453089810	12591434335376287161	1.0
14125622281922814942	18141578816878469810	1.0
13249265816272599810	16842335289119604736	1.0
13224302988893734810	16120870986294755328	1.0
12262458102700640490	18141578816878469810	1.0
11038220762128618591	18141578816878469810	1.0
11034790814203811363	18141578816878469810	1.0
10937681831148397810	659296065929313210	1.0
10906150076587713810	14612182789211081157	1.0
10186936893125033810	14325640171997888512	1.0
10035163394848570323	18141578816878469810	1.0
10035015192693050696	18141578816878469810	1.0
10024901987874080476	18141578816878469810	1.0
9010559883578163810	11949979153673021890	1.0
8785941069645562810	13099741855862489088	1.0
