7251039628058497925	13241667907697508352	1.0
5316293105739108925	14972690510073800657	1.0
2724456318313105925	688636026817800539	1.0
2527707951178131925	14606488375541104640	1.0
17657527554850962925	18066750418490094025	1.0
16396714720544251925	14181544782476730565	1.0
16194209383876033925	14039105079567508912	1.0
14508210951513536925	17926282221702918861	1.0
14386364784956848925	17993808818517049344	1.0
13893856436363301925	13099741855862489088	1.0
13666326683707849925	15111796405061469396	1.0
11972637970937551197	13093062197510399925	1.0
11149477115853252925	16122555420928681907	1.0
8781560035454391925	13099741855862489088	1.0
8505596679006144925	16842253933849083904	1.0
7731430228716649925	12810147986508087296	1.0
7484900556853245925	16118645763738697728	1.0
7137663287545854277	12742640234815475925	1.0
6585337188472242925	193273528320	1.0
6416687251073510925	13632455664737832168	1.0
5991369235830133925	13530442447615688704	1.0
17410805324136919534	6197788654990366925	1.0
16663101107739261502	11725037834372703925	1.0
14370688623846392925	14101576199226523648	1.0
14099029744960431925	13165629978231689921	1.0
10191513679010193925	12307184131913023488	1.0
9377212553840558925	193273528320	1.0
9182231874084581925	12591777315010177202	1.0
8970951171615822925	16265802097897766912	1.0
8550658015677985925	12810147986508087296	1.0
4721527330083134925	12373263659755896832	1.0
17291925130716633014	6197788654990366925	1.0
16947186202188050925	11800235586391950542	1.0
12394748550932732925	18067270493198664134	1.0
12214434932099208925	2157043224878439760	1.0
11761423374597011053	11725037834372703925	1.0
1126523864326703925	14245689085199908864	1.0
10574746041978031925	13675722108091345361	1.0
10498329125511709925	16053261960468291267	1.0
10493093599100405925	15545575694841937920	1.0
9486083806155218925	13453625132165683910	1.0
8582616215969914925	14327824768437120456	1.0
8550658015677985925	193273528320	1.0
8003902670665862925	15545503246374075082	1.0
7698668924601122925	884634957425792145	1.0
7224374834558578925	14245689085199908864	1.0
6899390366193187925	13632455664737832168	1.0
5734221537728695925	18208242172678942935	1.0
2830178597880067925	12160809463377011152	1.0
2704599328394797925	15477696318004002816	1.0
