953935469110102067	13894122540026036224	1.0
8380870259705063067	15695020275819738836	1.0
8245641972872882067	13099741855862489088	1.0
6900277092303615923	2411405549630835067	1.0
6818676705559883067	15040538101187346432	1.0
6416736316765334861	2411405549630835067	1.0
5478929588146147067	12594290781411344384	1.0
5180474277979703067	16842314445271248336	1.0
18013575715811294067	2207956703754352034	1.0
18011359537140594605	17493286837513413067	1.0
17900017182799832067	18210272905694406581	1.0
17199691554257547067	13099741855862489088	1.0
16894678558766063005	865393529704698067	1.0
16277210229772722552	865393529704698067	1.0
15772269164350092067	782294051282525803	1.0
15760745233516937067	14104093998340632534	1.0
13946046413596212965	867124933844139067	1.0
13932121056458684246	867124933844139067	1.0
13922618338199736371	867124933844139067	1.0
13919339362589176603	867124933844139067	1.0
13915845853352870696	867124933844139067	1.0
12994370010025618067	13461251387765555200	1.0
12685175230755217067	12160809463377011152	1.0
12645555695365641089	17493286837513413067	1.0
1147628315207904067	16055527109040339149	1.0
9929688290230868067	18137377497774292992	1.0
9672277323345422243	865393529704698067	1.0
6910401210684820892	2411405549630835067	1.0
6905677635645114523	2411405549630835067	1.0
6891450118427113213	2411405549630835067	1.0
6813580546455497067	12022261056672890880	1.0
6657908939446381203	2411405549630835067	1.0
6407365449623520186	2411405549630835067	1.0
6063185032035725067	18359948389589764548	1.0
5337547214046729039	18287325676639942067	1.0
18437483461128511125	865393529704698067	1.0
17371390714305568160	865393529704698067	1.0
17224093263911438643	17493286837513413067	1.0
15651212786183333067	15839668641223195346	1.0
15124696078788519067	798719621074115149	1.0
14866988103079999822	18287325676639942067	1.0
14658048818422684452	17493286837513413067	1.0
13920319349670495101	867124933844139067	1.0
13904028870121456910	13028884889867451067	1.0
13485334216732726774	865393529704698067	1.0
13377839524072774067	16415516969844926642	1.0
12865708700913450741	17493286837513413067	1.0
12446311118202323067	15119634794436100096	1.0
11735973077920343067	14101576199226523648	1.0
1171507088583168352	13028884889867451067	1.0
