9205506744759509286	193273528320	1.0
9056520125454510286	13093013845427879936	1.0
8786729509649898286	13099741855862489088	1.0
6693321562246754286	17422643352867700736	1.0
6664187357097560286	17711787332987781120	1.0
6439585130613179320	12735040329209870286	1.0
6042912163062396327	16552940718995779286	1.0
5482273004471877286	12597590501633599679	1.0
4953654868607664286	13242550849722110160	1.0
4603834643820252286	2042849707661189189	1.0
2145645868090686833	16552940718995779286	1.0
16890583649271263286	16633167585780695040	1.0
16828923210194868286	15477389481245461186	1.0
15962669736420925286	12376729303226777600	1.0
15446938312089751286	12011564964537147848	1.0
13124665942342904286	16987837068732328379	1.0
12649595498140747823	12016157783317806286	1.0
1251854571291854002	16552940718995779286	1.0
12211020729363495286	12160809463377011152	1.0
12192982080015587286	17641070108048668094	1.0
11645383357988660286	15119634794436100096	1.0
11462568581363203286	17203745855458700982	1.0
11424682246936153464	2159377045418296286	1.0
11121310057925959286	12163283348604634814	1.0
10388935500455804286	13530442447615688704	1.0
10115112154949499286	17637681433440156614	1.0
8336742979476073328	16055527112963108286	1.0
8279984220347410286	14250454410299417040	1.0
7471210190380908286	15762590714786933946	1.0
7258784585695900286	14250454410299417040	1.0
5737674862148976286	13169032966975782912	1.0
5176742290739407971	11729298416835033286	1.0
2740418645407759286	16416665942316023808	1.0
2601667554482130286	12163577978156465340	1.0
2153679281413783631	16552940718995779286	1.0
160690237254011286	16055527113095699388	1.0
15608420001378996286	2159377045418296286	1.0
1540909558023522024	16552940718995779286	1.0
14655883344061292286	15183521903722551216	1.0
13895179256221625286	14101576199226523648	1.0
12888621918489572286	15111796404861510096	1.0
1251920413190843182	16552940718995779286	1.0
11779686313224710570	16055527112963108286	1.0
11227278666837644286	16842323267506143232	1.0
10948584282801319286	13099741855862489088	1.0
8656846095963866323	16552940718995779286	1.0
8560905743904254286	14903491754970841088	1.0
7809414315541534286	17498109329046947509	1.0
7573465313804442286	17641426382711006642	1.0
7491628932778002286	14321937003242824625	1.0
