9762351682182486680	16987837068732328379	1.0
938031852870250680	12163577978156465340	1.0
7971330209978520680	817544188215048627	1.0
7348388620187153992	17138113855545671680	1.0
7128975944217941680	893095974318786288	1.0
7087473245175909932	15264890176069959680	1.0
6915308915143058680	15472897976246001584	1.0
6868682878403429680	12591434334990888140	1.0
6699637414448123068	12876033025225769680	1.0
5961764804391270680	15111796405145757897	1.0
5920692345271284802	14321989698904391680	1.0
5158293894279082680	12092636474721950654	1.0
2159544526592812680	18067216526934603213	1.0
16647327589804551680	14538414359375292106	1.0
15230947681966614680	14037105222535348224	1.0
15167818005615455680	16629167463694598144	1.0
14947463791533359680	11869773057486791894	1.0
14897139076949868680	730598444746503584	1.0
1464970468752781680	14250454410299417040	1.0
14517865699009654992	18362806063259975680	1.0
13241271513097732332	724821804417438680	1.0
10652469803186779772	13316760119468359680	1.0
10193001977204314605	7054359621202260680	1.0
10172863725865339616	7054359621202260680	1.0
9976611467416401680	13097019340518064128	1.0
9574815042322819417	7054359621202260680	1.0
9451071071869430122	13676256398336327680	1.0
9303049358930555593	7054359621202260680	1.0
7057114538607965680	13020935463748291001	1.0
6955624530842383680	12160809463377011152	1.0
5021047616392080680	18071167144989538253	1.0
418652526554912680	13462567489707419835	1.0
18183864534575049680	16992015131224964552	1.0
1777948164376337680	630466908391969767	1.0
16829957769224088680	193273528320	1.0
16608221630678384680	2292794444754346120	1.0
16488013544168739498	18000012323250503680	1.0
16115054853768984680	16342664470384995017	1.0
15944615571463556680	17929299417820479683	1.0
15905397683193512680	16992339555963156149	1.0
14375998965302936680	193273528320	1.0
1312460334485530680	16341578227375931392	1.0
11011368735420481253	14912173503078727680	1.0
10976042373294442680	16558853789587658966	1.0
10683138436466930680	15982375342018920448	1.0
10272263196275328680	15833212419587627716	1.0
10222675354434933680	12742883210900275200	1.0
8287278407141786033	11732910289980148680	1.0
8234588238347108680	12011638790343156980	1.0
7660299656259911440	11651915905163636680	1.0
