9726452303000706185	13891850798679195648	1.0
9716294950126228043	13891850798679195648	1.0
9506937493567997648	17926250386192838097	1.0
9245883994948415648	13382087534113238727	1.0
9050844527165379038	14101576199226523648	1.0
9050656626632086376	14101576199226523648	1.0
8848389816891831082	17636908464720093648	1.0
8564762447922544788	13759279653766299648	1.0
8469078693461162429	12374181691835547648	1.0
7626982241803463648	15761114048811431373	1.0
6826493951163398030	14101576199226523648	1.0
6815845914096833648	7813868915401949285	1.0
6814025682568852345	14101576199226523648	1.0
6807913703507951874	14101576199226523648	1.0
6806429336982566375	14101576199226523648	1.0
6199227987618657648	13244482574999673783	1.0
6059214592327099498	14101576199226523648	1.0
5990634203688310320	14101576199226523648	1.0
5543175161029224648	16842303433347212502	1.0
5535496287775148215	14101576199226523648	1.0
5278799767312955192	16767689496249499648	1.0
5275770041505455121	16767689496249499648	1.0
5261348537575609411	16767689496249499648	1.0
5254258448499447558	16767689496249499648	1.0
5173921704112443239	14101576199226523648	1.0
5167944071655142292	14101576199226523648	1.0
5078496944188896500	14173576510041149648	1.0
478459252056776982	14101576199226523648	1.0
472630006560327764	14101576199226523648	1.0
4612236790941072720	14101576199226523648	1.0
3507298755152851648	14317767574253731840	1.0
273106937470149648	193273528320	1.0
2596623385931952648	12163577978156465340	1.0
17922968873750463146	13891850798679195648	1.0
17917315438575292764	14101576199226523648	1.0
17911252104111257796	13891850798679195648	1.0
17906179511569154993	13891850798679195648	1.0
17529368768749923868	13759279653766299648	1.0
17445838531269246648	18217585827343499264	1.0
16537264613302250739	12158558764319899648	1.0
15904349135260434403	14101576199226523648	1.0
14978588400065222834	13891850798679195648	1.0
14674977855730431648	193273528320	1.0
14559623106093738181	14101576199226523648	1.0
14335149102501599594	13759279653766299648	1.0
14260488863327369442	14101576199226523648	1.0
13902909815152238042	14101576199226523648	1.0
13896630766265876249	14101576199226523648	1.0
13896402093527830293	14101576199226523648	1.0
13894289025500936967	14101576199226523648	1.0
