9280033309390009435	14607414104202149888	1.0
8258306130358673435	12666033867879144375	1.0
7781222410579741435	18137395158679814144	1.0
7125266995093657435	17203745855458700982	1.0
6808907004430285435	16341505586594054144	1.0
2829839739593657435	13099741855862489088	1.0
16360807176793475435	14535607266725455555	1.0
15786108612721500435	14099314890366896619	1.0
15264719820010946435	649089853165752111	1.0
14926087161346471435	13165629978384458425	1.0
14813885880112168435	193273528320	1.0
14361581475245160435	17058206852292082864	1.0
13763270771848992435	18066750415608790742	1.0
13686965977759207435	668320728172814743	1.0
13642194245474730838	13244504547767264435	1.0
13439874901725156435	13387136482918061015	1.0
12415135747197471435	17706652721060249600	1.0
10972221490012471435	17923109086673561031	1.0
10910951005889852435	2350435552578471346	1.0
9992480206146062435	12519658232906766523	1.0
8803103533334748435	13820087950592957124	1.0
8241638586627861435	193273528320	1.0
6874178504227320435	14542086710207174346	1.0
6817637353598394187	12661526011079668435	1.0
2155686494915056435	659296065929313210	1.0
18441104732866589546	11725876740944362435	1.0
18331684380687195435	13242460586861711039	1.0
18077008751805471435	2201522661301602378	1.0
16355782333848893435	14823869430739501056	1.0
13290051775388393435	692929391941184119	1.0
12889124631508199435	13099741855862489088	1.0
12682096190161360435	14903528059118276307	1.0
12190241990932997435	15111796404861510096	1.0
11942412042090094719	6366641963122493435	1.0
10395535350640056435	686168864291388510	1.0
10320621359107622203	14680590979602368435	1.0
872211373471277435	684260039459779784	1.0
8111405358322901435	14175869083223851008	1.0
7954355364305781715	12092725521390943435	1.0
6824263973068861435	2012596872606457173	1.0
6819600875149707210	12661526011079668435	1.0
6811412985159522435	13099741855862489088	1.0
550849154841376435	18067270497086063802	1.0
16118337451330506435	15985231906795996098	1.0
15286524312152541435	12018640390652428288	1.0
14526956341702829435	13817597540050141184	1.0
13372797370804262396	13244504547767264435	1.0
13121175994790232435	17633744036303001553	1.0
11967714433405596965	6366641963122493435	1.0
11464062220019729435	14607414104202149888	1.0
