9588966760269351014	15692751940469391360	1.0
9574453071056362014	11876267958571429818	1.0
8544161673287323014	855800685091714856	1.0
6957854323350054014	12160809463377011152	1.0
6929381150545914014	15045061470549221811	1.0
1991626945583396014	886871519363849503	1.0
16038542793976523014	6210242069427291793	1.0
14504066384690054014	13099741855862489088	1.0
14389864205936600014	12308865237947300305	1.0
12190336914000431014	13099741855862489088	1.0
12115295174187157608	13525139554574574014	1.0
11587165621666073014	17279434046409015296	1.0
11331656323931472014	8031420568096663566	1.0
11111198418286861250	18065300189836536014	1.0
10959830116937835630	13525139554574574014	1.0
10904839452264064014	13093022740305149952	1.0
9447643679263057014	13242457357046309307	1.0
9078064310288933014	17136100752778915002	1.0
750939857261500014	14823869430739501056	1.0
7358991954045096196	13525139554574574014	1.0
7315735610878033014	14461609018294065857	1.0
6682757145282577014	13244496912461070336	1.0
2829731405950081014	193273528320	1.0
17909920724390189014	12742834788378461363	1.0
16047887131008512014	14103852098101753267	1.0
15196410174669474014	15551430551310172160	1.0
13907533898013005014	13094745606306449102	1.0
11738591599168269898	18065300189836536014	1.0
11724249492178447014	16842253933849083904	1.0
10825881269448964014	14250454410299417040	1.0
10502245226788120303	14827189955855449014	1.0
5615459081304105014	12447021146015006720	1.0
18224462990928224341	6359864508719454014	1.0
18166849522020713745	13525139554574574014	1.0
18013159619407271014	2151154734856804401	1.0
16846475461759789014	193273528320	1.0
13492688870571137958	18064776800202317014	1.0
12738586745092840014	13172410662401395415	1.0
12454783333167803014	15761114049144872151	1.0
10502140360844570420	14827189955855449014	1.0
10490126343589399014	16339014033115971584	1.0
8025271399240933014	15833756696049614848	1.0
7504926367998067906	13525139554574574014	1.0
6815902972751815163	13701415951695331014	1.0
6811967833484214014	15908059509352813783	1.0
5582800571010348014	12374181691835601610	1.0
16068846436858831648	763983810508719014	1.0
16050845658153921014	13886238881729404119	1.0
15910258589293873014	15111796404861510096	1.0
14028296073820593517	16127349397484909014	1.0
