9801287902378058716	16054103241482305536	1.0
9791480438444783716	193273528320	1.0
952259681426632716	12156557674142019776	1.0
9299014374269422716	13099741855862489088	1.0
8106797798987653716	17422445372055224320	1.0
7687771640463357716	15472897976246001584	1.0
7546821947278666439	15833212419587627716	1.0
7541815935187613565	15833212419587627716	1.0
6814952255926706716	15545503243038674387	1.0
6472850802180445072	13820138562961590716	1.0
6135061433680682520	13099741859112469716	1.0
6127616202336923352	13099741859112469716	1.0
6124649535300274198	13099741859112469716	1.0
6123050858286462656	13099741859112469716	1.0
6115865446577405511	13099741859112469716	1.0
6066426055721593716	17422682905221529600	1.0
585942452265983865	15833212419587627716	1.0
3203079856447802806	15833212419587627716	1.0
17331169228276775716	193273528320	1.0
17274186134458677716	16416665942316023808	1.0
16783848359048324716	839040808005770044	1.0
16656895211145326523	819879207346012716	1.0
16318346312141796716	13679059139374874624	1.0
14908308702941287716	13099741855862489088	1.0
14134769575505641716	17632677479959232512	1.0
13983159665870572879	13099741859112469716	1.0
12500648615203480716	193273528320	1.0
11060896338561587048	708989532885717716	1.0
11054126562546300571	15833212419587627716	1.0
11047463199849624347	15833212419587627716	1.0
11038925287207896548	708989532885717716	1.0
10632368565359461716	16552109409787683280	1.0
10279008184658174274	15833212419587627716	1.0
9740217066149082716	17348135956728774656	1.0
9026954514470601716	14755170836134550455	1.0
8701150915187675716	12234265594009152700	1.0
7838290742181667353	15257331098053558716	1.0
7557134962570749447	15833212419587627716	1.0
7548054821898280803	15833212419587627716	1.0
7092695964089314399	13093085373137141716	1.0
6856807401297708716	13675722108091345361	1.0
6811455061571969716	7813868915401949285	1.0
6379511597548247716	12452667168288407552	1.0
6123715289604679892	13099741859112469716	1.0
6107194272709781758	13099741859112469716	1.0
6066102659129788716	13093023745327497216	1.0
5883377491426246716	15838238189480312832	1.0
3366879313783747716	18211637506763895472	1.0
2148377306679603716	18066750418340526792	1.0
17583537291776080807	17632715911326646716	1.0
