8849064929971732903	11870637256446372033	1.0
8338903115944096903	14903491757802831302	1.0
7626798490117473903	14756545375993069568	1.0
5483637743184060903	12597590501633599679	1.0
5345058492319016903	15046488768439045076	1.0
17908177810516268903	13093007345964265163	1.0
17904394821077389546	17347288194609118903	1.0
166615840424503774	13814732203131710903	1.0
15642938248061083903	15763961746617847765	1.0
12280541543085936903	12376398311572153034	1.0
12195490179098886903	12160809463377011152	1.0
11504778703531778807	13814732203131710903	1.0
986267296104681903	12661531513792277712	1.0
6160798453778293903	16051672169733685248	1.0
6076016543190515903	14681713623923962416	1.0
3856350142368050720	17347288194609118903	1.0
2703371768032147342	17347288194609118903	1.0
16924095322486231074	13814732203131710903	1.0
16497628809664457665	2081449897482947903	1.0
15392338263374263903	18211637506744972486	1.0
15302912400135235240	13814732203131710903	1.0
13898542551264111903	15111796404861510096	1.0
12468120889194837903	17858693157639994561	1.0
12453912223594507903	193273528320	1.0
11589726927317752903	11876267958571429818	1.0
10659437763084248903	13759279653766299648	1.0
10659104899225735903	13099741855862489088	1.0
8203084506362405903	851734309660702884	1.0
6752109527945334903	12738343360722029241	1.0
5740607365308892907	2081449897482947903	1.0
18144775610037309903	14110839554625808575	1.0
17350854119082509903	13099741855862489088	1.0
17027857480700613903	18066655896263503291	1.0
17026989502253348903	12156557673807201218	1.0
16618934144320900103	2081449897482947903	1.0
16545213438765000903	12595381544190802619	1.0
15394075358780732903	16415516969844926642	1.0
14988485377280105903	16341522087858405376	1.0
13461597874267048259	13814732203131710903	1.0
12387661358557548903	15119634794436100096	1.0
12185784768739669966	17347288194609118903	1.0
11622576947800906645	17347288194609118903	1.0
11511723493960441252	13814732203131710903	1.0
11470503687513488903	15326802678823697876	1.0
9725789677311750530	13219877369658323903	1.0
846937883078161601	13814732203131710903	1.0
7440657683574690903	13031121249273698767	1.0
7257895876287987903	13165629978384458425	1.0
7237951327715219903	17063229421407746760	1.0
6699569845767940903	11869796129241693360	1.0
