9708647467597942572	688594529019756561	1.0
9649860971863035643	12519658233579290561	1.0
9428591595380908080	12519658233579290561	1.0
9173996509061898561	13893545266356682752	1.0
8858138535976196227	12519658233579290561	1.0
8833083958369865561	14253241620969479383	1.0
8511984571020772561	193273528320	1.0
7659858413020059561	14321084852374339584	1.0
7472832862576622561	16118645763738697728	1.0
7342293715046449561	17278572102307333838	1.0
7095937659540463561	12235682938003390464	1.0
6929805407505951561	12011615653812240384	1.0
6804660123580352561	12011615653812240384	1.0
679934839874761561	12741501175078822352	1.0
5465565814153001561	16561628912555895742	1.0
199647179400631561	15119634794436100096	1.0
17623691463990724561	193273528320	1.0
17142883602003913561	12375547332521885696	1.0
15231982382502832232	12519658233579290561	1.0
13893080894205452561	193273528320	1.0
13670623987530554374	688594529019756561	1.0
13319348091228630561	193273528320	1.0
13260025985575278561	193273528320	1.0
12467826580886214831	17858693157639994561	1.0
12450392063012665049	17858693157639994561	1.0
12205474032487971561	2157043224878439760	1.0
11982714589578525561	14322529627833106432	1.0
11927250870700648561	16122579567234777088	1.0
11158915019570037627	14611908010088388561	1.0
10085022005955414561	13101802300468809672	1.0
9725879955186603561	193273528320	1.0
9202122413973220141	688594529019756561	1.0
9199296591741422353	688594529019756561	1.0
8726339233394450561	18067256121446418871	1.0
8438808382388036320	13817597544207151561	1.0
8297157415324097561	13099741855862489088	1.0
8141180945095463535	688594529019756561	1.0
7386517464444280561	14756555270721360828	1.0
5880491919776999141	688594529019756561	1.0
2162852866969863561	18066750418340526792	1.0
17872693703740040561	14894190977521549312	1.0
17287508568550930561	837904651463415747	1.0
16873754144428760727	13096372938540644561	1.0
16846610907878082561	14108836248734924800	1.0
13943564469364791561	13099741855862489088	1.0
13744074010259815221	12519658233579290561	1.0
13438031110844491561	17058124453344504266	1.0
13360795621466817440	688594529019756561	1.0
13277624577246123645	12088122859738672561	1.0
12847708470324633720	12088122859738672561	1.0
