9466838585738633314	17280014627203186688	1.0
9450811821914016885	749234295831615314	1.0
8965178686156932314	12526476185565199035	1.0
8620217609720669314	17636908460832509387	1.0
8344075167748394891	12163634125844901314	1.0
8340750613839147177	12163634125844901314	1.0
7581598426376718314	15979512295344619467	1.0
7276214676191887314	13164245676132125885	1.0
6805192294941358314	12373263659755896832	1.0
6380135622439014314	6046297596544985813	1.0
6056826517522776314	13093085373053841110	1.0
2158476451353179314	18066750418490094025	1.0
18055968327397827479	11796003557529275314	1.0
15323642319816981314	14538733156757792724	1.0
14120659310798111175	12661533629815312314	1.0
13680292594114586314	13308612815392915391	1.0
13437805633714089761	11796003557529275314	1.0
13436906825882777552	11796003557529275314	1.0
13418429562968769747	11796003557529275314	1.0
12688193881569196867	12661533629815312314	1.0
12682517682729715809	12661533629815312314	1.0
11298033236619735314	15545561431255547904	1.0
11229000128396690314	15761114048811431373	1.0
10963753126411294314	12810147986508087296	1.0
10476765121793944314	18071186995672110776	1.0
9777493576692218314	193273528320	1.0
9455024128357994889	749234295831615314	1.0
8347777262108445170	12163634125844901314	1.0
8327031259907459809	12163634125844901314	1.0
8286195834922375325	749234295831615314	1.0
8282881927407579314	14250454410299417040	1.0
8109874773695346185	14831424175134000314	1.0
6185466027059955314	193273528320	1.0
6055385848114329314	13093085369518260224	1.0
5384854059067000325	15908059509704218314	1.0
4767474161928811314	689914806226772590	1.0
4354206686081105703	15480738687761968314	1.0
17911145189767611314	11869756666781411764	1.0
17153577587734924977	15908059509704218314	1.0
15858371609821401482	12163634125844901314	1.0
15841916481871575314	12452097602957982901	1.0
15449426963230691779	11796003557529275314	1.0
15446098058545248874	11796003557529275314	1.0
15445356210448170931	11796003557529275314	1.0
14910984763313509345	12163634125844901314	1.0
13927196129898788314	17779304015772492240	1.0
13430287731518103192	11796003557529275314	1.0
12692626996441391524	12661533629815312314	1.0
12689912920787584210	12661533629815312314	1.0
12689610065395418029	12661533629815312314	1.0
