8179001009691967262	11872877013171747271	1.0
8175489615084921092	676306411948944262	1.0
7970253061968557262	13099741855862489088	1.0
7613944717158466262	14903491754970841088	1.0
7546651161579523262	17063229421407698944	1.0
6070422850769264262	13093085373053841110	1.0
17310216180591793262	13171527899129903794	1.0
15778348363186457262	14968514612659738314	1.0
14118368405221736262	15833998580017790976	1.0
13933128821190001262	11798558861881800045	1.0
11972286698372339262	13099741855862489088	1.0
1161669276145630262	15693897635038546355	1.0
11227479997662456262	14318597735597473792	1.0
10467329180922628262	12232577809792368640	1.0
10232653769206429262	15264858371837132800	1.0
10046659925862855262	18141056433616060416	1.0
9969548045751330262	16482263921475690960	1.0
9425368940662816234	676306411948944262	1.0
85458356756606536	6457051714323219262	1.0
6060685777106845262	15617336501971964088	1.0
550617246456999262	5836753475233819614	1.0
17905254891003303262	14173901992497299657	1.0
17818757159004622262	12742845767375445712	1.0
17014155162895448262	17711176003278201029	1.0
15633825234186021262	11798004724193736132	1.0
12890706944727630262	12160809463377011152	1.0
12211831692209163262	15111796404861510096	1.0
12047711555167947262	16991435770289979392	1.0
10976851696275030262	12810147990263024822	1.0
10236732665916787262	18210272906380157623	1.0
9473495632946371262	13308612815392915391	1.0
9028983542892318262	15762555608684822528	1.0
8842601852413783262	14110853762377627059	1.0
8484185395309502262	17063229421407698944	1.0
8116193451521149685	676306411948944262	1.0
6060685777106845262	817123435287997910	1.0
5728861954216178262	15264906714642032059	1.0
5159916696111777262	15615627732426207180	1.0
4922330573454145262	13096146457134682298	1.0
2870202374147949246	2144323821030495262	1.0
1828733334101980262	12955417696152846336	1.0
18037741996660529262	14325640171997888512	1.0
17630187825871897262	13239366642745526473	1.0
17584536727107464262	13173771943695935666	1.0
15966109291963670262	14901815012149418692	1.0
15150789057317638572	6457051714323219262	1.0
12486215196959106262	16696502650996303537	1.0
12384358689352748721	6457051714323219262	1.0
12199470217995429262	15111796404861510096	1.0
12070027741074903262	18143847066600663218	1.0
