9786289008365400754	13099741855862489088	1.0
9113613619027177754	12660969674806261427	1.0
8448494810867334754	15408402823183859712	1.0
8236151683389745754	14398542108988976854	1.0
7356082135007536754	193273528320	1.0
7016606272788235790	12310211147553879754	1.0
6162000916913862754	16341520975461875712	1.0
5178553456979521754	13678744562996397497	1.0
17907469445004056754	13099741855862489088	1.0
15854804873070235754	12092725521458117042	1.0
15194607769441109754	12158814864629825536	1.0
15180149965068293754	193273528320	1.0
14397418250337518754	12308871899441528832	1.0
13770447523780495754	14823869430739501056	1.0
12949615917120037465	13886228015648855754	1.0
12879968581618422754	12160809463377011152	1.0
10708776351188683295	13894087265003500754	1.0
10589362800932012754	193273528320	1.0
10335879367017321754	11873379558705118416	1.0
9501850921488041754	15913161128000149457	1.0
9051043284137871754	14399950651935090381	1.0
8973336837548608754	193273528320	1.0
7566448180066602754	12661531513792277712	1.0
6788196268279511754	12011615653812240384	1.0
6578275833868033754	15839704061818502324	1.0
6503697672761025754	193273528320	1.0
49778659104065754	17922625387762810880	1.0
4026644568795474783	18212182771370093754	1.0
2689665277605335754	12741501175078822352	1.0
16303150296897032754	16337308819430309888	1.0
14917125081623129754	17926203151354953728	1.0
14167533059511048754	16055527109040275456	1.0
13444086752888319754	17058124453344504266	1.0
12953908161450782226	13886228015648855754	1.0
12446228242410941754	15119634794436100096	1.0
11612276542920638754	17203745852091269120	1.0
11012094600146827754	15408402823183859712	1.0
10696314805426696754	12012969070630721456	1.0
10270774276185863754	12011559595899135665	1.0
9135428868494705754	12092722146942439103	1.0
8288854316492097857	12310211147553879754	1.0
7931764537878744005	13894087265003500754	1.0
7488294448983896754	12227477218300788736	1.0
1852959579869559754	14174485836776078275	1.0
18051089868620853754	14101576199226523648	1.0
15782313786064559754	14895929344059768832	1.0
1542836421279900754	13099741855862489088	1.0
15246655283016458754	13099741855862489088	1.0
15051030870503047754	17564848684951142400	1.0
14406651645046911754	13894122543311475127	1.0
