9786262620044218032	13965093692021669888	1.0
9603041299894348032	14320219523838377984	1.0
9415835675738158572	16123915576941740032	1.0
9404045797186450736	16123915576941740032	1.0
9352924531893564076	16123915576941740032	1.0
9214973402505111853	13890161068350636032	1.0
8925519287975390640	8028914762521772032	1.0
8243389730808242032	11660053407900677579	1.0
7895232500677577062	11873447900224684032	1.0
7810033465071449845	16123915576941740032	1.0
7495739067237417443	13137932803855077032	1.0
7492240928034329673	13137932803855077032	1.0
7463369362652227215	8028914762521772032	1.0
7423599599335165577	11873447900224684032	1.0
7418158571449340012	11873447900224684032	1.0
7414286959014106566	11873447900224684032	1.0
7413683924177848671	11873447900224684032	1.0
7410804208783607221	11873447900224684032	1.0
7407409810200089306	11873447900224684032	1.0
7210035041794557438	16123915576941740032	1.0
7178126888033480441	16123915576941740032	1.0
6964493564454579809	16123915576941740032	1.0
6788059542224905178	17570187831811244032	1.0
6409684950014776322	16123915576941740032	1.0
6367096647207878582	15975067042847916032	1.0
615282768557124176	16123915576941740032	1.0
6074493448988293190	14247095399226540032	1.0
4707323078607068032	17127707020938444800	1.0
435213590392164032	2134469396246179209	1.0
2814461907668192894	16123915576941740032	1.0
18326765151831499032	2177991408108251196	1.0
17429367804043047032	11651911464167407616	1.0
17207136881856005284	11873447900224684032	1.0
15770139758913907032	11726187911324893184	1.0
1473756241495937176	17134461375675034032	1.0
14401471375567895542	2262873782707432032	1.0
14316844166672257886	16123915576941740032	1.0
13443909779730687581	16123915576941740032	1.0
13062350085724031269	17416807033478316032	1.0
12744427516464971953	17416807033478316032	1.0
12117157981178237608	16123915576941740032	1.0
11895061943958967032	15185196435035369942	1.0
11379624934647105886	11873447900224684032	1.0
10936618872661626782	8028914762521772032	1.0
10401855565298365068	16054740833672364032	1.0
10302165303949476032	13814715685714001920	1.0
10083847880636289032	16118645763738697728	1.0
9538595139696494539	16123915576941740032	1.0
9401490179986755224	16123915576941740032	1.0
9331830921858992032	2156781897059002496	1.0
