9964833378598558820	13099741855862489088	1.0
9140020253219414820	2068584829380001901	1.0
8287789283962837820	13814778460956000256	1.0
7566410297403399820	12159711078275612672	1.0
7316252842423842820	813358282587290120	1.0
4579261294192908820	11947437095637994685	1.0
17959438249074632820	12810147989692986826	1.0
16796580444219970066	12088122859738692820	1.0
16189006234657695820	193273528320	1.0
16023076905229145820	193273528320	1.0
13129320187291546820	17994396984223521719	1.0
13119875874637480820	13099741855862489088	1.0
11973413563411581908	2286292491900304820	1.0
11924453205231551921	16696469807381402820	1.0
11744466805282292820	14101576202712636116	1.0
11650174098391832820	17711785159734329344	1.0
11221148380340648820	752498411228473880	1.0
10933606056196167820	16192904464091316224	1.0
10917341912653836820	12735871569415372800	1.0
10581960141304003820	15044751514316298188	1.0
9944301122214386820	18290141421677304243	1.0
9944301122214386820	18290141418544431104	1.0
8532073469491135820	12237072759049484213	1.0
6054807178620061820	13093085373053841110	1.0
17902740935105051820	15041114296819908608	1.0
17316525904522182820	14605643920546256599	1.0
16501131684596017820	14822103739619344384	1.0
16277659415113648820	12958818554337077179	1.0
16224663686589023993	16696469807381402820	1.0
15488712078529571820	18137395162350281427	1.0
15380211148462091820	15832389869952367291	1.0
14902378049343062820	13382143630006006494	1.0
13299747006624871204	16696469807381402820	1.0
12451082947191569820	15192243333621067440	1.0
12219881981433502820	12160809463377011152	1.0
11985867586598538820	17924507644295380992	1.0
11912997010573153820	12810147989893397692	1.0
9781126217989791820	6576896720593291471	1.0
8568564894664109820	16912639179291151558	1.0
8519091640368882820	12595367207589967814	1.0
7133778137163403820	17281335222272524288	1.0
6208609093738633820	13099741855862489088	1.0
1974895646163744820	18298967181200719872	1.0
16213778405414489981	16696469807381402820	1.0
16080594514317249820	14321082588926574592	1.0
15347570187042770820	17131036342147350528	1.0
14180231592267761820	15045044998104654288	1.0
13475141432843141820	17994396984223465472	1.0
13299464801596297298	16696469807381402820	1.0
13261604894021296820	15693882307142221824	1.0
