9824039636837850872	12519658233579290561	1.0
9489028820549741642	13103219615436111872	1.0
9485008228588272314	13103219615436111872	1.0
9485004388749427310	17487732147719503872	1.0
9156722660313430872	15481044283665940480	1.0
9020253122375383872	17637219536723771392	1.0
8730799198562055802	13030264764075343872	1.0
8553106125621418051	18209992638696783872	1.0
8541939055790564505	14535864475946319872	1.0
6320801077835550361	16265852606713167872	1.0
5657060991823071872	193273528320	1.0
4848972913113668967	13030264764075343872	1.0
474356287008044563	16265852606713167872	1.0
4670792674302747166	14970466311048527872	1.0
38074199653095021	18209992638696783872	1.0
2549533786187827308	14970466311048527872	1.0
2438260280521395097	13103219615436111872	1.0
2081447283509130969	17922631946177871872	1.0
2073230920822677964	17922631946177871872	1.0
18436790955991363872	17131876277372304823	1.0
17910310218110020872	12665707407414982598	1.0
17910197874571084872	193273528320	1.0
17902103284226770872	7304868579026199506	1.0
17446354445221996650	18298967181200719872	1.0
16824620198428360821	16550995485494607872	1.0
16616899761763191845	13103219615436111872	1.0
16391443042266564844	14102369904887901872	1.0
16177115009811945857	14535864475946319872	1.0
15934985094595093023	12234265590205775872	1.0
15148847745935780696	18298967181200719872	1.0
15085655419133326706	14535864475946319872	1.0
15060127321476641402	18209992638696783872	1.0
15046933411127584080	18209992638696783872	1.0
14907396340869469001	18298967181200719872	1.0
14863070216089322157	18298967181200719872	1.0
14838661822918800872	17127649768031312834	1.0
14827468799383296899	13103219615436111872	1.0
14679924597119312452	18298967181200719872	1.0
14117327151001077074	12234265590205775872	1.0
14039744002004758555	16122503778241871872	1.0
13899362713385540393	16265852606713167872	1.0
13499811190129773872	12595416634073591217	1.0
12927197588108776584	13456167142919503872	1.0
1245028871788819879	18298967181200719872	1.0
11995427667522159312	18298967181200719872	1.0
11989404296986354312	12446239406132559872	1.0
11754029040858042414	18298967181200719872	1.0
11750389992399330729	18298967181200719872	1.0
11742364371526657444	16265852606713167872	1.0
11723666789717602872	193273528320	1.0
