8802295214860753875	12163283348604634814	1.0
8667560205644931875	12666585912910544896	1.0
8619627817307893875	12375304370516918272	1.0
8186806507276384875	13239366642745526473	1.0
7575540405778257875	17641426382711006642	1.0
6957027103956332875	12160809463377011152	1.0
6798706796394377875	15547538293032747008	1.0
6547312533055738875	15474625412092395520	1.0
17658922910340798875	803148970512311427	1.0
15283520254191301875	629047366194268965	1.0
13687171069254666875	15838823245630406656	1.0
13359774631433090875	12016099479410180096	1.0
12880034384770508875	15111796404861510096	1.0
10281495730795392875	18067270495995286732	1.0
7090931768049630875	13600823423772774613	1.0
6872999532519985875	16118645763738697728	1.0
63513453998416875	13099741855862489088	1.0
17935318795833401875	703319793633911220	1.0
16303253942790095875	18143578691815342080	1.0
15281525968886408875	762376436451137959	1.0
11868363694246239875	193273528320	1.0
11252724687329842875	17138080878786831308	1.0
10589717239581734875	14823869430739501056	1.0
9791431916936043767	773325269906278875	1.0
9495915023189172875	17780970811244804807	1.0
9263174523242629875	13525116493632684751	1.0
9259660360885246875	13675102967689117696	1.0
9039477188240280875	17279434046409015296	1.0
8781527140271812875	17058125445481954480	1.0
7926701493384002875	14687582752568508416	1.0
6798690226414151875	6125068581055397621	1.0
6255318238674053875	15695020275819738836	1.0
3098088321349468875	16629167467113067712	1.0
2629185819617863875	18208320208496492544	1.0
2151976298636720875	11876267958571429818	1.0
16818637662636894875	13313969503086038205	1.0
16304029948477728875	12598468951366747074	1.0
16048980776614768847	13820404579642034875	1.0
14363531360217003875	17058125445481954480	1.0
13912819293333441875	15111796404861510096	1.0
13428476505225160875	12738977749893382144	1.0
12565036239895183875	13814783833352883667	1.0
12215365045912925875	16552109409787683280	1.0
12207374748894211875	17424116702707436733	1.0
12205854656835590875	13099741855862489088	1.0
12201848087973254875	16842314445271248336	1.0
11871551530620408875	13892189498302394825	1.0
11059846630022409875	12810147990263024822	1.0
10818825289606009875	15264927568055284429	1.0
10593418203604720875	2294566749594740113	1.0
