9962732847445604868	12814956163741253632	1.0
8659976321265259147	12591434336012785868	1.0
6810987018977930868	16628385762466856960	1.0
2989756964020208868	12593655225035848151	1.0
2009476631670275312	12591434336012785868	1.0
2008168045419684492	12591434336012785868	1.0
2003409333252561517	12591434336012785868	1.0
1992090311941350088	12591434336012785868	1.0
1990286438575942821	12591434336012785868	1.0
1989421488032640330	12591434336012785868	1.0
1985527700649950941	12591434336012785868	1.0
18330847634780301300	12591434336012785868	1.0
17282018118755276868	659602373863560690	1.0
15981350010102516868	13103137070459650048	1.0
14654164403290585507	12591434336012785868	1.0
14408657840326270219	12591434336012785868	1.0
12233681030020453868	2421463342105023806	1.0
11976534650183162827	12591434336012785868	1.0
11964386442694385099	12591434336012785868	1.0
11085537720825906868	16118571946135781376	1.0
11051119332047232868	13313132753298966206	1.0
11022428902578680868	12591434336012785868	1.0
10321599287903172868	18298967181200719872	1.0
9988598293764006868	16767649883766128640	1.0
8749915217394386868	14101576199226523648	1.0
8629656346029202868	16053261960468291267	1.0
8274376934442064868	13099741855862489088	1.0
6941948285494945868	14104146827347492864	1.0
6417897959355862868	13632455664737832168	1.0
5107730854658553868	13893545269440532179	1.0
4966003834727292868	18353817564292900047	1.0
1995640209808051335	12591434336012785868	1.0
1993172699524641260	12591434336012785868	1.0
1992098588414813325	12591434336012785868	1.0
1987679809954983833	12591434336012785868	1.0
17476091892955347868	15832348157229924352	1.0
17031605664323852868	12518875261682319360	1.0
16797556455242108793	12591434336012785868	1.0
15837209631341124868	14895929344059768832	1.0
15759529442123246669	12591434336012785868	1.0
14519095766243434343	14758828954269841868	1.0
13863857490983299859	12591434336012785868	1.0
13604295709991531868	14607414104202149888	1.0
13268612064777027229	12591434336012785868	1.0
10328951154904908868	193273528320	1.0
7531975412737813868	14177829435146824908	1.0
5740869360117699868	11725862498291607245	1.0
5487213466444477868	16629167464604184113	1.0
2606965405113775868	11947437095637994685	1.0
2001972026711543464	12591434336012785868	1.0
