7044965146228421070	12160809463377011152	1.0
6832207244232346070	12373263659755896832	1.0
5801247916155172070	14607414104202149888	1.0
312931190022120070	16629167467011880120	1.0
2120471066666271070	193273528320	1.0
17805181411614263070	193273528320	1.0
16876231181861360070	15046488765491096784	1.0
14538537857893565070	14538980560618978484	1.0
13302689018938244070	17416247394944679936	1.0
12489586863364456070	17929358731805958842	1.0
12004100318911932525	806179356674801070	1.0
10612948686204116070	12594535985389240320	1.0
9868127996996415070	18300362465751334912	1.0
9516837490791433070	15695020275819738836	1.0
8951160096507232070	12452665939927760896	1.0
8893692816475134793	12011564964537168070	1.0
8558086825062417070	12591434335526900951	1.0
7380444496619132070	18065854232027773650	1.0
6828268678856902070	17347239846162202624	1.0
6307256327190399070	12595427762333810688	1.0
587621638791326070	12446753887380104885	1.0
557276318359902070	13100954509813743616	1.0
3967738218866160070	13099741855862489088	1.0
18443869072620329177	12011564964537168070	1.0
18179611119250719070	650867393997934038	1.0
17656163183639146070	17706986903875616768	1.0
16009877497813074070	13099741855862489088	1.0
15471284072377063921	12011564964537168070	1.0
14013769275614846070	11869773143386095616	1.0
11951856460660814070	834661719678348891	1.0
11734211647352941070	193273528320	1.0
11720895826979762070	193273528320	1.0
11100494144285427070	193273528320	1.0
10055971071439044070	15551433987284008960	1.0
9944977723648261070	12742612799765701229	1.0
8959520086029586070	15985231903292706515	1.0
8489323950099863070	11731813054417062359	1.0
8263227612749721070	17203745855458700982	1.0
8008021609254848070	12376398311572111360	1.0
6939342430020396070	15264848385967104456	1.0
6127331673538591070	193273528320	1.0
4857100520348379334	16846535406220986070	1.0
15926786087263141070	13099741855862489088	1.0
14130133836844532070	15545503246374075082	1.0
13938290892994235070	18066750415608741888	1.0
13118265771901761070	17641121823749874121	1.0
12547731275411663070	718033407313075660	1.0
12380542354391984070	2192200375204661343	1.0
11023390158203129070	884634957425792145	1.0
10073056146474099070	15616695491360774845	1.0
