9643022707191095581	17564869451118018560	1.0
9044334460463444074	15326834470745538560	1.0
9034612887890873039	15326834470745538560	1.0
9034550138409882392	15326834470745538560	1.0
8147228124808117419	15472034966992322560	1.0
786412121509756207	15331062041326255560	1.0
7072565520213903560	13100032053917777920	1.0
6813297251718948428	15326834470745538560	1.0
6698252368910483342	16055527113279728560	1.0
5306075815434567219	14970500361549250560	1.0
5133807060656243779	13670579654161858560	1.0
4665988841996810380	16055527113279728560	1.0
4025110531116581751	15326834470745538560	1.0
3227984353839613244	13670579654161858560	1.0
2323057822953011560	17560878236794140094	1.0
1872090820367930551	15472034966992322560	1.0
154975748923596447	16055527113279728560	1.0
15408561028674395985	15472034966992322560	1.0
14661366642548843560	2019139232785162765	1.0
14277436325197337059	13670579654161858560	1.0
14157949234826214851	13670579654161858560	1.0
14026040210050510618	13670579654161858560	1.0
13938505186368191157	13670579654161858560	1.0
13802456189068093808	16055527113279728560	1.0
12974871710259257560	14042198061610958848	1.0
12771564410426524560	17127707024525285563	1.0
12433912459674717560	15111796404861510096	1.0
12238711802157300560	14399964812983458747	1.0
11501368460939639483	16055527113279728560	1.0
11190157530700423560	12742883210900275200	1.0
11116733044579128610	13670579654161858560	1.0
11033213302679886605	15472034966992322560	1.0
10739311813799012126	13670579654161858560	1.0
10718092072444359321	13670579654161858560	1.0
10490126343589399014	14970500361549250560	1.0
10409673639925461178	15331062041326255560	1.0
10335100054090557628	12230836286453186560	1.0
9921566287052292642	11661195847726530560	1.0
9743609059476398331	59304843998658560	1.0
9633753115507892189	17564869451118018560	1.0
8976995214610291825	14970500361549250560	1.0
8794779532733930353	15472034966992322560	1.0
8620172770459108483	14970500361549250560	1.0
8232122592480403549	12230836286453186560	1.0
782302881492450159	15331062041326255560	1.0
7767313683930291560	12092624393215386323	1.0
7484488704327621560	749256569583974029	1.0
7452705066472380271	12955395658675650560	1.0
7344898458698875656	14535646733989314560	1.0
7320428546631702560	15477397271069586114	1.0
