9916914357887732394	15623235286375127235	1.0
948340839787345394	16623820550958138575	1.0
8231852420887475394	16411108031296700416	1.0
6844069055359886394	14321082588926574592	1.0
16108243877881439394	12014712965182783488	1.0
15198781638792517394	17857029567420619961	1.0
13985345829854691394	12738941543319076864	1.0
13972980039279418394	13099741859112469716	1.0
13605402623260786394	12231409015958192055	1.0
12211542545540393190	17063221698347646394	1.0
12008272618215361394	11725049921085169848	1.0
11651561178907213394	16265852606713167872	1.0
11630242928150902394	15477381870563419324	1.0
10402538812972975394	17281335222272524288	1.0
10176322193289596394	16917428634761886156	1.0
9589537762274114394	12446230558499930112	1.0
7268900051924186394	12376432516691656704	1.0
4710694786903994394	12373263659755896832	1.0
2601081849689230394	17993808818517049344	1.0
17820318839271997394	193273528320	1.0
17557902458749067394	15624312791261836498	1.0
15777828826324216394	16192328272753778870	1.0
12835450751020442394	12733000821864702667	1.0
12381069348480334394	193273528320	1.0
12306707308526269394	13600835384099594437	1.0
12220915117304824394	12810147986508087296	1.0
11933842737994753394	721195594683442960	1.0
11712688192449072394	14181462267564630480	1.0
11653767529639363394	12810147986508087296	1.0
11266146544871016394	193273528320	1.0
10975987514901441394	16916829426694488064	1.0
8975211555078591557	17135444944179827394	1.0
640637194522374394	798719621074115149	1.0
543600838882970394	14607414104202149888	1.0
5168040571050663394	14101576199226523648	1.0
2816671947866047394	13099741855862489088	1.0
17368581801348589394	8027789932061812078	1.0
16800741006517087394	16633179610930793402	1.0
16704738832725746394	193273528320	1.0
16161284628415250394	643441137432440335	1.0
15454668916318826394	13244505661309500857	1.0
12357411501352032394	803148970512311427	1.0
12189841201798467394	15111796404861510096	1.0
10886906811028496394	14607414104202149888	1.0
10746292571821986394	731309417248384766	1.0
7602835664607814394	15264848384574146995	1.0
7135637601838044394	12594290781411344384	1.0
6118550647366500394	14038505854320246784	1.0
6067797062282188394	14681717953254673479	1.0
3334984837359466394	193273528320	1.0
