9806600925638852116	17347289315595580618	1.0
9591411188413509652	14101576202712636116	1.0
8685276053625600666	674519431018198116	1.0
8048813075186494683	674519431018198116	1.0
6730167691554294116	13093007345964265163	1.0
6279932863129130116	12955417699571454908	1.0
5848776544752165116	13030250414589607936	1.0
5327833850494354116	193273528320	1.0
259849670734725106	841026346179473116	1.0
18343184683675454699	14101576202712636116	1.0
17692230653539948116	15693897635591079351	1.0
16154131172934159116	17867461927324614656	1.0
16046088042312275116	13093075456733741056	1.0
15991074142621558483	841026346179473116	1.0
14440992224586326116	193273528320	1.0
11905490485869078116	15477389481245461186	1.0
11726157853486663116	13099741855862489088	1.0
11723785691535956995	14101576202712636116	1.0
11103955509968731116	193273528320	1.0
10970281663613204116	18137395158679814144	1.0
10724333635599140116	12018640390652428288	1.0
10398765765748564116	15616700920199380992	1.0
9789119696711673574	14101576202712636116	1.0
8982845358547978116	13817548154986745800	1.0
8591280139789874116	14756545375993069568	1.0
8135509300002020088	11944350822369896116	1.0
3778744424553731603	841026346179473116	1.0
248858656120549336	841026346179473116	1.0
2159050536650335116	659296065929313210	1.0
206945829103971655	11944350822369896116	1.0
18174821953544737116	14391434917739297228	1.0
16977047292888570116	13528518508425559497	1.0
16506009169703974116	12526381747824294587	1.0
14943360119627534493	11944350822369896116	1.0
13920409133147741116	834312217223689561	1.0
13111306527062868011	11944350822369896116	1.0
12728819485575665116	15402218143292118450	1.0
12098666968731328116	16265802097897766912	1.0
11741851092882892323	14101576202712636116	1.0
7316119114202104116	16120906256566234320	1.0
6395578623033069116	15111741391870361600	1.0
5771588139254369116	12593674067057375945	1.0
5171123034582395116	11869756663596580864	1.0
5161154630200164757	14101576202712636116	1.0
4448575954727886116	12160809463377011152	1.0
18045940973594136116	18143578695149611209	1.0
17505418405778866116	13675148166562562231	1.0
15989944068004073444	841026346179473116	1.0
15838268812759469116	12958818554337077179	1.0
15360578499472277116	14250454410299417040	1.0
