9494203689251333633	13759279653766299648	1.0
8440460896850429633	17134480018628831607	1.0
8066400948291360633	657690954726159763	1.0
7915711852668584633	14968515661456736256	1.0
7330844668825370633	13241667907697508352	1.0
6960107007860310633	12160809463377011152	1.0
6809635448477318633	12014751482449494016	1.0
6660643592436003633	13632455664737832168	1.0
4765983360070646633	12742883210900275200	1.0
3792736728629768633	16127353770618118332	1.0
2768172674311602633	16633167585780695040	1.0
17865898178340729633	13096090287552331776	1.0
16751143525376915633	12232553628032543673	1.0
16252869821455583633	16697012936060698624	1.0
15929028223470644633	15111796404861510096	1.0
14122434866228295633	16123915576941740032	1.0
14001443499141465633	14751167514297819087	1.0
13895001637879676633	16265852606713167872	1.0
13528680909399839633	13099741855862489088	1.0
12367932686209327406	12379517654662247633	1.0
11339157654914338633	14538414359375292106	1.0
11078686837353157417	13530730652806216633	1.0
10365768852473964484	13814783833822130633	1.0
10183851090879013633	13099741855862489088	1.0
9542278340090137633	15615660777904537600	1.0
8341232191587118633	12308868510712383436	1.0
8208225014655423633	14535928346404978688	1.0
7439590401432339633	11725036787075121152	1.0
3686040315100008633	15111372296811551849	1.0
1768396753726076633	17926551695378728397	1.0
16277881410871831633	16341579202333507584	1.0
15838162787192452633	17203089512369011143	1.0
15771445226497885633	13820414420121084863	1.0
14793698990720008633	11725049921085112320	1.0
14029231152389938129	13814783833822130633	1.0
12467935373119566352	13814783833822130633	1.0
9911092020246372349	13814783833822130633	1.0
9842476856662785633	17135617954063111347	1.0
9479985143204887633	14607414104202149888	1.0
9053934795613256633	15984060953473843200	1.0
8762118835127692633	17347295921255219200	1.0
768340568809346062	13814783833822130633	1.0
7108818726001773559	13814783833822130633	1.0
7091990039022056540	13814783833822130633	1.0
6821913573409405633	13101247000522128572	1.0
6717002070736060633	12308865237947300305	1.0
324762880069039633	7304868579026199506	1.0
17556913661292616633	14903491754970841088	1.0
1661901869864052633	13759279653766299648	1.0
15025104445441832633	17849407714468298752	1.0
