9192726674811935197	16265802097897766912	1.0
7481277266865880197	11651643143967712177	1.0
5851312808875699197	15264880254695505920	1.0
5163324971709219758	12590075243877750197	1.0
2523256406527674197	14606488375541104640	1.0
17921118056154018197	7883006635243389873	1.0
17897316189592439197	193273528320	1.0
13880298942581369872	12590075243877750197	1.0
13278210994553375197	12591195712013729792	1.0
12952491107251673197	13528477620336852992	1.0
11736330264503757417	12590075243877750197	1.0
10999847793058568197	16843959289268666368	1.0
10353264840950993848	12590075243877750197	1.0
9212289094749308197	13102368597731180544	1.0
9195482669445231197	16265802097897766912	1.0
9130500050349371197	14391434917739279565	1.0
9033996667500548414	12590075243877750197	1.0
9033642470093038608	12590075243877750197	1.0
8287635919379070197	13099741855862489088	1.0
8234402623321734197	193273528320	1.0
7723666423625293197	12157442772902608896	1.0
435425411028654197	16926773598076324794	1.0
17893090547320844104	12590075243877750197	1.0
17244867509994939197	15616695491360774845	1.0
16578788061168453197	14682576706192078790	1.0
16075310350380483387	12590075243877750197	1.0
15545971361340003366	13093085372650997197	1.0
10383924261615835197	16697002941671800832	1.0
10343173329948014425	12590075243877750197	1.0
10061182788522013009	13242548633691286197	1.0
8846524959553788197	193273528320	1.0
7249929855086380328	13242548633691286197	1.0
6975541771195946197	685943812871201062	1.0
6928869026877691197	14109436470414582486	1.0
5540212247818508643	12590075243877750197	1.0
5178085906822473770	12590075243877750197	1.0
3297686253321836197	11876267958571429818	1.0
2490977868726967197	18067270497204168893	1.0
17759876944521583197	12810147986508087296	1.0
17614735076474292197	16842314445271248336	1.0
17527200762576432197	15978487575014332091	1.0
17334301515786207197	12157442772902608896	1.0
16452747225661297402	13093085372650997197	1.0
14961118306115023197	6246320215281898460	1.0
13821149525062106809	12449879845658475197	1.0
13582262709793904197	12518853282752690619	1.0
12559077834721412197	16120906256566190080	1.0
12299422073249916694	2444558592122900197	1.0
11372619445615930197	14607414104202149888	1.0
9782699115730694846	12590075243877750197	1.0
