9067259505044617757	8028914762521772032	1.0
8275473740159601757	13099741855862489088	1.0
6611151028653942757	14607414104202149888	1.0
5168556499624797757	193273528320	1.0
3421910389643258317	877992012911434757	1.0
2374197442466503757	14250454410333245139	1.0
18026103628690588757	2151154734856804401	1.0
17005830503881321757	13093062193874731008	1.0
15609696343965391757	13093007342847453877	1.0
13486405495757960757	16341534161011538619	1.0
12010697935648695757	13101732951161307136	1.0
10696634966311515731	12092665002366061757	1.0
9937937348416920757	16561117611014807748	1.0
8412970354759048757	14681690533001951432	1.0
8224639457482803757	15545503246374075082	1.0
8161914559828533757	193273528320	1.0
8090879052848117757	712227427146303991	1.0
7406362024518253757	11725070833280876544	1.0
6865577938629003757	13890161068350636032	1.0
16762300511396323757	12595411261069459456	1.0
15858777978500727738	13101728702194114757	1.0
14909969110864119757	12740100342604677814	1.0
13273714993599139757	12662921202000525254	1.0
13239525237890094757	12730220638007645180	1.0
11638078624886621757	18143578691815342080	1.0
11435772813119478757	15984034496475343035	1.0
11241437243628524757	2219426851209649088	1.0
11017219315428559757	193273528320	1.0
10761979626323241757	14607414104202149888	1.0
8330154667231022757	14320576865117453517	1.0
7488764820954149757	14321937003242824625	1.0
6828828729665863757	11651896049529782272	1.0
6686828674974804757	16055527113095699388	1.0
4436508632991615202	12519657001564824757	1.0
16928559790682271757	15111796405145757897	1.0
16597259572730278757	16992339555963156149	1.0
16247186796380554757	16990081150489766071	1.0
14195493785760330757	193273528320	1.0
13935411783868259757	13099741855862489088	1.0
13468255666513535757	841336915016853225	1.0
13468255666513535757	16628646372136245705	1.0
12205704556279617757	12160809463377011152	1.0
12199860999791114757	2157043224878439760	1.0
12106720480799255757	806406212337475912	1.0
11198383312357556757	806120339347395156	1.0
10933650981567006386	12519657001564824757	1.0
10683205486219238238	18211098716854925757	1.0
9764971923161962757	16122597163715788800	1.0
9126261227869336757	11868007357776714172	1.0
8456958857195181757	17997504195493625856	1.0
