9473335624017900035	14543201641592570063	1.0
8120530764224065063	17203725000025047040	1.0
7091668891511116731	14464995411028399063	1.0
6736353990120743063	18212228959461292593	1.0
6052107881763925063	15760851278515928006	1.0
5148927428630691063	13670579654161858560	1.0
17414221838027984063	15477443374495039488	1.0
16598495295036292063	16992339555963156149	1.0
14605584986519595063	12810147986508087296	1.0
13431294158365067063	17058124453344504266	1.0
13430712658392352710	663435035163757063	1.0
12891025077315622063	15111796404861510096	1.0
10049001135321845063	13814746566528860160	1.0
9341732800734705063	11876267958571429818	1.0
9187778473854375063	12738941543319140538	1.0
5116283517621902226	14543201641592570063	1.0
5113737354986644063	14970500361549250560	1.0
4840953788612482063	721195594683442960	1.0
3283667491088886063	697063233070793738	1.0
18072375978568191063	2151154734856804401	1.0
16275570946585210063	15119634794436100096	1.0
16073146802731591018	16631163197558139063	1.0
16060076489433562063	17131036342147350528	1.0
15834148741385414063	14606481688277024768	1.0
15299437649070497063	762376436451137959	1.0
14975115063750571063	14903470833710510270	1.0
10364763086776458063	12018640390652428288	1.0
9286688576067780063	15326802678823697876	1.0
9063416676817598789	14543201641592570063	1.0
8794704011476156063	193273528320	1.0
8746198582450098063	14895836890593755136	1.0
6791074218610811000	14464995411028399063	1.0
4993162609513413063	16629167463694598144	1.0
17941084288561618063	17569096085484392114	1.0
17276447627760645450	16631163197558139063	1.0
17261319657721102063	14903470833813022156	1.0
15836759446434446063	16845926349930496000	1.0
14705479266965651063	1291944390602731665	1.0
14401522503429165063	739593992303490958	1.0
14165203541675270063	17926250386192838097	1.0
12751010850413228063	12379232981309062600	1.0
12560907473068032063	15264890133120286720	1.0
12198100432692778063	12160809463377011152	1.0
8997715561603849384	14543201641592570063	1.0
8655102219244287063	14895038622885541555	1.0
8520553315922539063	16559960903307493376	1.0
8518644063880929063	17422665355985158144	1.0
7085420250776559463	14464995411028399063	1.0
6785950704807167063	14110819737646714323	1.0
5887176522944916063	13237950441704177610	1.0
