9414101633304811849	15618449130802642944	1.0
8772085140823007849	15481044287051250876	1.0
8540768729061557849	5836753475233819614	1.0
8484786398858049849	13099741855862489088	1.0
8164904622138928849	17424395935747734203	1.0
8005498449138906849	12376398311572153034	1.0
7231994189147766849	14038499261545447424	1.0
6341284922564709849	15985231906627058627	1.0
5962655097905749849	17929358731805958842	1.0
5893245651664688849	18066750415608790742	1.0
3906039059494654849	15474625412092395520	1.0
3881143741762212849	18066742632991139001	1.0
17467528718516406849	18066750418340526792	1.0
16552157081394472849	16411076102509821952	1.0
15342657367983428849	782294051282525803	1.0
14783121583438883849	7378424877338386030	1.0
14138471729309207849	12011564964537147848	1.0
11924067306106076849	14110821940055227580	1.0
11612692678063751849	15984034496475343035	1.0
10813711096885410849	16552109409787683280	1.0
10512004561236381849	68908953513230336	1.0
9962935643690314849	14750358316689391616	1.0
9602237752931557849	13678744562996397497	1.0
8605260514306504849	15481044283665940480	1.0
6068778015709170849	14681658578243222728	1.0
491869152491963627	15048434776518224849	1.0
18090637733283828849	13093045838639267840	1.0
18014611704821332849	668320728172814743	1.0
17226540130594068849	11949979153673021890	1.0
16915310031342139849	13814732203131710903	1.0
16863033475175631849	12308838819603415040	1.0
16690882722696378849	11876267958571430858	1.0
16520812329447491849	11725037830752174080	1.0
15238853144841646849	16845666928365904336	1.0
12512285785231387849	18002780777565126656	1.0
11739339748859812849	16408270097296130048	1.0
11324976765246750849	16123915576941740032	1.0
10246075353844699355	2245174837339417849	1.0
9936694750885325849	822003677609892328	1.0
9643149468706731849	13096128800524075008	1.0
8753829259715735849	12158519151836528640	1.0
77272081111618849	14903470833710510270	1.0
4702041205117892849	12373263659755896832	1.0
16779941793783140849	13313158042066354176	1.0
14588204777668869970	13173847711214001849	1.0
13431970628582305849	11796003553909197746	1.0
12205265163841688849	12160809463377011152	1.0
11086212226835201849	193273528320	1.0
8993039726885068849	677716639158129784	1.0
8826127547650939849	13024641904560634804	1.0
