8567411293633728743	12591434335276745666	1.0
8239002189599338743	13099741855862489088	1.0
8236628911066674743	16842303433347212502	1.0
7483949221956058472	14900424160479073743	1.0
7482243514395773313	14900424160479073743	1.0
6150684477494098743	17704477779686326272	1.0
3858185518665909743	13099741855862489088	1.0
17904269784516367743	18210272906380157623	1.0
17557119378004361743	13958560512691264708	1.0
16800522818178005743	2140017853547435667	1.0
164447473786800329	2303668858757993743	1.0
14911484602920401946	668320728172814743	1.0
1368460230982101743	15474625412092395520	1.0
12475332662839946743	604404893478200940	1.0
12199718836507912743	12160809463377011152	1.0
1182401448635997743	15617336501971964088	1.0
11264986963836081743	16120906256566234320	1.0
1046404973647188743	14903491754970841088	1.0
10433014556955415234	723067684537790743	1.0
9450512914016781743	15040028000147729613	1.0
8083623237981248743	16628646368197532358	1.0
7093268822636184743	16696443535066454195	1.0
6944236729898120743	12160809463377011152	1.0
557842267849184743	17131945628176937908	1.0
4755815855889954743	17064958956248211920	1.0
17809245039057965743	193273528320	1.0
17611313709253007743	13173771943695935666	1.0
17388237564299117743	6135324580514217137	1.0
17122775128305164743	193273528320	1.0
16834199187083893743	18210272906380157623	1.0
16172166593133370743	15046488768439045076	1.0
15188539918957637743	14823869430739501056	1.0
13921498967029170743	13099741855862489088	1.0
13856417135616437743	12879718463769199564	1.0
13379291669947328743	17927968885424831943	1.0
11714582934393883743	14181462267564630480	1.0
10977033004520900743	17131945628176937908	1.0
10921552014602218098	668320728172814743	1.0
10589820638826173743	2359205604229601150	1.0
10277150621035895743	14178955352233540532	1.0
9688269608896622743	16408276715840777927	1.0
9422621760618916743	12092638545404014799	1.0
8979517483965741743	14101576199226523648	1.0
6051776366106710743	17424082479535609047	1.0
540110823260896743	11873431192801902592	1.0
4648872560863198514	14970489400792769743	1.0
2965235061570834743	15624312787672286581	1.0
16362814921936430743	16917428634761886156	1.0
13839785273813834743	2186485336107941194	1.0
11685474381906517743	193273528320	1.0
