9479764020263948603	12519658232906766523	1.0
9019636687085904523	14323056254941977785	1.0
8004918632780185523	13959707149859158226	1.0
3792680524770345523	12958818558460738748	1.0
17015863608283710523	13099741855862489088	1.0
16061009347180628523	13093085373573684156	1.0
14838893138558523523	16194352477955472082	1.0
14697807687925211901	11725914120044739523	1.0
10600525107514964523	18354411270507069440	1.0
9969117299991682667	12519658232906766523	1.0
9788864650337416059	865297880734831523	1.0
9265021176507611679	835725720964058523	1.0
7923000354833923523	2350435552578471346	1.0
7443227706243286523	17854706243822682112	1.0
6812392631550160523	12373263663779199673	1.0
6745665461748409679	12519658232906766523	1.0
5525184032597625523	12814956163741253632	1.0
3257340396062315523	16912611716192595663	1.0
15415628518339594523	1993579822397254101	1.0
15300941042184038266	843928622766516523	1.0
15048507842827404523	752498411228473880	1.0
14380767806753041523	701970620453331193	1.0
13195142455576534523	12092715584232357888	1.0
12393039418281315523	11876267958571429818	1.0
10109806832694738523	2131967791391107431	1.0
9822391569657583147	865297880734831523	1.0
9803241323323442588	865297880734831523	1.0
9432496600405327523	13679111937407844352	1.0
7704784083548981523	12086478144672293075	1.0
7521874706500663523	14254071826274636732	1.0
7292767325889950721	12519658232906766523	1.0
5846395118604361523	13814777297019863040	1.0
5567467109098293523	12162192594043055568	1.0
5393138505281739523	7805734085272207606	1.0
14888647487436923523	14178955352233540532	1.0
14686689735515902567	11725914120044739523	1.0
13425944866696437523	12517694429143760896	1.0
12460124567404008021	12519658232906766523	1.0
11329340018322552943	12519658232906766523	1.0
1109548478439868523	14182080211524255744	1.0
11057573035697131523	731309417248384766	1.0
11038319257619137523	12016118145338048512	1.0
10856748224317585523	15046741593035958217	1.0
10234728484418367523	193273528320	1.0
9788983397593677207	865297880734831523	1.0
9779772973333242337	865297880734831523	1.0
8787634683954948523	18137395158679814144	1.0
7228507312958959523	17063229421407698944	1.0
4563192134596539523	14542086709787206096	1.0
2818677628893264523	12160809463377011152	1.0
