9924839675871097015	17203745855844318933	1.0
8985308068381463575	18138721164029502933	1.0
8975433302882449374	18138721164029502933	1.0
7899376984815365961	17632648861145290933	1.0
7632964574379330449	13103137070459710933	1.0
6819465391733204933	11651907044646119630	1.0
6676815298662993948	17203745855844318933	1.0
6299070837687379933	17850574354989104585	1.0
4316259335898858933	12304349535102042112	1.0
16752059703776849933	12018640393602189783	1.0
16516096669190047267	18138721164029502933	1.0
14935934973496381933	15985214314323100368	1.0
13798056891848275933	13093013845427879936	1.0
13459045927030572933	13814783833352883667	1.0
11972541482828228977	17279954123998943933	1.0
11970790566359677018	17279954123998943933	1.0
11578692691299328252	13103137070459710933	1.0
11509940990730295933	8031420568096663566	1.0
11099067429103500933	13165946723735961600	1.0
10972635377300518933	16192396433884708864	1.0
10968439260042332190	17203745855844318933	1.0
10958817313513070532	17203745855844318933	1.0
6511866606413198933	13452787248470687744	1.0
6056113613043381933	17061584521947774976	1.0
5973618290455499442	17632648861145290933	1.0
520489724360284659	17203745855844318933	1.0
17478223081152279252	17632648861145290933	1.0
17298410861842986933	17779304015772492240	1.0
16937000819939023933	17922535184859660288	1.0
16832258943954405933	193273528320	1.0
16513189809511346282	18138721164029502933	1.0
15822805045451122933	15545503246374075082	1.0
15470232021949834419	16119226210343903933	1.0
14353593167799041287	17203745855844318933	1.0
11968366104580781740	17279954123998943933	1.0
11965022399467311862	17279954123998943933	1.0
11963140684111943346	17279954123998943933	1.0
11701686278835388933	15761992562980543436	1.0
10966604858128374941	17203745855844318933	1.0
10483493118763019933	743593929716166148	1.0
10202309600921514933	16200801049227821056	1.0
8836743189567489582	17632648861145290933	1.0
8573289538534849091	17632648861145290933	1.0
7730786663483920933	672824576548770559	1.0
6693154453830508047	17203745855844318933	1.0
6682539837253856836	17203745855844318933	1.0
16114996261455499933	15907552510596921266	1.0
15453575133666411593	16119226210343903933	1.0
15367491121643731933	11944901707760204475	1.0
14349807828306733975	17203745855844318933	1.0
