995622512304782866	12730220638007645180	1.0
9339017582541701866	15975084484710105088	1.0
9079734869253212105	16624152663702354866	1.0
6855602130266730866	13675722108091345361	1.0
4274673606740565866	16767701513567993856	1.0
18441287000175319866	13099741855862489088	1.0
16622069103175176231	16624152663702354866	1.0
16620021206921884801	16624152663702354866	1.0
15248133902856100866	18143578695553560791	1.0
13892373143636894866	13165946723735961600	1.0
12883004775571955866	13099741855862489088	1.0
12090008742283512866	14607414104202149888	1.0
11103122012329519866	11798558861881769984	1.0
10156229036762263866	13101802301373870269	1.0
9101794901676793866	13093013845427879936	1.0
875579863697587866	17929299417820479683	1.0
7719506570102259866	709085461569940596	1.0
6385091296002287866	13813330292473069568	1.0
297906916907809848	16624152663702354866	1.0
2572369275042402866	18363050063686330569	1.0
18077773326585277866	2207956703754352034	1.0
16606295848609056355	16624152663702354866	1.0
15064870793902785866	12016119219079872512	1.0
14695932359258774866	2207956703754352034	1.0
13563258227773819866	15551430551310172160	1.0
12195787206212342866	12160809463377011152	1.0
11840992993305471866	11949979153673021890	1.0
11674178558448889866	193273528320	1.0
10918186904570855866	12375574807427729590	1.0
10032283821951126174	16624152663702354866	1.0
9732570435153011866	13958560509893541888	1.0
9589486494171222866	15692751940469391360	1.0
7928453753991383866	11869796129241693360	1.0
7035692848722519866	12160809463377011152	1.0
5175467578799359866	12446230558499930112	1.0
17976077308814468866	17134415135822963147	1.0
15979318699391920866	15982901006402234550	1.0
1411957945997602866	17127707020938444800	1.0
14074183869862352866	798719621074115149	1.0
13894295287627958866	18143578691815342080	1.0
13838349186545676866	15545503246374075082	1.0
13499788164712154866	16192328272753778870	1.0
12408091941929918866	14903470829890174976	1.0
12201159029195015866	2157043224878439760	1.0
11666677953516843866	12591434335276745666	1.0
10925797493022580866	11869728041934578366	1.0
10541055305869207866	13893574948875718339	1.0
9753707751683175866	17348135956728774656	1.0
9290103140183907885	18067281512838908866	1.0
9027039567707979866	13606757363561267200	1.0
