7144015720483414047	14319092570854384068	1.0
7124850923500024187	14319092570854384068	1.0
6108704666665933068	13099741855862489088	1.0
6061114398195399068	15831277271559205734	1.0
326466973640299300	12453256412031674068	1.0
17425963509838411068	15477443374495039488	1.0
15614938348591930442	12453256412031674068	1.0
14263608240426591695	16697012939193712068	1.0
13205345996433769068	14321078268189474816	1.0
12904816450119463068	18067270496130936023	1.0
1235463699175814306	12453256412031674068	1.0
12295202744570319068	13241888784980639744	1.0
11651519599959845933	12453256412031674068	1.0
11647873645169361287	12453256412031674068	1.0
11245751895408565684	13093085372466918068	1.0
10548150977883082068	11651932342003433472	1.0
8969369947289365068	2293413663889175109	1.0
8806178920691212068	14760225364101824512	1.0
8377950056142385919	12453256412031674068	1.0
8287663182141855322	12453256412031674068	1.0
7717700978855985068	17347289315595580618	1.0
7712590420194151363	12453256412031674068	1.0
7119129296813489645	14319092570854384068	1.0
332382110078100674	12453256412031674068	1.0
17963604711062137068	13817597540050141184	1.0
16216743731465778791	14605978124698438068	1.0
14388986256877242068	14756555270352389584	1.0
1364632462281942068	16344305041982662337	1.0
13432586711612961068	13679362628889591223	1.0
131128410432258068	14110839554625808575	1.0
1252588957887825668	12453256412031674068	1.0
11545371056634196068	14538980560618913792	1.0
11480238913161955068	193273528320	1.0
11238729065510064193	13093085372466918068	1.0
10365028276232332068	14178955352233540532	1.0
10332134104270966068	13530442447615688704	1.0
9374077337389531068	16411108031296700416	1.0
8378707310446722740	12453256412031674068	1.0
8375420759699805068	14325640171997888512	1.0
7946880249967672051	12453256412031674068	1.0
7941569102855645298	16697012939193712068	1.0
7719387029609058068	11725021277948215296	1.0
7209909847674486068	16055527109040275456	1.0
6952860732235953068	13386041390811578368	1.0
6947561588732985068	12160809463377011152	1.0
6060299879077521053	13601151031080710068	1.0
5964561214682292068	6479155988351013953	1.0
581965325786749068	14110839554625808575	1.0
343335964665053926	12453256412031674068	1.0
2119013038952345970	12453256412031674068	1.0
