8346683947566594258	15333317135468331008	1.0
8182951375301371543	11798771059036045258	1.0
6503760306655656258	12595433221237290419	1.0
5317882732149046258	11876267958571429818	1.0
17906282891636028258	12092636474721950654	1.0
17607447186907385258	12446230558499930112	1.0
12471161348162842258	17858693157639994561	1.0
12205806819495752258	13099741855862489088	1.0
12190457052865188258	17712080863937734847	1.0
11974184099028540258	13741022107323310544	1.0
11746811483778455258	13099741855862489088	1.0
11637172987853136258	16340365410215919616	1.0
11241878708172824258	17854179547688206336	1.0
10554722321992739258	16845926349930496000	1.0
9274208006542001258	15326802678823697876	1.0
7725157527798125258	12810147986508087296	1.0
7200207097590874258	14104146827347492864	1.0
5163730721562164258	12159678011322400768	1.0
17705917528862914258	13632455664737832168	1.0
17421646114215659258	15477443374495039488	1.0
17264765586939327258	17569096085484392114	1.0
16984768642381006258	193273528320	1.0
14503413099230656787	689672737224899258	1.0
13891726514906212258	15761114048811431373	1.0
13834664877569081258	17418225382003310592	1.0
12473996665790707258	17859008692951711744	1.0
12216063519237597258	15111796404861510096	1.0
12203113170605890258	12160809463377011152	1.0
12198135634156402258	12160809463377011152	1.0
12112190116039611497	794031960203645258	1.0
11234700318726732258	16695035982761152708	1.0
9364925809428695258	12518835808112738304	1.0
8990986834830043258	650867393997934038	1.0
8990986834830043258	11725119237562350290	1.0
8232545470763105258	12160809463377011152	1.0
7365909144844003258	4121128128092371657	1.0
6997122293566922562	14323056253884686258	1.0
6817114428409550258	12373263659755896832	1.0
5491282296169768258	12376966879342813368	1.0
5084963743536442258	18072859362342271181	1.0
17705917528862914258	17424144073107488198	1.0
16565661915597059258	2156781897059002496	1.0
13340257700922053258	15182107988564377600	1.0
12906549391339698258	15614815322182308048	1.0
12214786079979971258	2157043224878439760	1.0
12127010274295133707	794031960203645258	1.0
11735747909989950258	13165946723735961600	1.0
9962882046057215258	17277202050689531904	1.0
9937372234801358258	15839663156549952214	1.0
9026022854468583258	12446230558499930112	1.0
