8897795398005067188	14247617602402036660	1.0
8811355309070328188	13099741855862489088	1.0
8791881383076653188	15116240576271351808	1.0
8585433554037234188	14831380276273273806	1.0
8560865443574157188	13675148166562562231	1.0
8442068035602969080	15044751514316298188	1.0
8354365297073807188	68909090952183808	1.0
6109743525596780044	762070728969062188	1.0
14637646822303225188	773082299600756425	1.0
11738042603594686188	16695035982761152708	1.0
11697237337258899188	15545549267908209096	1.0
11266963152169263654	15044751514316298188	1.0
8416271526143776188	12810147986508087296	1.0
7095168340687764188	13093007345964265163	1.0
6788403998645552188	12237051808505135104	1.0
17286626209938701188	15551698886518947270	1.0
11842698709080803188	18066750415608790742	1.0
11454845278083827797	17343917130155091188	1.0
10960629711402705310	15044751514316298188	1.0
10945535370877912437	15044751514316298188	1.0
9712991971223581601	15044751514316298188	1.0
8743037420943571188	14321379538670501052	1.0
8213160092442234188	16767689504839434240	1.0
6898343901702432188	17711787332987781120	1.0
6568406274675333188	15472114027269448898	1.0
6514072459570547188	2243020468193470551	1.0
6075063610246888188	14967059975904406976	1.0
5309348168279762188	2385344019861553224	1.0
3941371116325113188	17203745855458700982	1.0
2452306217943470188	659296065929313210	1.0
17799823311037513188	14182085593118277632	1.0
15244826481318223188	13461776838070107060	1.0
14923853022243072188	13886247716025919690	1.0
14003245952209152188	193273528320	1.0
12098944402833426188	760200189053029927	1.0
11857337518703652188	14254071829575613128	1.0
11196451905997853188	14611908010088388561	1.0
11188248780276862188	13319064648595593148	1.0
1061207740012074160	15044751514316298188	1.0
6679085347288673188	15111796405145757897	1.0
2182295152538465321	12668055890628693188	1.0
2146295179466322188	867124933844139067	1.0
15366513949527683188	11725119237562350290	1.0
13981089345248083188	15548643421130780347	1.0
12442393546925217188	15111796404861510096	1.0
12188148080533663188	16561628912556959427	1.0
11118327729181249188	12593674067057375945	1.0
10956318590662525067	15044751514316298188	1.0
10949898267400869044	15044751514316298188	1.0
10945271500929720766	15044751514316298188	1.0
