9505194656559915965	17130227131654133713	1.0
9050740726970849965	12092725521675889593	1.0
8710480088127808965	13165611346919686144	1.0
8248158613330161965	12160809463377011152	1.0
7877253975229115965	193273528320	1.0
7592422163010782965	13742963875257318333	1.0
7484628364020323965	17425730777223586508	1.0
7129885592458246965	17203745852091269120	1.0
6071698473254856391	17350297575114198965	1.0
3040613741683622965	15187534128557502899	1.0
18011729962389073965	2151154734856804401	1.0
16366587054390084965	16480048673078640640	1.0
13488698664901200965	14543201641592574160	1.0
13430323847948481965	11940680665441239040	1.0
13227895340553557298	12810147989911221965	1.0
13004278531346260965	2227047884664716699	1.0
12204175096938850965	12160809463377011152	1.0
12101990916541478965	13093022740305149952	1.0
11724068884439247965	13886238881729404119	1.0
11101243555958382965	13165946723735961600	1.0
10728678692640103965	16629167463694598144	1.0
9362178980789942965	782294051282525803	1.0
7658629930954452965	13100038633807675392	1.0
6829505950302607849	12157105145523531965	1.0
6812750088802845318	12157105145523531965	1.0
3108068645034078965	15548079274174893493	1.0
18014729292225535965	13455311761527864249	1.0
17769870737483364965	12594224926539837897	1.0
15390024865372754965	13244505661309500857	1.0
13891580889674911965	16842253933849083904	1.0
13075447553663874965	13101733099988494802	1.0
12966017558219330965	17203086218129047552	1.0
12886651838387848965	15111796404861510096	1.0
10867287748324774965	12375574807427729590	1.0
9959782664522290965	13099741855862489088	1.0
9244985432226593228	799892172644861965	1.0
8763477821107446965	6605230368210249442	1.0
8477586341689448965	14607414104202149888	1.0
7959693343387817965	12092350528315112639	1.0
6077003105742779965	13093085373053841110	1.0
4437554995640215965	12160809463377011152	1.0
17344836724060675965	17854706243822682112	1.0
15969897823372818965	15913161128000149457	1.0
15779622348962044965	13241667907697508352	1.0
15443832034325527965	13099741855862489088	1.0
13341382088378535965	12886712517362974720	1.0
11425711008873698965	193273528320	1.0
11098581741308368965	12814956163741253632	1.0
10801561094722538557	799892172644861965	1.0
10599345827163780965	17209914370021130240	1.0
