9772778634625119481	13678744562996397497	1.0
9236315947845511481	15119634794436100096	1.0
8597190236905156481	12092394607112857553	1.0
6660091208105511481	6445998570434454129	1.0
5917948381094939481	16844207894860720333	1.0
4506790961371138380	13093085373204834481	1.0
18381677486321879481	193273528320	1.0
17414191051663151481	17058214493038902448	1.0
16822395599051987800	13383195824531766481	1.0
16816312778611757981	13383195824531766481	1.0
16065481980104828923	13093085373204834481	1.0
16063808493340066505	13093085373204834481	1.0
16063559913523804292	13093085373204834481	1.0
16057983942015443527	13093085373204834481	1.0
16057201038322461512	13093085373204834481	1.0
16053379561139349723	13093085373204834481	1.0
16047203320783641273	13093085373204834481	1.0
16045850066727568810	13093085373204834481	1.0
16043869833410914366	13093085373204834481	1.0
15780700127886966481	16192328272753778870	1.0
15081168453645715951	13740998995953378481	1.0
13898648555362213481	13099741855862489088	1.0
13880787774346643481	14101576199226523648	1.0
12436504760207975481	14101576199226523648	1.0
12215864095408800481	15111796404861510096	1.0
12215441801308834481	15615591534441791488	1.0
11604172343420399481	15984034496475343035	1.0
11419866444323053481	14181451307158906293	1.0
11399184650134169481	16912611716192595663	1.0
11214284024567628481	14971371140309768396	1.0
10690854724813547540	13820087950944566481	1.0
8973747780698337481	17637219540344612038	1.0
6947743837072695481	12160809463377011152	1.0
6424993592451597378	2361690088037692481	1.0
4894104803739620481	14173584259406626816	1.0
16048577877800712597	13093085373204834481	1.0
16046673914514387420	13093085373204834481	1.0
16044720675016767053	13093085373204834481	1.0
15834701679849298481	12948336780246295989	1.0
15207182017823260481	193273528320	1.0
15081807063806182083	13740998995953378481	1.0
15027592030931362740	13740998995953378481	1.0
13847220421605347481	16411108031296700416	1.0
13707923612293132481	11725101563771942854	1.0
12736330083246335481	13093007345964265163	1.0
12492716802355208481	730413104971579596	1.0
12329741833446213481	193273528320	1.0
11718865673379443481	13099741855862489088	1.0
11657501450498649480	13740998995953378481	1.0
10713633414739619236	13820087950944566481	1.0
