9790157331372898042	12730220633712677884	1.0
9761039925639251757	851734309660702884	1.0
9082691159580011070	17923109086673544884	1.0
8284129667018986884	14250454410299417040	1.0
8214667655268466628	851734309660702884	1.0
8125123321207743884	18137377497774292992	1.0
8093927907928400403	13093022744360573884	1.0
7893735017418800463	11873447903493288884	1.0
7846433556561957808	851734309660702884	1.0
7814280312590438884	16122597189485592576	1.0
7706029699719340884	13461776834064547840	1.0
7470717737232746644	12730220633712677884	1.0
7430963445383280650	11873447903493288884	1.0
7416314278156405813	11873447903493288884	1.0
7410925416987949212	11873447903493288884	1.0
7410224379514922390	11873447903493288884	1.0
6162653807732774407	15402283053132872884	1.0
4067537443033695155	851734309660702884	1.0
286882759619448067	851734309660702884	1.0
2603140385710192995	17201113745519016884	1.0
2596556935271792484	17201113745519016884	1.0
18371716249841054587	15402283053132872884	1.0
17908381158868405976	851734309660702884	1.0
16479224672509025111	851734309660702884	1.0
16288907846095639884	12591434334990888140	1.0
15788360180589046762	12730220633712677884	1.0
15781677310293522584	12730220633712677884	1.0
14332265149628611884	13167589299563064506	1.0
13647727875087437574	12730220633712677884	1.0
13502570186776084785	12730220633712677884	1.0
13490790912522230766	12730220633712677884	1.0
12694636832801199463	2269104840185611884	1.0
12456548846202044375	12730220633712677884	1.0
12442213155797746505	12730220633712677884	1.0
12200384560654688884	12160809463377011152	1.0
10846751365419481825	2165804103260085884	1.0
10794996410099373884	13675148166562562231	1.0
10789671322061289877	17923109086673544884	1.0
10532371151624512884	15545503246374075082	1.0
10273805893884109884	14178955352233540532	1.0
10070879310906641884	841026346179473116	1.0
10044716128164090158	12730220633712677884	1.0
976135242896148930	2269104840185611884	1.0
8162595802458331736	851734309660702884	1.0
8122577217107809884	17851946486816833536	1.0
8098844099202062227	13093022744360573884	1.0
8093509423430436678	13093022744360573884	1.0
8058226088777465704	18290192093987197884	1.0
7901604272692203884	193273528320	1.0
7888336947799371627	11873447903493288884	1.0
