9220204522175479706	13313132756633301962	1.0
8040959640798314706	13238861931270830289	1.0
6550302080803377706	15040028000147729613	1.0
6073415672864867706	14462732701997792692	1.0
5877352695640253706	13237950441704177610	1.0
17290648069745553706	2227047884664716699	1.0
16023751178007534646	14895836890593814706	1.0
15622908134592450706	12160809463377011152	1.0
14368533730990733706	14398280429164690100	1.0
13653239592995368706	18298967181200771026	1.0
12883444889390094706	18067243055835686075	1.0
12308334944958909706	6694880702440660321	1.0
10187173539210388656	14895836890593814706	1.0
10021161074156323706	14109479402907631616	1.0
8698132867745671911	15985198998688736706	1.0
8196831367635472706	17061844130520540601	1.0
7681215524729403706	12378654659568136381	1.0
7337487796146089706	751667699856565285	1.0
6824966587678038706	16842314445271248336	1.0
6265687950524317706	13099741855862489088	1.0
6180560457941074706	17280014627203186688	1.0
5498824218975486706	13245032434753339392	1.0
17912088609341605706	13099741855862489088	1.0
17069050109043379706	14903470833710510270	1.0
16841057622522305706	14108836248734924800	1.0
13962966111475208706	16123915576941803980	1.0
13713575765466939706	2485123313256985498	1.0
13429358021437683706	17058124453344504266	1.0
11888006983520792706	15839663156549952214	1.0
1138879116933896706	18280649381906481152	1.0
11099707306164993706	16842323267506143232	1.0
10950458104068355368	17633744039437450706	1.0
10584911376962854706	12600428268202491904	1.0
10558659419148919706	13889287832779940283	1.0
10345122405304389706	193273528320	1.0
10192789445068669258	14895836890593814706	1.0
10010331372023391706	16912642498424460220	1.0
9602942875025846706	13814724580591271936	1.0
9594779576758015706	193273528320	1.0
8654673847469254706	15045044998104654288	1.0
6057094364577996706	15766183863916247412	1.0
17673580317927751327	854625848927590706	1.0
17095052906626274263	14895836890593814706	1.0
17094993880895017996	14895836890593814706	1.0
15809255141763933706	193273528320	1.0
15455239339577923346	13741007694658070706	1.0
14697113148654851172	14895836890593814706	1.0
14687937148658229521	14895836890593814706	1.0
13906204954623885706	13095902331193570739	1.0
13555573307098973762	17489630991415830706	1.0
