7954547311007945402	18208313577066987520	1.0
7649278156324761590	2115288841912081402	1.0
7646533100943037698	2115288841912081402	1.0
6870113652836925161	17494189549444712402	1.0
6854848097714177329	17494189549444712402	1.0
6061059018850098402	13093085369518260224	1.0
5147618735806502851	11877115724986099402	1.0
3127462826224959402	12160809463377011152	1.0
17561980047600515402	798719621074115149	1.0
16222420893702940234	2115288841912081402	1.0
15060127321476641402	18209992638696783872	1.0
14908303431116806402	14178955352233540532	1.0
14425295083140460402	14248727057302353862	1.0
13697094567053775569	15832961719078024402	1.0
13460400836135044402	15046799939877206964	1.0
12923044071136998115	17494189549444712402	1.0
12582668850332967677	16633179610930793402	1.0
12341646445729475402	16265802097897766912	1.0
11970802389204554700	16633179610930793402	1.0
11405651950092079402	17641361396384389823	1.0
11124038225438627601	2115288841912081402	1.0
11046425101543884161	14407756072636956402	1.0
10903749013845826531	16633179610930793402	1.0
10888903008327454294	16633179610930793402	1.0
10871246337562063810	16633179610930793402	1.0
10634314293786176402	16633167585780695040	1.0
921072149435974402	14753202852054760123	1.0
8262900407067857402	16118645763738697728	1.0
8023701912162296569	2115288841912081402	1.0
7998310283850796402	13241667907697508352	1.0
7853979110834164371	2115288841912081402	1.0
6872301032471630303	17494189549444712402	1.0
6030014620827865402	806179356674801070	1.0
18332223206913258304	15832961719078024402	1.0
18330481889713929221	15832961719078024402	1.0
17224306033336837955	770512212409611402	1.0
16691680130599960402	193273528320	1.0
15346820801941816402	16411108031296700416	1.0
14030524539162903402	16768010596594533582	1.0
13934025620904461233	2139922556996304402	1.0
13876168417949395726	16633179610930793402	1.0
13845007055928070305	16633179610930793402	1.0
13840730209012647920	16633179610930793402	1.0
13011179864250373402	16120906256566234320	1.0
12588733662094753120	16633179610930793402	1.0
12429427619001285402	12808494359674670284	1.0
11854081966409269402	14900916754573164544	1.0
11102204136175627185	2115288841912081402	1.0
10892854446957663285	16633179610930793402	1.0
10868453852929844774	16633179610930793402	1.0
