8006050613882727303	13814732203601473751	1.0
7859072817586547303	16842335289119604736	1.0
6047481772378674697	18137964705703045303	1.0
562594219638045303	855745723567613181	1.0
3096399291118901303	16629167467011880120	1.0
12844495684485253303	193273528320	1.0
12449405692603173303	17706652721060249600	1.0
12405469753910431303	193273528320	1.0
11540792925670470303	14607414104202149888	1.0
11255776087217635303	11872833002641817600	1.0
10209437557497849303	17209849335626334208	1.0
10071533013540562303	11872804436814331904	1.0
8920420809421055303	15043380467594219987	1.0
8611487212644552303	68908953513230336	1.0
7943260515393953303	859758691108761830	1.0
7300493465676457303	1875206402319703176	1.0
6065506646477687423	18137964705703045303	1.0
4812511967180616303	12158540042557502910	1.0
17813388184702814303	15624312791261836498	1.0
17304888170549649303	659296065929313210	1.0
12886295446402569303	12160809463377011152	1.0
12451012392622996303	16051884279962185675	1.0
11844146091966221303	193273528320	1.0
11442619263245207852	831980741619007303	1.0
10166633577419076303	17492214994064943291	1.0
10047487649039184303	12730220638007645180	1.0
8968824613681426303	11725049921085112320	1.0
8929130748765799303	14391434917739279565	1.0
7371353759768695303	13244479230080754359	1.0
7108484593547586303	13099741855862489088	1.0
6942041769726299303	6480202744439955226	1.0
6435783889244715303	12519658234081290186	1.0
18017514952494209303	2207956703754352034	1.0
17767860851114488303	11725036787075121152	1.0
17166104198810093303	17850574354989104585	1.0
16279775692779435303	13099741855862489088	1.0
13905210255608202303	652712640858763765	1.0
13900184319208741303	15622053368573240505	1.0
13233085094184450303	17634674145830691040	1.0
13017465045043223303	12308871899441528832	1.0
12632377250499531303	16055527109040275456	1.0
12398840780934833303	193273528320	1.0
10978710073385916303	14968204585565421568	1.0
9190159636839850303	193273528320	1.0
8438888480399364303	14101576202712636116	1.0
6905272064610413025	15047015362031897303	1.0
6160547815465953303	14535847957363612351	1.0
17426204869907034303	16698962383061688755	1.0
17424969628740492303	15477443374495039488	1.0
17377343212501472303	17995227154157183412	1.0
