9559068185118188192	193273528320	1.0
8857135255084971023	16482236473584648192	1.0
855699241242628315	15117397335518216192	1.0
8282922037519165646	16411065107393544192	1.0
8279338974649805192	13309800245224275968	1.0
81410702538613192	193273528320	1.0
7905891750565731471	14038550942886920192	1.0
7899424706585793407	14038550942886920192	1.0
7894891729382812123	14038550942886920192	1.0
7424526878393112536	14038550942886920192	1.0
7419238072944059855	14038550942886920192	1.0
7414178403777302777	14038550942886920192	1.0
7401001611556102815	14038550942886920192	1.0
6955210388684624650	18067294691044360192	1.0
6372702566910341192	13092996279011683536	1.0
485514266193064907	15117397335518216192	1.0
3276768221208345537	16482236473584648192	1.0
3275396069261280116	16482236473584648192	1.0
3275262238273579712	16482236473584648192	1.0
3268546588618513002	16482236473584648192	1.0
3261989698254127605	16482236473584648192	1.0
3255977791822253707	16482236473584648192	1.0
3221787009199704191	16411065107393544192	1.0
313922089809505970	16411065107393544192	1.0
18288625317711361006	15975020700150792192	1.0
17239220796312164192	14681682816123535360	1.0
17161715307876673323	15975020700150792192	1.0
16381742709309754192	14972690510073800657	1.0
15535770206899735192	16192885742328872960	1.0
15313344756264762774	11873357534112776192	1.0
15212255210320839623	14533307016195080192	1.0
15185650677357911192	14538980560618913792	1.0
14940110103156394754	15975020700150792192	1.0
14367369496051519192	7594873781428944896	1.0
14036001790744298405	15618476674427912192	1.0
13896611932738823705	15117397335518216192	1.0
1369766862727794592	16411065107393544192	1.0
12188302445354317750	11873357534112776192	1.0
11391145527309120352	14038550942886920192	1.0
11383276786948658409	16482236473584648192	1.0
11240126348558206192	13678744562996397497	1.0
11117887243783265192	12237090218397663232	1.0
11059900089505699901	15117397335518216192	1.0
11052936027682772475	15117397335518216192	1.0
11044608790495991652	15117397335518216192	1.0
10462905975182441641	11873357534112776192	1.0
10002281199120035192	15692751940469391360	1.0
9769721898572556854	12667120184643008192	1.0
9744115848758761628	12667120184643008192	1.0
9362946929584794662	16411065107393544192	1.0
