12508221574280445958	17116648697202530170	1.0
1928542008331653006	17111097924274293170	1.0
6567868600753568530	17111097924274293170	1.0
3388432450333708453	17107356067193138170	1.0
11524083960835446675	17111097924274293170	1.0
4497164058004904170	17091878731531365066	1.0
7233073276556288532	17096189117855951170	1.0
8280546194736317170	17093940680900745661	1.0
8280546194736317170	17105680166695690012	1.0
5783983930723448170	17096811840887750076	1.0
6913391205762516964	17111097924274293170	1.0
5625948140381465471	17111097924274293170	1.0
5274439469728996465	17111097924274293170	1.0
1314219862612546218	17113929244156625170	1.0
3684660756387184091	17111097924274293170	1.0
5109813083291087924	17104770002899164170	1.0
7555315064970636979	17113386798308289170	1.0
4156582020042686170	17112343168421180740	1.0
6438949917238017653	17099749787458213170	1.0
4585011038205527170	17092968789886453288	1.0
6979634734311677096	17111097924274293170	1.0
6439784660608117170	17112073423036488732	1.0
6317425775980099548	17103173576525779170	1.0
8034785001022232531	17109444800003660170	1.0
2803032795599723170	17100833308964492415	1.0
2803032795599723170	17111261154590943434	1.0
2803032795599723170	17102011018940744149	1.0
12011105050539463085	17093415191630626170	1.0
6445804376288323170	17101687268738012255	1.0
6445804376288323170	17105908693324879295	1.0
6445804376288323170	17098777445498078187	1.0
8901221219033159550	17118762010068876170	1.0
5548242951665286666	17111097924274293170	1.0
1673290679560181170	17111875008429001386	1.0
11209943667772678170	17095181677331730690	1.0
7026321504804746170	17111083939946251340	1.0
7927408758338598494	17098945344360060170	1.0
5565042579098462170	17113469661088231065	1.0
7187813714770243928	17109793465403210170	1.0
3566670817338313135	17111097924274293170	1.0
6394949110404951661	17101085565098141170	1.0
1418017543758668200	17111097924274293170	1.0
10261777651590502170	17096031561220057779	1.0
10261777651590502170	17117873372797205618	1.0
2744884947030162170	17098325181146002401	1.0
8860399676529389170	17119034564374789219	1.0
4869037554247992170	17103323329142243036	1.0
4869037554247992170	17102505369746696085	1.0
3411189239252076505	17117306686186215170	1.0
2538269004469678515	17111097924274293170	1.0
