5737163281777001623	17106057440891199280	1.0
5552623387235256778	17097415910861818280	1.0
809630626526491280	17113626672245804773	1.0
6606903497064050077	17093071791850170280	1.0
6975510672693081280	17106651499317218557	1.0
4547631521220470087	10903064444025902280	1.0
8735244023589392280	17106730118726637291	1.0
17480601565138834547	17102558146353939280	1.0
2369481797881678280	17113423962668383062	1.0
4372338733474592597	17105585514111243280	1.0
6089745045811193842	17106905666833205280	1.0
313558206071360280	17100039113667567721	1.0
1392287423971843280	17104902021752034038	1.0
5926040039201354280	17091473956686736720	1.0
2161514932884275079	17109952014171367280	1.0
1792189467917897353	17118578473176433280	1.0
2812124560825613972	17106495845413357280	1.0
712201660127043280	17116797337403270542	1.0
712201660127043280	17095844579845598043	1.0
712201660127043280	17091197657039532002	1.0
712201660127043280	17097825951262665581	1.0
712201660127043280	17105276255052563752	1.0
712201660127043280	17112299651953881048	1.0
10473297444029363227	17099004408816356280	1.0
9158847448297797190	17110343942868816280	1.0
12068278039529913280	17096428484977658860	1.0
12068278039529913280	17095574164405432865	1.0
12068278039529913280	17103879952602643342	1.0
12068278039529913280	17095613824147571590	1.0
1036790983112503310	17104570862502871280	1.0
7062818686125272280	17103319399247823084	1.0
8402714741739896458	17104485384097334280	1.0
6992117141955664497	17099004408816356280	1.0
14460836116715034679	17110434777120448280	1.0
13190370687299328222	17098839675278479280	1.0
480018888241320681	17114709171442866280	1.0
10371064012509967280	17102612606574917841	1.0
1144756872520220833	17100001691651405280	1.0
5654722203237598739	17097415910861818280	1.0
11547336943216318280	17100263298056798630	1.0
11547336943216318280	17108866821810176565	1.0
5045708266907610272	17091732457801381280	1.0
17984227221729147486	17118035894291918280	1.0
17634940269671352440	17100892424817914280	1.0
1577972453456187280	17093854412191371656	1.0
1577972453456187280	17106065755907867663	1.0
3431603682392189280	17108816295945685630	1.0
15267367561137385024	17112413017584289280	1.0
9787457624815990455	17100789654892796280	1.0
12021461032171458215	17113015472635004280	1.0
