5555288879513676803	17100892553700590692	1.0
2468089912731059564	10888964886741790692	1.0
7056989417097401439	17116241555759090692	1.0
5175482826376909238	10893988761521181692	1.0
6614555487578579011	17109336764383788692	1.0
12064147087683691581	17109690265900532692	1.0
4079028723255562692	17113707039635128592	1.0
6395136926011701692	17096868847980029335	1.0
4614014047848148692	17097760276984605749	1.0
7172027404271044692	17105906249423461885	1.0
13279546457898625692	17115383704801607203	1.0
11310595674063635692	17115346888344699749	1.0
11310595674063635692	17091282912202915609	1.0
11310595674063635692	17096594549877738758	1.0
3431662658994437692	17109362959380492651	1.0
3431662658994437692	10889493171864689487	1.0
15168847252015180692	17113200607148062235	1.0
1441316519162555607	17103067881724921692	1.0
3009305116430865722	17106342407619426692	1.0
12634680546642058692	17109392646194557938	1.0
11814454424043596692	17100322671684929204	1.0
3672506405042777692	17091878731531365066	1.0
13691561437019871675	17100497700172537692	1.0
4461756752662887935	17114214417096518692	1.0
14444617203866806362	17112906414845858692	1.0
12441760924054200522	17112598783570118692	1.0
15739008528246228692	17105127962699800484	1.0
15739008528246228692	17100932161927083035	1.0
12177391764675656703	17111408738212132692	1.0
6964138382902012707	17100892553700590692	1.0
2259495303964104128	17103067881724921692	1.0
11302563006277456649	17111921857979276692	1.0
16989106497073565172	17114648182957531692	1.0
9683692825347495944	17101716607675555692	1.0
5105500095798631601	17117054923760737692	1.0
4408482978843251308	17118741471473079692	1.0
9961195347846499342	17111408738212132692	1.0
658950242408405692	17108073489978912954	1.0
1760391276697941692	17113687828334295628	1.0
15227118859524890381	17094706649731504692	1.0
7156187653820761952	17103812598889282692	1.0
5226196120450512273	17092168474261271692	1.0
10105141864873629452	17111810781548334692	1.0
9313960625651461467	17102319294634750692	1.0
6581711087040523692	17092275023809682017	1.0
15289913115436951692	17112968906543524092	1.0
5930793987576501728	17103719320872255692	1.0
5402142118113630168	17103719320872255692	1.0
6064026291373389692	17107524614578021622	1.0
11916588351547784692	17101828899443256935	1.0
