4945848174005198974	17092110986269977447	1.0
9505589440652950534	17106656739040495447	1.0
5138227862999382733	17105311155962165447	1.0
3787618238158032367	17099984902519296447	1.0
17070106104792593447	17114515670366056772	1.0
17070106104792593447	17093023482114450212	1.0
3443681405903033220	17118180785106576447	1.0
14528232745551811447	17111862991041935695	1.0
14528232745551811447	17105942417363162956	1.0
13300810509998473447	17096702718612790915	1.0
3725014675214966456	17102743912229447447	1.0
1585471848798023856	17118180785106576447	1.0
298216561274038698	17118180785106576447	1.0
2523113765165957707	17118180785106576447	1.0
4533875243753922447	17098954312179576510	1.0
2442068364251053447	17102978378802380625	1.0
10964092229989204235	17109833305576514447	1.0
6027127485384090290	17109571364071111447	1.0
4669591401271456447	17090027476119361581	1.0
2428806787253570447	17102312491365777148	1.0
2428806787253570447	17096844903547072156	1.0
1694809574710810632	17098806573912169447	1.0
1464536470889455970	17094156146596182447	1.0
3835662866816526440	17101253554284052447	1.0
10528604903388690447	17096935647593857239	1.0
8802817157752981595	17109571364071111447	1.0
12709503150325226447	17110273522529512565	1.0
12709503150325226447	17107621616436874532	1.0
2973377786498942069	17105311155962165447	1.0
11804875989478165877	17099984902519296447	1.0
13914205830264484447	17116399357059802176	1.0
13914205830264484447	17117148511006989185	1.0
13914205830264484447	17117148047144490109	1.0
5727646990923182973	17097290789696721447	1.0
13718644002109582977	17099217065463153447	1.0
6211673832339433145	17114592442853135447	1.0
6732069507979045072	17104739023314459447	1.0
6104973568554372903	17116019441617201447	1.0
7729239631030472865	17108778264045446447	1.0
4461557607843417011	17118180785106576447	1.0
8396036532095797447	17102244046765925284	1.0
1964950962779426869	17102725830507892447	1.0
12225546879909653041	17097438704150079447	1.0
4798145003612454447	17107817265068846394	1.0
4798145003612454447	17093405162930065543	1.0
4798145003612454447	17113452846297095173	1.0
4798145003612454447	17107293498182821013	1.0
7333161677815501447	17111616352640609497	1.0
7333161677815501447	17092287170068217953	1.0
3752375208582447	17095970181855227251	1.0
