2152866496975444436	17104537696686959683	1.0
7026386716453828683	17105412285266332993	1.0
15760658900431492015	17101693891548381683	1.0
7171833442679843558	17095153828873767683	1.0
5760570093096716683	17107356067193138170	1.0
2328170109515358828	17105644256332458683	1.0
4625941440404144683	17095951245333328724	1.0
4625941440404144683	17113077912859965001	1.0
7669955429490664857	17098699483297269683	1.0
8193779108193876509	17102031145309123683	1.0
1230079024945530692	17109925144781803683	1.0
2218404408799049886	17111937809467779683	1.0
4671375414728758414	17110986345332563683	1.0
1574503461101356531	17106626974976425683	1.0
14507804940242201312	17102031145309123683	1.0
5178856113669287469	17102031145309123683	1.0
7666847889096964392	17100453629518742683	1.0
295650533356125125	17104704045029380683	1.0
5287887764132486498	17095153828873767683	1.0
3417948116669014683	17108908500264243956	1.0
3417948116669014683	17110992577387710788	1.0
6635601926538993616	17098602532944988683	1.0
13655411367355541478	17108148166626266683	1.0
7012281936249189717	17110986345332563683	1.0
11866077878361617365	17102031145309123683	1.0
2351300724019772683	17108783542514523903	1.0
13252461955749030683	17103770143225445637	1.0
13252461955749030683	17110671159129133250	1.0
9046216128453735274	17102031145309123683	1.0
8200952884029660683	17090362466319650970	1.0
6724706717784513683	17106948457489084219	1.0
6097360061599745292	17114386975897150683	1.0
7834488910823110668	17096208715675622683	1.0
100480132067795379	17108490428177095683	1.0
4630243432275045198	17102031145309123683	1.0
12802375533807514048	17096208715675622683	1.0
3171350597921821986	17102031145309123683	1.0
3078029827950274179	17102031145309123683	1.0
4778742372512771087	17110207835352440683	1.0
1978126735553440541	17095397508111481683	1.0
5446878249117076431	17102031145309123683	1.0
10812658019665477122	17101693891548381683	1.0
12149282987753599219	17102031145309123683	1.0
2461065064223642799	17102031145309123683	1.0
17990824399121122999	17108689010428886683	1.0
2070770081365305865	17098602532944988683	1.0
4737481373618327589	10896867403208012683	1.0
5506003618552573772	17102031145309123683	1.0
13382769016553971683	17094673316351834141	1.0
13382769016553971683	17103486563543744481	1.0
