8878518730612866834	17110852243593435032	1.0
4037096433469639737	17119041728413773834	1.0
8441940409783069217	17110869638230913834	1.0
13389799736139519056	17116419290101970834	1.0
14332704955783549834	17100253312206613816	1.0
4117286056350672394	17096508414331599834	1.0
2942039609824642893	17096991306088278834	1.0
12537487386857578572	17102413478932346834	1.0
2243300468233773994	17100411848092749834	1.0
6122177316734238107	17100411848092749834	1.0
13838062066724891834	17104751543232523865	1.0
3440875425945224196	17100411848092749834	1.0
2749211024053759033	17109461254027554834	1.0
14988832059895813377	17091721595830642834	1.0
3419669599919581167	17116996662515696834	1.0
10745544866423287465	17100411848092749834	1.0
6114976636022768531	17100411848092749834	1.0
6761791196652702524	17113545488794657834	1.0
9464750284483988787	17100411848092749834	1.0
10228736885138848355	17109106618496982834	1.0
7318479713949349473	17116419290101970834	1.0
5328939858327920817	17102592476024154834	1.0
5129812182607461330	17101279233908828834	1.0
7416317119830651834	17114803707992208496	1.0
6372377243383366085	17118128614152976834	1.0
11434731301266761279	17100411848092749834	1.0
13822353663127356834	17096214625607926157	1.0
4608801318827959125	17094892673359748834	1.0
11713197853531107972	17100411848092749834	1.0
2185433098900441834	17101736875477874614	1.0
9804621014162495834	17107979528954939612	1.0
6715225302794140834	17101158777327691309	1.0
4686167327575815834	17107994522667780916	1.0
2633599807074895836	17100411848092749834	1.0
5614774262298153834	17103299165567509095	1.0
1996220823934437349	17100411848092749834	1.0
2459181140999495700	17094690221525408834	1.0
4162904902517908152	17100411848092749834	1.0
7342860009316383834	17102499988122700559	1.0
6019099447981348834	17096594549877738758	1.0
9969398024012759875	17109106618496982834	1.0
5250568890193889834	17114260467644498629	1.0
5250568890193889834	17114051964122781166	1.0
3176103291237803834	17099176555280317335	1.0
3176103291237803834	17098716478455146715	1.0
7044025905296170834	17110459417306144858	1.0
11501825416516909064	17110188525022584834	1.0
4484282235207385549	17110188525022584834	1.0
6103579494333423817	17119041728413773834	1.0
18257510949446319226	17100411848092749834	1.0
