11235966074074422178	17092586327381744036	1.0
6497316645819377488	17103567575435223178	1.0
5273486756263753178	17111360110689476018	1.0
5273486756263753178	17108094758554572448	1.0
5273486756263753178	17108305491174592839	1.0
5500288358047084710	17103567575435223178	1.0
2535515045967762115	17103567575435223178	1.0
7348545350878790538	17111683500136557178	1.0
12529619645570005178	17097338506874695718	1.0
2256814432910695178	17097822627096825131	1.0
2256814432910695178	17105332501894451117	1.0
2256814432910695178	17090553253106715298	1.0
2256814432910695178	17090524184710542380	1.0
2256814432910695178	17096345905608312345	1.0
735133100687624278	17098179633289485178	1.0
8078642130726235435	17108975037959736178	1.0
3061033999184053480	17103544837658844178	1.0
1414998270388220202	17103567575435223178	1.0
4245510958484466900	17103567575435223178	1.0
6105045187942669178	17097182814360589379	1.0
3272556061354403014	17103567575435223178	1.0
7088675274036824756	17098461546400135178	1.0
3956965082056600178	17103770143225445637	1.0
4895261775888932178	17096959952721862868	1.0
3528556294424980672	17103567575435223178	1.0
414464263754054806	17096729197025512178	1.0
14259315095268132979	17099723540920106178	1.0
3926342259995557405	17103567575435223178	1.0
6232609444683084178	17120694848390779734	1.0
11475616563394910178	17095699263806552307	1.0
12702525310727831696	10903896370651078178	1.0
13485767143687864178	17104025371575925155	1.0
3536113973247921567	17100786059996668178	1.0
14293595919485082130	17118394554000107178	1.0
11897419902136335178	17111528636551308830	1.0
15539324905559002235	17103567575435223178	1.0
14296744108795637178	17094044975674526413	1.0
1824174397152942178	17097677182208761293	1.0
2849028240666001178	17100470989789630870	1.0
3907989771932696028	17108402308419102178	1.0
6531579249149151178	17115630527830984946	1.0
3578301563413920398	17101736952867275178	1.0
5690628912647597389	10895105221002708178	1.0
1827332894365335597	17103567575435223178	1.0
4680035013073493120	17103567575435223178	1.0
3562714229808675134	17096213238403458178	1.0
5730329437329948386	17103567575435223178	1.0
1678646633391199178	17108997547890321753	1.0
1678646633391199178	17110733612302798653	1.0
6077619338604379079	17102622450523041178	1.0
