6177558061130147155	17118526108975859801	1.0
5512605323394785617	17090199081508480801	1.0
4745218079315958931	17115570892307527801	1.0
8562693623053430801	17102895683565729053	1.0
1494737443064806355	17091960134074211801	1.0
4652954163736506567	17118526108975859801	1.0
4910215457845025801	17112055521601033900	1.0
2632750464107769406	17102349071554450801	1.0
1188527024040437278	17103710318507007801	1.0
8001836685641111989	17102349071554450801	1.0
8097140187229015801	17100769756330354924	1.0
1047528997718138214	17102349071554450801	1.0
3975097812190508801	17108326248801235419	1.0
5141841815590402801	17114674983562273836	1.0
5675718431812029801	17103770143225445637	1.0
5675718431812029801	17112919583189891028	1.0
6982044438565841323	17095601939859486801	1.0
533455550209300954	17121462402034062801	1.0
4025461865535076446	17102349071554450801	1.0
11187116374164823968	17102349071554450801	1.0
13001717568567679290	17097730384146844801	1.0
244579566894844561	17094487305671788801	1.0
5456739344083167801	17111117651045418091	1.0
5456739344083167801	17101013877971995107	1.0
5456739344083167801	17111500410002793152	1.0
5456739344083167801	17102302969430185321	1.0
5456739344083167801	17118289430496004362	1.0
7370935134472332013	17117651116755316801	1.0
7155200961569454504	17097080624228893801	1.0
3605543294653587506	17102349071554450801	1.0
12520435114358407687	17098725871540958801	1.0
12783196594009914838	17098845473522106801	1.0
18341174788209723744	17103741581563740801	1.0
2284813028394694801	17112986120906950263	1.0
4734860957255287978	17108767346272869801	1.0
7061407488784104113	17102349071554450801	1.0
5794189229765496986	17097080624228893801	1.0
405699505663364033	17104693513869059801	1.0
2781630669401824516	17097730384146844801	1.0
2906129414306267688	17102349071554450801	1.0
3573289189637576801	17100263298056798630	1.0
6829206665895917614	17103710318507007801	1.0
2361203059210721123	17112376540345711801	1.0
6020341143742945262	17095453428562161801	1.0
2713940695703524885	17102349071554450801	1.0
6438973496941497801	17104338942887289699	1.0
6540136438985828425	17114347303384391801	1.0
5218193084506837162	17102349071554450801	1.0
1747223855607802801	17102508552371846024	1.0
2238298645347260801	17107981934193961408	1.0
