2315462258625297929	17101779692114120100	1.0
3794369195072961929	17095457886793390434	1.0
1035511895022091574	17110314088390125929	1.0
7215982932555611929	17104902021752034038	1.0
7215982932555611929	17108023676855251547	1.0
4329169147643448046	17119456553495486929	1.0
9095030068476661929	17099963285992725330	1.0
13638219278830033929	17093755572160764728	1.0
11866569149593654651	17115077044090359929	1.0
2637410786173440343	17099946690234517929	1.0
2637410786173440343	17097112668986524929	1.0
2913935827532213056	17112913102076937929	1.0
5668907214299954178	17107069171994367929	1.0
12101278188580467929	17112863027089442161	1.0
12101278188580467929	17097186035558788943	1.0
7996482870911340462	17113273754651065929	1.0
14442328098977385487	17110314088390125929	1.0
15471733013641245022	17113273754651065929	1.0
6128595833845457396	17096781634285047929	1.0
12021441467325561492	17106250813135306929	1.0
4078526891001181929	17103870563781662730	1.0
3411104405616268638	17120196950115953929	1.0
12495425063014458929	17106597880932236944	1.0
8489729842962491929	17100471105755255639	1.0
8489729842962491929	17113662878797302301	1.0
2995231925792350929	17096408229779213998	1.0
5840618566795526929	17103766844669350958	1.0
8790612389958679929	17091318822382057427	1.0
4232773661508125132	17089573626907772929	1.0
1982850301778297929	17099086236466931614	1.0
1982850301778297929	17118955502653987819	1.0
1982850301778297929	17096667362496511113	1.0
1982850301778297929	17097858202217571811	1.0
1982850301778297929	17097433116437809966	1.0
10159061653104868397	17101346510291333929	1.0
13634592526031974929	17102412310726471186	1.0
13634592526031974929	17111206415146248751	1.0
9491764301435391682	17099904973255419929	1.0
5578007960151477929	17104528174837960848	1.0
4739181721533204929	17113406641088781396	1.0
4739181721533204929	17107613911258150511	1.0
4739181721533204929	17108005397484049849	1.0
4739181721533204929	17097348003034981053	1.0
5354955894625740929	17091878731531365066	1.0
1879750282039763312	17113273754651065929	1.0
9949978268070100929	17100693451849861358	1.0
2482283568789783929	17109512763483541800	1.0
15324223634019018728	17097073382943360929	1.0
3716169369581707302	17116244261512988929	1.0
1878076907355571196	17098148395945703929	1.0
