3626251772274918553	17104902021752034038	1.0
3719388486010599553	17104278207617078237	1.0
5527098140509648131	17092573996597092553	1.0
7038680914399122553	17097050370454551695	1.0
7038680914399122553	17106931990707836958	1.0
7038680914399122553	17092907809988514100	1.0
11549299402497419553	17098408189977989610	1.0
11549299402497419553	17113945994432014148	1.0
5984053306460242129	17101822869423136553	1.0
6982795482703076553	17103345864786689790	1.0
12914997848318455108	17097901778885486553	1.0
256598299094806082	17100351374893638553	1.0
3458633449464642553	17112196606966043495	1.0
8478075084490132553	17095646770709236049	1.0
2358547818041043543	17096124336756244553	1.0
3332960128299904553	17100769150652742745	1.0
3332960128299904553	17112226293780108782	1.0
11285090842590325553	17112589313055453508	1.0
12756561496088083151	17108389749825492553	1.0
6176134467568506344	17111382569040541553	1.0
5653663181946696553	17102528549685092015	1.0
6354330632675284044	17108187362370285553	1.0
2849059010737694553	17096803315305525576	1.0
11669413271929250932	17095433285275736553	1.0
15150441518181280905	17113161282443174553	1.0
13328881317103989970	17107972425027097553	1.0
7901980851744774487	17106027388980199553	1.0
2183817418327912858	17112054035623804553	1.0
7817919324231796169	17107972425027097553	1.0
4972365181150170553	17115856932817496373	1.0
11903485859660026553	17096156454610504584	1.0
3307180128756799266	17106106970419988553	1.0
9629727346595139429	17112365880233787553	1.0
12435115557186734621	17094375799792900553	1.0
5468441861970407553	17106547926087405201	1.0
5468441861970407553	17113903126327531221	1.0
4425060541778315553	17093351471526931833	1.0
4425060541778315553	17097024407349721493	1.0
4425060541778315553	17113689980073924388	1.0
4425060541778315553	17106086753976095374	1.0
4425060541778315553	17093440531969127694	1.0
5316062761600232289	17113161282443174553	1.0
5752926279798680593	17113551415882879553	1.0
9012350778414136553	17101481092978906526	1.0
5384782071801231553	17107285062822710173	1.0
5384782071801231553	17097060871628045756	1.0
1551653255242245061	17110882252560626553	1.0
5016622922728223321	17113491483818580553	1.0
3785057491051758471	17108435671709665553	1.0
12272415756186059563	17098620163802167553	1.0
