15037519090886184187	17113578564215217571	1.0
11369396559662709012	17119476074130085187	1.0
8844697040422523187	17103146930557013611	1.0
8844697040422523187	17090315599703828052	1.0
14537504003886936187	17115634857200243220	1.0
14537504003886936187	17102097773133963569	1.0
14537504003886936187	17117532640076271615	1.0
14537504003886936187	17099508229960816279	1.0
7249968132755414997	17096232591495137187	1.0
10995712702549301348	17108465319783111187	1.0
5678978371817378559	17104946272703674187	1.0
4890551264141342441	17100255781770981187	1.0
12749143353227854187	17101022532093905683	1.0
3179107433588253691	17114501677324300187	1.0
4702840933507888187	17096561538734471099	1.0
14463021299173701187	17108566135571469284	1.0
2478270699203855187	17108462626961987730	1.0
2478270699203855187	17106098895908160035	1.0
5645386269496852164	17112317218250663187	1.0
900961406155019187	17100726733660326924	1.0
7206398880578754793	17116167282826190187	1.0
413376292339017187	17098608945345262484	1.0
413376292339017187	17114411839552900628	1.0
413376292339017187	17091878731531365066	1.0
3913320499129786187	17113629154749267213	1.0
3913320499129786187	17095900839566635842	1.0
13934055664974464502	17100255781770981187	1.0
15972862528111002187	17095640354168576347	1.0
4270572857241392187	17108312500635770541	1.0
221483706232080119	10905038492707041187	1.0
6978252279729159187	17098397014542047446	1.0
6978252279729159187	17108766933874509865	1.0
5147662946648870187	17105928720726124226	1.0
5147662946648870187	17094444399024128555	1.0
5147662946648870187	17100411294021281835	1.0
2921073392869164902	17107005954400600187	1.0
7845665944134519152	17099987982021016187	1.0
14319682790241850187	17110703925488733366	1.0
6232703194962543187	17106971899464886265	1.0
2203947087467661777	17092023248571140187	1.0
6102941706124658187	17098160563676090025	1.0
6102941706124658187	17105452060908871092	1.0
5867377877189342454	17110945921038486187	1.0
7714878787476297187	17112594398275954704	1.0
7714878787476297187	17100341260272265932	1.0
7714878787476297187	17097636642042516120	1.0
6321139899974922584	17096811269662998187	1.0
14243974177530557187	17103126233061634466	1.0
17735519143974513187	17102000887066436173	1.0
1299250881815204187	17114391468522087235	1.0
