5423447892219789687	17116939655480462234	1.0
3782372406959882730	17117707088714512234	1.0
6040694736685202234	17119003284153314468	1.0
12603413296001270234	17111975012475157171	1.0
3429529274887353234	17113763866405112780	1.0
3429529274887353234	17091712666601673989	1.0
6997384283448309995	17094882635916224234	1.0
10801680517246337079	17094474124523328234	1.0
6069685311489912310	17096247830048595234	1.0
3426511096717710839	17095092591121435234	1.0
14587277288256311103	17093564579218187234	1.0
9722722688409052007	17102269494475263234	1.0
3005293543555281234	17096594549877738758	1.0
2921497280686505262	17107396281009890234	1.0
511141072520737234	17111388027933033691	1.0
5835602914269072913	17108312152738896234	1.0
3991671360421706332	17099763625839139234	1.0
3679382112947975900	17091046349674441234	1.0
3842258914429577234	17105108068466700238	1.0
3842258914429577234	17110946539574291050	1.0
2415230308193114234	17091473956686736720	1.0
6442524442633517865	17117277437434078234	1.0
6204902829745353814	17103523998654707234	1.0
6508017620782923889	17105828081030595234	1.0
4938369363830664438	17090081352116473234	1.0
14725183747993569956	17104613833666497234	1.0
5183202469953011234	17105651046729430352	1.0
5183202469953011234	17101801115376327568	1.0
10312145178253148234	17095536845380127020	1.0
1743075291590365234	17112899572926927384	1.0
6954973100877505234	17115870320353158397	1.0
6439533851475275905	17106535028395410234	1.0
5008516766775906950	17118212245688278234	1.0
6700243544809794480	17110563939695025234	1.0
2936988187454910234	17113123744333705760	1.0
2936988187454910234	17091878731531365066	1.0
2936988187454910234	17100738493229354574	1.0
8456124725293033234	17096037862015791750	1.0
8456124725293033234	17107720108589428053	1.0
1306883243692653234	17102147173824033191	1.0
1306883243692653234	17110240807758468664	1.0
6500836679683613234	17112203530487165303	1.0
7434770237057206234	17116546184811654540	1.0
6843871191603692234	17106791888940800622	1.0
6843871191603692234	17096818034236918281	1.0
5329016220561781966	17115577334687493234	1.0
12380198768233609184	17117986583722555234	1.0
1360264723239247516	17106029927258401234	1.0
6531523834345197871	17099397686018363234	1.0
3672662239540173984	17108080439280538234	1.0
