11639624726542157509	17120694848390779734	1.0
5715312003820283847	17111314085735783509	1.0
4662584665437215026	17100252964309739509	1.0
613358308176764394	17106018180620394509	1.0
8242430187267080915	17111314085735783509	1.0
5369855185181311796	17110223323042325509	1.0
14249453543754041869	17102201024050156509	1.0
4631974991391658509	17102719156130909236	1.0
4362245353877308509	17100772333324022138	1.0
6890185082640771743	17100002374577604509	1.0
7165908836448388422	17100252964309739509	1.0
7013531819422534738	17113033751950076509	1.0
3693542860411177724	17113784404896138509	1.0
4326244444833374873	17100252964309739509	1.0
12364201132490022765	17100252964309739509	1.0
371466172813168409	17097818954901375509	1.0
275444655552942144	17119922901103917509	1.0
3480835071653493979	17112554622641461509	1.0
5064963480500045021	17107209441333292509	1.0
10285549351978783509	17105918176541704748	1.0
10285549351978783509	17113689511897294884	1.0
4386804002675255509	17112760849793273268	1.0
14849063633711072	17117655798235572509	1.0
2521759120669657509	17105318775206154639	1.0
2521759120669657509	17107938133951065761	1.0
2521759120669657509	17119052203818955428	1.0
2521759120669657509	17091226502124984584	1.0
2521759120669657509	17112350061979903167	1.0
2521759120669657509	17103427061148684775	1.0
2521759120669657509	17102001458495058396	1.0
2521759120669657509	17109875812909157780	1.0
2521759120669657509	17101955433637348349	1.0
2521759120669657509	17094612714533896568	1.0
2521759120669657509	17106627683711927000	1.0
2521759120669657509	17097716193453793038	1.0
2521759120669657509	17102744028218831140	1.0
11487757976694535509	17111396475978847393	1.0
11487757976694535509	17107804371561149580	1.0
5745026274138274509	17109955725017317429	1.0
5050623761955240509	17117610215755870653	1.0
5050623761955240509	17104096337347461822	1.0
2777604085360914509	17103028492468696872	1.0
5885586721617735314	17102201024050156509	1.0
525892674480200346	17101289760950732509	1.0
1102678883032903509	17091878731531365066	1.0
255138236312794978	17106870963464222509	1.0
11154264744327670509	17096195946794476214	1.0
5549024004251964347	17106449446861910509	1.0
7113068362788896509	17108651876062464995	1.0
7113068362788896509	17093636103400834919	1.0
