6009159150056470721	17112615211742635907	1.0
4000932543237334090	17120622216340051721	1.0
5258908466231139926	17091305538112038721	1.0
748805490982625721	17096821504576997875	1.0
16155013317335239721	17112419885146897842	1.0
12360384138209196642	17101592092104651721	1.0
3121967167981126937	17105062717756075721	1.0
3795919803406975721	17118058687686391925	1.0
3795919803406975721	17113467513601527861	1.0
2745002835444079628	17105062717756075721	1.0
3369176314540191721	17110535335085111763	1.0
13121339944927884721	17105279995894046044	1.0
1076177894537791425	17105062717756075721	1.0
16119310608241500721	17101733525506769803	1.0
1254389123204537950	17105062717756075721	1.0
2901667537975427525	17105062717756075721	1.0
2774684341300825721	17100322671684929204	1.0
305362000417603721	17104027403108152922	1.0
305362000417603721	17096263871588205767	1.0
12471195004653251754	17093669049991922721	1.0
2029044951580329598	17105062717756075721	1.0
9477827577374247255	17110852978003520721	1.0
13366454596313983721	17103985016072446863	1.0
13366454596313983721	17118412743389189618	1.0
11710588568600497527	17102885916790960721	1.0
5966894691952965995	17106270497121889721	1.0
4872002038688724924	17105062717756075721	1.0
6075267384671777102	17112273663024963721	1.0
5794877161989976721	17116674505527211298	1.0
11078304032578957684	17107746045881269721	1.0
1355695861511597721	17113184410711810268	1.0
18438244777058544394	17095723427428792721	1.0
528343181004617721	17112442717202062836	1.0
528343181004617721	17116816226650645750	1.0
528343181004617721	17114479790156246649	1.0
7214342924543851680	17099427514485556721	1.0
5072107618253588644	17105703307963729721	1.0
4450782375083233556	17099514272921762721	1.0
1650194926692418721	17120814656578262429	1.0
9288106511138740440	17096199335521002721	1.0
9288106511138740440	17106544627573310721	1.0
5062503397095364721	17099000942700429127	1.0
5062503397095364721	17099060496828983948	1.0
1667737781645746078	17113075529147236721	1.0
3637097427007380041	17099361788627842721	1.0
4436046454507355460	17105062717756075721	1.0
14047518494918972620	17105062717756075721	1.0
6645197343036512983	17118257699262326721	1.0
3235267573055443192	17105062717756075721	1.0
4018483334201428524	17108752137719286721	1.0
