5835088008039447190	17104949919142240134	1.0
492637737807631717	17102537281358423134	1.0
5843965945423427134	17109293728841321311	1.0
6638497545100406763	17098710151988579134	1.0
5368401457449262676	17118003501689968134	1.0
12502525504765028454	17108439434043845134	1.0
1907421614578684134	17097112729007773959	1.0
1907421614578684134	17110836665735796195	1.0
2161379301554869784	17098845834286828134	1.0
11572961459405003003	17118846676768732134	1.0
4469304185064240134	17108127679531503871	1.0
12807835957714831134	17114866569266082672	1.0
5034952900140339905	17107274651678720134	1.0
2932530054388253099	17101377970852999134	1.0
2323176162021518764	17109058394754017134	1.0
13740737735894824134	17091969913644515657	1.0
5698936299362136134	17109973811114632249	1.0
12525384727403225134	10900475532261632641	1.0
12898136099183196706	17102537281358423134	1.0
10083007020142684134	17097596557114261307	1.0
2693733522956486134	17096760640509352306	1.0
6627758906749574134	17103766445266518118	1.0
6627758906749574134	17113352868066615530	1.0
6627758906749574134	17099329696681457913	1.0
6189376741790399685	17114333529297399134	1.0
4090170078863960882	17112922598219094134	1.0
11015165607497303568	17099799561850181134	1.0
2429882724491209888	17107274651678720134	1.0
2934379939893618562	17106574919989091134	1.0
5306781763746709134	17114395192256283687	1.0
5306781763746709134	17114588796531982323	1.0
5306781763746709134	17099537023303933025	1.0
4696625415609393134	17105944964218975312	1.0
4696625415609393134	17102983451027908480	1.0
4143584195121015134	17121045811816561534	1.0
5454716401184079657	17105313161692327134	1.0
7571359860498268134	17108737646541055488	1.0
10539444354455647891	17105313161692327134	1.0
2028390012136114134	17100431884213776308	1.0
2028390012136114134	17118955189057399841	1.0
4937605426968444134	17104707343715150472	1.0
10104430524949551471	17107274651678720134	1.0
17481268118878361134	17094942048325487073	1.0
8467098039788078965	17118346579405335134	1.0
9559133439898127134	17107091046254238659	1.0
9559133439898127134	17111349789764000337	1.0
6064487287257883208	17108562815620269134	1.0
6489664465834024134	17106557873279556758	1.0
6890950587791438134	17116697994861120697	1.0
12182044533434040632	17113487188908474134	1.0
