1186080997371492981	17097985509384879399	1.0
9872680509602643738	17096247958774810399	1.0
13413156820844790270	17103413811225472399	1.0
7002792425416036378	17114075504885494399	1.0
6380689098392902754	17104305944577341399	1.0
4002047013872944022	17103497532964587399	1.0
5651584043976926399	17100293513151405600	1.0
6261135853529640399	10887858984221127223	1.0
15304207840451119399	17099060496828983948	1.0
5540610851905404743	17116848228445370399	1.0
7821472805800379253	17106782860808187399	1.0
6870355261801518399	17114558087473079513	1.0
4246722345895883119	17108884985337022399	1.0
3774690098462662311	17100361670019225399	1.0
5811551101945173161	17104352703924942399	1.0
10929884769830850399	17093261504863588023	1.0
9635792201726682874	17103658564146965399	1.0
5230320422657428911	17105448968506633399	1.0
3860754937840136963	17113005744439363399	1.0
4282988006346289399	17110011581035307435	1.0
4282988006346289399	17105563695794907739	1.0
4937831245301662399	17095047472617921128	1.0
4479864278660628399	17101932665977478887	1.0
13505800339700743399	17115004154144237825	1.0
13505800339700743399	17106070583471358259	1.0
13505800339700743399	17107023546582416871	1.0
2160681022016687399	17109637824478930022	1.0
4952417961482797663	17100372291375202399	1.0
3598556620159864849	17103028531210091399	1.0
12107212477974363425	17111783890667140399	1.0
4029180080382387588	17114157646089634399	1.0
7934205969262839495	17102963634199880399	1.0
2009860449790735399	17106549064362541455	1.0
11040851679341136399	17116794842007488481	1.0
11040851679341136399	17093248091699929836	1.0
2389318773940644839	17100768411974669399	1.0
6574803383444743399	17108766585997524550	1.0
3836621479111777399	17119369485913013789	1.0
4804603376552662399	17107770089233287653	1.0
3085507971690855499	17096247958774810399	1.0
11010090774547116767	17094418281224911399	1.0
1429595622295287669	17100263414022423399	1.0
12491343838201200399	17109918006625578471	1.0
4806850559458841744	17103338554845970399	1.0
8300250432291109399	17107506468253382438	1.0
1567227901375487399	17098756215436925464	1.0
10912508168087825399	17099040615304973658	1.0
1268506160977640707	17109317243848583399	1.0
4327966685843778964	17108865761152758399	1.0
6331729193916881399	17103042446857698645	1.0
