7501562899521270600	17094355261241855382	1.0
1076900781324727025	17098752427309314600	1.0
4098578946257235648	17116025351306477600	1.0
5508699471196652666	17097274554855450600	1.0
4676860262617576257	17117121903784386600	1.0
5624753677960074661	17097906486281877600	1.0
16200817017618821808	17091904282283591600	1.0
2886371105881854492	17114634408997412600	1.0
4067082591742287465	17113635167712071600	1.0
6019743779104665994	17109759084138428600	1.0
6719700419112526626	17097411813456874600	1.0
5386458943296440372	17095706131669512600	1.0
5725988468915732984	17097906486281877600	1.0
1060851910019273152	17097411813456874600	1.0
5007179649567946600	17091878731531365066	1.0
5302903527642803600	17101061620698668397	1.0
8697278548105808600	17102888493752778025	1.0
7558030202429922600	17098599646732053823	1.0
7558030202429922600	17101188970810645992	1.0
3575092127679532237	17101921919909135600	1.0
13586990046683065600	17112052364775019987	1.0
3123871809674884053	17096801777775069600	1.0
4473197023715431529	17113855989132123600	1.0
6433402193966850341	17110472289379313600	1.0
4434635112185212378	17111087655016837600	1.0
2000709424224989600	17098581083912701943	1.0
4259473789938170233	17112866570456071600	1.0
4242248224339074606	17098199669345626600	1.0
18266715047692413600	17100954396891801528	1.0
1121848167136781664	17112691348612790600	1.0
1995593409494321037	17116762453673067600	1.0
4093091052059637334	17097406444787466600	1.0
4819251462880255961	17103537643558831600	1.0
15611224464495543397	17110067681934398600	1.0
9570468619819407600	17107458927333563023	1.0
9570468619819407600	17094298941317364195	1.0
4556679517370892578	17117121903784386600	1.0
15824914367447769600	17112223270232882223	1.0
15824914367447769600	17108316963022547211	1.0
4631188857981784681	17107698376125499600	1.0
3709689741146605600	17091702294186130625	1.0
5272709296105820295	17096948876139161600	1.0
1079242148582418051	17096441846542833600	1.0
2144211931237953600	17096094375220351940	1.0
2144211931237953600	17103989852122131781	1.0
2144211931237953600	17100381929347435009	1.0
2144211931237953600	17096124062034417227	1.0
17872433557214680600	17091878731531365066	1.0
17872433557214680600	17109743789851401953	1.0
17872433557214680600	17108220167273915872	1.0
