11392583683696254093	17120861029406293174	1.0
12854583750027163174	17107398703313632183	1.0
12854583750027163174	17096401826090442631	1.0
651408812747414464	17099277620164203174	1.0
3239123766093617389	17106614502414949174	1.0
6710670640887279750	17107773529519452174	1.0
4776432396706597174	17090344577752039124	1.0
2309225485084222174	17111598086163318234	1.0
14349757586469447167	17107773529519452174	1.0
2930732747741223141	17107773529519452174	1.0
1411970138255983174	17108886329654995211	1.0
7192125878476156174	17111487645412144075	1.0
5758088654408257106	17099277620164203174	1.0
6988991011287758156	17092138903412831174	1.0
7052449638896067242	17120366210451705174	1.0
15230168780482881744	17116676885020871174	1.0
5819336245457745174	17098358789373998721	1.0
1756148910451451174	17110671159129133250	1.0
1756148910451451174	17098457745360532326	1.0
12950550565889730173	17110085119503279174	1.0
2302279904789217998	17116676885020871174	1.0
12524545074713462316	17107773529519452174	1.0
13610434693590528646	17114494977256824174	1.0
2757771318910793174	17094549874827364996	1.0
2757771318910793174	17099552704259172775	1.0
4419586958392049342	17107773529519452174	1.0
15056846457827279485	17107826374670866174	1.0
2266384960717179914	17109939232326375174	1.0
15001556307980155673	17103388745727944174	1.0
6120541890224187780	17107773529519452174	1.0
6500990397835171701	17114634666631959174	1.0
12205672579471776174	17110614512883004532	1.0
12205672579471776174	17097125613973688400	1.0
12205672579471776174	17116147556060745403	1.0
12205672579471776174	17119803586924338320	1.0
12205672579471776174	17114995847680748133	1.0
1903063510579768651	17114494977256824174	1.0
1905679346942206174	17103519716454220892	1.0
3208598556853231174	17108073489978912954	1.0
14222605440333438707	17107773529519452174	1.0
3671311524061089472	17099277620164203174	1.0
171496254227349136	17108124690217952174	1.0
2095125239187487174	17096779345093908323	1.0
2095125239187487174	17111832256377311219	1.0
2095125239187487174	17098829869884944761	1.0
12093082653076607612	17090487475638234174	1.0
11234544505884592174	17106014495470487289	1.0
13453792034249531174	17103121328187703778	1.0
6358360507566022174	17105441430896340156	1.0
3529186167416220174	17107935149039650342	1.0
