1994582254266510640	17102645175255264877	1.0
4896677390599189877	17101690515706299470	1.0
4896677390599189877	17095975370112010848	1.0
12967727626561672877	17100253312206613816	1.0
12967727626561672877	17106160898028036907	1.0
12967727626561672877	17095394763656445772	1.0
12967727626561672877	17107818845598386320	1.0
12967727626561672877	17118396585651443281	1.0
12967727626561672877	17114738016595559416	1.0
11854194184128960877	17102817553759052202	1.0
6087072528910057613	17103319747093717877	1.0
4809452931476791877	17098397014542047446	1.0
1432210506082171624	17113336233580735877	1.0
8092780816681464877	17111504563180567208	1.0
8092780816681464877	17114309636509906323	1.0
15978636906567595877	17115507223643628875	1.0
5159489202948368877	17105345253741489086	1.0
5159489202948368877	17108324736906343132	1.0
3312497208200065877	17111461476110857703	1.0
13419724443380460223	17102645175255264877	1.0
1903069664898144971	17099216459961718877	1.0
4777651017928815516	17110197153827808877	1.0
4362975646902172715	17116796409697392877	1.0
5555554545396824877	17107994522667780916	1.0
970058027438576179	17096315896661631877	1.0
8521419618267147877	17106673489446349881	1.0
10402263077766516041	17105842374767237877	1.0
12484525466065363877	17107964951819340398	1.0
12484525466065363877	17113184410711810268	1.0
13608106519939849228	17105938706483399877	1.0
5224341618120147877	17100215684060704658	1.0
13834842968138317241	17105457146194517877	1.0
7649186403651163485	17105837615881648877	1.0
3089853246078686173	17103319747093717877	1.0
13193640714985905710	17112995900463809877	1.0
1487109203033543877	17096462492500302794	1.0
11484420235960551877	17113177813753676636	1.0
504670682537511601	17117458586290875877	1.0
8490430638377119720	17106263023782410877	1.0
3267766190983727877	17101838859574697745	1.0
4629758362921475877	17097783070263599077	1.0
3854617253235683877	17097448741545565646	1.0
6606884560563062877	17117101129113030286	1.0
6606884560563062877	17111185666243050735	1.0
6606884560563062877	17098811440171579917	1.0
6606884560563062877	17096808928861519104	1.0
6606884560563062877	17109681817729846576	1.0
13057604842353374024	17103319747093717877	1.0
6417301692476470235	17106362752992945877	1.0
10050554319853129877	17115852693603326921	1.0
