8918349654085398148	17116963458123450407	1.0
4403171582399312097	17095977633619411407	1.0
2819869407652777140	17111863313289039407	1.0
1812066617239752948	17104743936854167407	1.0
1812066617239752948	17117108035380843407	1.0
4679919559354941851	17105181696943586407	1.0
11999329279322321520	17111071226793959407	1.0
5482529539735439407	17117292907882213544	1.0
5056072373192882407	17102998779884334257	1.0
2810020011704187269	17101513872252416407	1.0
3065387554824326407	17114674983562273836	1.0
17911953913601503407	17104083714450609817	1.0
17911953913601503407	17107988286290371089	1.0
17911953913601503407	17115097118667259889	1.0
17911953913601503407	17107621775236053581	1.0
17911953913601503407	17107313430952592182	1.0
17911953913601503407	17113271285057060682	1.0
17911953913601503407	17093033012481888165	1.0
17911953913601503407	10884441019065992238	1.0
4799350356827460407	17102104473200097274	1.0
7565933680274568796	17105181696943586407	1.0
2366685474554626136	17105181696943586407	1.0
6389466404913222407	17106931977885149218	1.0
3563880639375472407	17104515508982617229	1.0
3563880639375472407	17106750468143732235	1.0
7080735945919771407	17112949811230388708	1.0
12154307030393380084	17105733278232105407	1.0
6169402227840788437	17110465795378589407	1.0
3251162815951964354	17099899166385023407	1.0
464436176704210457	17114740009425088407	1.0
1171262441350722615	17113060436701252407	1.0
1342209285416235699	17091938779453767407	1.0
12409046441000642584	17110763466626149407	1.0
12148315241802704407	17100338296790239185	1.0
12148315241802704407	17106858907577091468	1.0
3566171492929453407	17101923040982888996	1.0
3566171492929453407	17116431461943714579	1.0
3566171492929453407	17111880179675243900	1.0
3566171492929453407	17109439083393719481	1.0
5419812739534202407	17099263335262468642	1.0
8282230664899030484	17120429775911592407	1.0
3489924025341575308	17100761724673183407	1.0
4626214567571181540	17110900514788985407	1.0
3205290680800730571	17095901213226226407	1.0
12381550806756782407	17103477728863336866	1.0
2833689546835268407	17108528120836972531	1.0
2833689546835268407	17108316963022547211	1.0
9632878556244757654	17105181696943586407	1.0
8080789663334665695	17120972432142661407	1.0
2519681721357437959	17096349268564486407	1.0
