2457810999744023148	17100339022717343265	1.0
5607964553231856265	17100207209998174428	1.0
5607964553231856265	17116122950172242641	1.0
5957234850107547030	17106971899464886265	1.0
1853286411368724067	17108906327004832265	1.0
5575838262629393265	17102004404819429868	1.0
12955510373608977966	17099252885489626265	1.0
4177072089421486000	17106698894279407265	1.0
7309442060742154263	17101166658535058265	1.0
7158946620118993031	17103497713489796265	1.0
13502363240783464090	17107671262051968265	1.0
9929503803611689695	17099442388085279265	1.0
3742169967699607959	17101241580001296265	1.0
11645544537515251428	17101241580001296265	1.0
6731566889947028265	17105296913798320121	1.0
13247239528722932265	17095648763641051847	1.0
4450021445472585595	17107097166518427265	1.0
15861920210579526471	17090887453093423265	1.0
6004819859091924265	17096455818053981221	1.0
530485945845484265	17096594549877738758	1.0
11682484626751589265	17105970605228129503	1.0
11682484626751589265	17110763299116863940	1.0
3740014799888366265	17112220500013838745	1.0
5650132946990982265	17100102949744677570	1.0
3130240726781445595	17098063978444767265	1.0
5758064507017766633	17121058842624282265	1.0
2944241426956357792	17117495776433132265	1.0
1664948943459225197	17090155101021137265	1.0
7804897156928659507	17108878658904382265	1.0
6642388357158149926	17103497713489796265	1.0
14547009773149574872	17109130279512159265	1.0
4009862393973228265	17109918006625578471	1.0
12974701541241439078	17117495776433132265	1.0
13040067943601458455	17110597298675580265	1.0
4755737793820417276	17110835385927705265	1.0
5512822520006380265	17109392581884833850	1.0
5512822520006380265	17108605627789997001	1.0
13405262021862121652	17095339036376736265	1.0
12669430085543639846	17109078740016584265	1.0
10476171827138230208	17101241580001296265	1.0
1994949366547915534	17101241580001296265	1.0
14271444347184466704	17108288775117942265	1.0
5566966557309656948	17118411124047145265	1.0
4662226970762948712	17098054843117100265	1.0
4089902540526808265	17099006775248820897	1.0
6186276286535128866	17112539499910029265	1.0
9056168558534501951	17109130279512159265	1.0
1690595043213081265	17101739564313276396	1.0
1690595043213081265	17103047897231407573	1.0
1690595043213081265	17094146057666568183	1.0
