14000064158092742323	17093781006910458714	1.0
5322560814465803102	17106396528501629714	1.0
2326344004868730714	17116439712714741754	1.0
5296224728028114226	17114605366446561714	1.0
4583125207863315714	17106801616989068168	1.0
12717182449055224114	17096692784329396714	1.0
11967875820861572714	17104492590994689203	1.0
4122581389695774706	17110822178844309714	1.0
6746117392505495714	17113051498804704386	1.0
4257147657893875714	17115375647429040401	1.0
4257147657893875714	17121201156402448946	1.0
4257147657893875714	17099517854953151885	1.0
5564784885648982751	17106968648285566714	1.0
6795020011162664991	17095575289582552714	1.0
6229184405746454445	17102075074196800714	1.0
1405465358418295714	17113211095503961423	1.0
1405465358418295714	17091878731531365066	1.0
2298529431845509707	17110580831720091714	1.0
7037347859689480982	17104603847868655714	1.0
6425679897975200636	17100017591638243714	1.0
1175716734185445581	17098188828709559714	1.0
6515440953193346263	17095527482394743714	1.0
3774066357654770783	17098666029727107714	1.0
3937468125176019714	17116145069298509810	1.0
3937468125176019714	17121502796327411527	1.0
3937468125176019714	17090991245205777083	1.0
3937468125176019714	17108658885371346396	1.0
3937468125176019714	17090942982680098547	1.0
3937468125176019714	17118088516174779093	1.0
2004644979971959714	17108953163671119574	1.0
4688481606575846714	17115644920375706683	1.0
4688481606575846714	17111117767166251709	1.0
5420851047923289714	17099831748382317536	1.0
6391371772251211714	17118263622036733805	1.0
6391371772251211714	17104616870144265760	1.0
6391371772251211714	17096604767676585192	1.0
1549584145506433545	17107508418233554714	1.0
6365966585612544714	17113459069595216735	1.0
6365966585612544714	17113340438304580356	1.0
6365966585612544714	17103354321631717056	1.0
6365966585612544714	17107399931572428592	1.0
6365966585612544714	17113516759756914652	1.0
6365966585612544714	17105730563640772173	1.0
6365966585612544714	17113546446570979939	1.0
162906885626500770	17105392481145401714	1.0
7807206234145062714	17102611206426405458	1.0
7807206234145062714	17110226569961472281	1.0
7078775867774026714	17103073881693210828	1.0
7078775867774026714	17108995580815652239	1.0
7078775867774026714	17097981579434534738	1.0
