13265069729547582776	17121022296790951891	1.0
3192612791054615891	17109199535855505037	1.0
9083535064843255268	17116204404216830891	1.0
4779428152761102901	17110766597695085891	1.0
5297027493214955891	17095606866270903792	1.0
5297027493214955891	17111605301735031969	1.0
4709097871714143914	17113197940067712891	1.0
10887407031834566891	17108770631949995133	1.0
10887407031834566891	17109904516193729081	1.0
10887407031834566891	17095190138487538547	1.0
10887407031834566891	17104341631516282517	1.0
10887407031834566891	3625040181952603906	1.0
10887407031834566891	17106148528647648186	1.0
10887407031834566891	17096240365398188383	1.0
8579836603039157891	17096107195602796951	1.0
6334742001740658891	17107826284459870795	1.0
6334742001740658891	17111427816392537203	1.0
6334742001740658891	17115057978650760500	1.0
5221420288474758891	17099295302650206118	1.0
11555408968284453891	17105725152130349023	1.0
14936243392533722484	17103517375731568891	1.0
2343081784748451350	17109982164742466891	1.0
12416164957788843306	17114344859450976891	1.0
6620567456975464697	17090506790100627891	1.0
13672933567060195248	17121152039184388891	1.0
6495930144810166891	17096352528407639119	1.0
3361720191742754271	17108084575168009891	1.0
13327093270257818053	17115985485482729891	1.0
3148904042620450891	17115440917971769064	1.0
3159477331238191891	17103818938222200513	1.0
12509130560220118891	17090206219714826807	1.0
12509130560220118891	17095594084426816775	1.0
6798357131582192891	17104480638066262577	1.0
6798357131582192891	17109583613360104841	1.0
6798357131582192891	17110122163613959171	1.0
6798357131582192891	17095908583524483108	1.0
6798357131582192891	17101667387266974268	1.0
5511710211226975891	17107025668294303772	1.0
11314593979710967743	17109247020989177891	1.0
4916701459746504885	17105226377657416891	1.0
3491123374650523891	17115664634266420897	1.0
8426333696598423891	17097996452925360920	1.0
12228110335321278891	17099430306190179805	1.0
89975782554740891	17105015876985121615	1.0
6078070112702954481	17112223785567849891	1.0
12454376384729798606	17093092944507243891	1.0
4598906980960348891	17104418661814605761	1.0
4598906980960348891	17101938086101854613	1.0
2888042786829998235	17109982164742466891	1.0
2676993270162907891	17116880578216982727	1.0
