1282230892510165638	17109186792756104271	1.0
6250115283533154066	10899350190639433638	1.0
11948838483739832999	17102001651712431638	1.0
12545233197375198638	17108094758554572448	1.0
12545233197375198638	17099743293449402109	1.0
7832932032022614638	17092918289720419941	1.0
2713857669634763638	17108878504159776005	1.0
4552229556389579281	17097557245335652638	1.0
3705752570216740401	17111144490429532638	1.0
9795459149832262976	17101135665994713638	1.0
7493893613092343060	17099720409885399638	1.0
12497312738674437340	17107848918967473638	1.0
12884346067215167931	17111807109372102638	1.0
4011402485006325906	17113604900992301638	1.0
7100098293147034638	17092606762911310184	1.0
8360505950982578511	17113822256382661638	1.0
2834117999626059164	17111240487151506638	1.0
5221767270059347829	17106001262623043638	1.0
2375179156805548943	17109659982140238638	1.0
3287455530525949565	17102495164921346638	1.0
12681604381737010079	10897952694254139638	1.0
6240226774558002542	17101887899393638638	1.0
1367592306559306638	17108151130089263985	1.0
1367592306559306638	17098309504609570926	1.0
7177517617210655638	17104133437287599840	1.0
2693073511312147215	17101505797670583638	1.0
12201284672842881696	17109545684411061638	1.0
17769869640056790638	17109478614337642788	1.0
2610919148748834067	17115143702001271638	1.0
3033788443315824638	17118919360479934264	1.0
3033788443315824638	17116346567579400745	1.0
7795931127508579840	17094222194597704638	1.0
5630501866068034360	17111240487151506638	1.0
3909879875593981638	17105974990351690264	1.0
6319943111871090638	17096564373402542080	1.0
4969179614895346638	17103620184374805266	1.0
3061482745287194087	17110560572396886638	1.0
7079413353126815638	17109002835023450287	1.0
7079413353126815638	17107254031713143811	1.0
10496608904330986226	17095038002217841638	1.0
5493200261073535638	17113611382151683778	1.0
1891437592124261409	17103345916364315638	1.0
3994921168673858638	17090361663176398738	1.0
3994921168673858638	17103500934568990410	1.0
3994921168673858638	17092385606387773494	1.0
15066038886178001247	17115449649722791638	1.0
4737824056944632413	17109659982140238638	1.0
4929836427678822638	17104673928894094844	1.0
6860069441862573638	17104120204396304135	1.0
12389319126924548041	17104329317842974638	1.0
