8638701568063337394	17097891264837189000	1.0
6526198127332083394	17106121148156637360	1.0
7342904619373950394	17113926490979262596	1.0
2184689322571291195	17105434545963129394	1.0
4668588461935027394	17099379922091529355	1.0
5621287361535053298	17103518342066113394	1.0
8481463511792844394	10904478171196589562	1.0
8481463511792844394	17090398234816536341	1.0
5003242461842927394	17102689752682875325	1.0
5003242461842927394	17107127613453752468	1.0
2229451509390280394	17111545696175651857	1.0
5057722386480412394	17101818677532080127	1.0
2327140053483761342	17096482489838203394	1.0
4316489008463815394	17103124149927592416	1.0
17173797659777860401	17107576175632121394	1.0
13161570693315667394	17105157301647629814	1.0
5421326836127971537	17105236698427928394	1.0
2457817652614448833	17116316765020321394	1.0
5794593501163290755	17096338728745516394	1.0
9714795286456737092	17113448332422348394	1.0
2832487582981732394	17102968096613802337	1.0
6071600183162496394	17118138290576398407	1.0
5269007401064089908	17112972836509574394	1.0
1822180898956087394	17096823613209282131	1.0
1822180898956087394	17109487582214231245	1.0
1822180898956087394	17111654418958204932	1.0
4541320014943036394	17108643208736253371	1.0
7356666046084635674	17099353546614839394	1.0
10569075725677456394	17098292664026679149	1.0
4980143005706610969	17097226910855278394	1.0
1769154954778829394	17096085579003868250	1.0
1769154954778829394	17111495870260366535	1.0
1769154954778829394	17112311321277814045	1.0
1633751824172583394	17113565048056934282	1.0
2557104445988171394	17090122875896250082	1.0
518020059962313777	17091864918957343394	1.0
12387327671679669394	17111924679818712095	1.0
5999541446302584521	17115538954981880394	1.0
1652588663254770210	17102944062041536394	1.0
6057900114019503394	17117721253599663921	1.0
6057900114019503394	17121082641145552025	1.0
6057900114019503394	17105970605228129503	1.0
6057900114019503394	17095900839566635842	1.0
6057900114019503394	17112475406310596369	1.0
11371948207301530394	17099004009189713687	1.0
14241441122461956857	10898004345497434394	1.0
13784374747468478394	17105918176541704748	1.0
13784374747468478394	17107512185001272568	1.0
4834993632077723427	17102543131044137394	1.0
14386239429478039394	17113361612720571707	1.0
