6613678816494532323	17109244289464053056	1.0
5720035596521829921	17113386072602443056	1.0
5229880720896279056	17106067735913145267	1.0
5229880720896279056	17098322853245326475	1.0
5229880720896279056	17093806188299809112	1.0
2713723522770015056	17105199576923138764	1.0
8083565072208079016	17118118009776714056	1.0
5381160129938270056	17110845814076270127	1.0
5381160129938270056	17100944685985586689	1.0
6324724827918906056	17116476254263529167	1.0
10419669759045300056	17100913019150142615	1.0
11393579325358908056	10903865768893454720	1.0
11393579325358908056	17113945994432014148	1.0
7537087628368769056	17105850032600381261	1.0
2881944089264271056	17096594549877738758	1.0
12937624844692088020	17101657324184645056	1.0
6900741236533677056	17119196939873479877	1.0
6900741236533677056	17106144972332879407	1.0
6900741236533677056	17112203530487165303	1.0
1663060833148456547	17099295805178070056	1.0
1545344399292003290	17109244289464053056	1.0
4952249667270795056	17113006015131522755	1.0
4952249667270795056	17099232574658872968	1.0
4952249667270795056	17106706320261611513	1.0
4556162341819540640	17098243224646636056	1.0
4361461392243515439	17098319477432668056	1.0
11536393991128137056	17102495048991987386	1.0
11536393991128137056	17106060687911790083	1.0
2660738510272115348	17113386072602443056	1.0
3410919768667862056	17102727587141510965	1.0
12652122240791050056	17108210825847053216	1.0
12652122240791050056	17111563936808697782	1.0
11734379127148389253	17096963392993832056	1.0
6361272869497301056	17114425085215518872	1.0
12223099616088519312	17112896029559163056	1.0
1349444068331431720	17110369583757951056	1.0
4944124069849088869	17110503333321555056	1.0
2255383091877694478	17101657324184645056	1.0
7064098143132861975	17101842755001526056	1.0
15992787177227187056	17104902021752034038	1.0
15992787177227187056	17099361402089185646	1.0
15992787177227187056	17115097625485756085	1.0
15992787177227187056	17101256440557301092	1.0
5487652527575757056	17103183369038208692	1.0
5487652527575757056	17113184410711810268	1.0
5487652527575757056	17113125165973596751	1.0
7096548506816797056	17102040821720434205	1.0
6249350725110808056	17098136571951319654	1.0
4973875722587238056	17100898996150525378	1.0
4973875722587238056	17111388027933033691	1.0
