7803433552126424302	17094269095620494536	1.0
18130721517336131536	17120694848390779734	1.0
5229209333779932536	17104951177515296437	1.0
3136138485383810365	17099831748382317536	1.0
3371888855923492373	17111198624117003536	1.0
1852759853123729699	17100985586923161536	1.0
2839172467060568883	17104663350219738536	1.0
6290578884371453089	17094269095620494536	1.0
6802291505833370791	17113433712215989536	1.0
12337185513306766423	17115641454303833536	1.0
6801869817092253866	17099831748382317536	1.0
16950028329274004517	17090225508427266536	1.0
6135789281603623650	17094269095620494536	1.0
211032663715861536	17121122352370323604	1.0
211032663715861536	17115555280097254027	1.0
211032663715861536	17113488782384826418	1.0
13728282136741798536	17116051610800415914	1.0
3733395117034001666	17104620198750900536	1.0
4367298576647812342	17094269095620494536	1.0
12910561014752974973	17111198624117003536	1.0
7674463162087631071	17107319628651360536	1.0
1003652819223486998	17119942718093687536	1.0
4752875991049624536	17102318920847803046	1.0
4752875991049624536	17096137449229601411	1.0
5990053120467766021	17098793431345390536	1.0
3031271148093351763	17119832985953407536	1.0
3999457063971045345	17102847755925633536	1.0
6118900971329311132	17093818686716641536	1.0
7798249294963663462	17101235897713471536	1.0
6923736229066954963	17098793431345390536	1.0
5633930426268278536	17109197126380249748	1.0
8433617336645248208	17098793431345390536	1.0
6464137164941544448	17094269095620494536	1.0
10854302033579463653	17100985586923161536	1.0
12577984302650499536	17094143351817440947	1.0
4546136882016107497	17120278185106235536	1.0
13064820859598394536	17095838309102816968	1.0
3535718855816353056	17099831748382317536	1.0
3559286875129728336	17103783260003654536	1.0
6189068324237375844	17098793431345390536	1.0
8482652254780439536	17102591780214603498	1.0
12629584558858943690	17115466490270230536	1.0
4443486553024901536	17110859472081396151	1.0
4443486553024901536	17103872981774980592	1.0
4443486553024901536	17098564307692000006	1.0
4443486553024901536	17093159172961740404	1.0
6450410122131474536	17109485121172291559	1.0
2469583466525785260	17099831748382317536	1.0
4588884557544947425	17094269095620494536	1.0
12938306575146647007	17100985586923161536	1.0
