7897698417339517969	17108537539617928375	1.0
4007173262970466633	17094978589854712375	1.0
5334974271975610060	17105253478754848375	1.0
660519730430117960	17096348323616183375	1.0
6205703751173495375	17091878731531365066	1.0
1056908498665503375	17118997387152255261	1.0
4018744734299581375	17107797113046901960	1.0
6925180716524701375	17112939941329551470	1.0
6925180716524701375	17114756802610503934	1.0
6925180716524701375	17116644337788999712	1.0
6925180716524701375	17105650312309778445	1.0
3240812820762301375	17105091940707641932	1.0
10445408612638930114	17099241658543281375	1.0
844119429579520375	17101864848400886190	1.0
6939956515868865286	17099331792621085375	1.0
2862088867381733375	17093000714461885651	1.0
2862088867381733375	17100965520901106097	1.0
2862088867381733375	17089728683772006390	1.0
2862088867381733375	17103845210587676868	1.0
5250137724142468365	17093712807191678375	1.0
4267782113655290374	17105948546301531375	1.0
3855820832562601301	17099693300083912375	1.0
11651717546320190375	17103818534559907774	1.0
4034854312482000375	17098424360546156895	1.0
11044045617506218989	17099688227635367375	1.0
3198915733297095339	17110256991211455375	1.0
1654339270222977035	17104600368844196375	1.0
6127374422450970974	17090348056726819375	1.0
1099027932478649862	17093712807191678375	1.0
11995547271323877522	17095832047086570375	1.0
3112956746972602810	17116855512693557375	1.0
4413377772678920375	17107775835777310029	1.0
1899964081998990375	17095377081167709954	1.0
11437627278044371180	17093665957598886375	1.0
6665024810213333375	17096090084384986304	1.0
6665024810213333375	10894263965772003681	1.0
6665024810213333375	17099012131061673170	1.0
3951329879698593230	17110015188786566375	1.0
21078582625730375	17112243679831639281	1.0
21078582625730375	17115161199622712429	1.0
6306744645157117732	17095661313487617375	1.0
12691577455678260375	17095976989421766944	1.0
5553375398538881153	17109078340558231375	1.0
4984125132074110375	17100263298056798630	1.0
4984125132074110375	17115469389396633824	1.0
4984125132074110375	17109422152733274368	1.0
5315149033176356281	17091126936170651375	1.0
10279925116321080841	17092711968101800375	1.0
3251933579517170375	17115870320353158397	1.0
3251933579517170375	17108316963022547211	1.0
