9258374398699678365	17105438493165995023	1.0
7796943440175417100	17102070714711817023	1.0
3231088508558734137	17104498552356343023	1.0
6175032827015716925	17111409111893367023	1.0
6910231266833373537	17108397016961023023	1.0
2598101631661888023	10894008746003750238	1.0
2598101631661888023	17110309973959220914	1.0
2598101631661888023	17103371862212018302	1.0
2598101631661888023	17105684354310126754	1.0
10888946758307104698	17091326299939095023	1.0
6263417485541272358	17105710914334218023	1.0
4428421763401103023	17105117809383432526	1.0
4428421763401103023	17091131299803372237	1.0
1761290337288303024	17110110498496112023	1.0
13607385477826756437	17114655540352193023	1.0
806175707909423889	17105725152130349023	1.0
3462635056953548023	17091878731531365066	1.0
4584021825794814417	17094368116051104023	1.0
1904079498146061862	17093261504863588023	1.0
1435766205795601023	17099805205386054212	1.0
1435766205795601023	17098443786730973003	1.0
7201640313548192392	17119150902160367023	1.0
1683228749095054565	17104252974722056023	1.0
13482701387768039023	17105383113965256094	1.0
17677604758083263023	17099468608882099888	1.0
4781768080933507066	17119150902160367023	1.0
3700859817994246895	17094368116051104023	1.0
3862200525113295789	17108124703198392023	1.0
10308885734158369881	17114150855843560023	1.0
9821182408705841023	17112865823077261571	1.0
13982946080572382023	17100420695775531817	1.0
2095577962640786627	17092921523815692023	1.0
3282837740093924955	17107147714046775023	1.0
3722556002655366491	17091177788557420023	1.0
3358545025684801150	17094100002813154023	1.0
6641296611421972023	17117247634637470977	1.0
902681110849302500	17100124317256103023	1.0
4610293927262106260	17096732727469328023	1.0
301471295902936438	17105725152130349023	1.0
8300498574146505023	17097898725286042245	1.0
8300498574146505023	17113388765351120145	1.0
4985459225903961375	17099934750240325023	1.0
10986775036279977957	17113804260516573023	1.0
5715019692826093581	17105725152130349023	1.0
13562452890608852789	17098365940411052023	1.0
5642467748522947853	17113731795931678023	1.0
5384430729940680023	17095034501619397839	1.0
5017842015107579524	17101929045312444023	1.0
12414298301366502448	17092418578852450023	1.0
1538163634133569023	17099164963264885286	1.0
