6908403419149092861	17093611265507518858	1.0
860401070432774858	17106686413098520442	1.0
1622824372606357858	17110852243593435032	1.0
1622824372606357858	17108316963022547211	1.0
2519920479210200326	17104509246962136858	1.0
4428698917854594178	17102460745062833858	1.0
5607331098358009858	17109118129124156960	1.0
5951026470416228443	17111779260751778858	1.0
12135602236030951858	17100941542068943641	1.0
1100861497157680353	17118070369881057858	1.0
10122945059046410536	17093611265507518858	1.0
6456083761003798039	17090166714575717858	1.0
14042300230071015858	17100411616161500296	1.0
13899770509043443506	17104176601726331858	1.0
3677503852852224892	17093611265507518858	1.0
4319569708604093858	17109955725017317429	1.0
13430374605320062858	17114240367276946268	1.0
3422514801249917858	17094281254670124717	1.0
11381648524969878858	17113988772249188240	1.0
14815591715636560037	17102001226563808858	1.0
1230673667350441858	17114554763079832639	1.0
1607682039276568858	17111243837202020433	1.0
1607682039276568858	17109751344711997016	1.0
7336534701585193978	17099445351647863858	1.0
12163719249187380991	17116720556182648858	1.0
15356976345500066858	17111077432993110671	1.0
125957061988691523	17103147600566061858	1.0
6008957956575045966	17103114782678947858	1.0
649796231748293437	17101924466883390858	1.0
12550795813714663199	17114456051942995858	1.0
3473278269744892515	17103868506535128858	1.0
4124614465839735858	17107099296817212434	1.0
7111668084901041858	17118849468495780664	1.0
3098324040238950063	17105455307874811858	1.0
8700563587296640775	17106420189482351858	1.0
1658103181741298197	17117350095431582858	1.0
9055763852735895982	17097703866787975858	1.0
4891034161777455858	17110664806837953279	1.0
4891034161777455858	17097236600227756140	1.0
14013259985129610625	17103947813090492858	1.0
3438195460421447858	17099593940234724240	1.0
3438195460421447858	17093211404048128970	1.0
3953253225543654233	17113275412632431858	1.0
5122299006475364225	17099767040454637858	1.0
12494990848722262710	17104942716413882858	1.0
2043882315188871258	17104942716413882858	1.0
2127730070884505858	17107242727361859303	1.0
2127730070884505858	17113273754651065929	1.0
2127730070884505858	17099766009532902243	1.0
2127730070884505858	17095765402051528386	1.0
