8253869866929234282	17095787912073524474	1.0
6387888486758858474	17106286448528599576	1.0
6387888486758858474	17111207849699906627	1.0
6387888486758858474	17105672259550685787	1.0
6387888486758858474	17114678050265221467	1.0
6387888486758858474	17100636187056867404	1.0
6387888486758858474	17105710021028372861	1.0
6387888486758858474	17100329217210390788	1.0
4233108675326902474	17105504515385925222	1.0
4233108675326902474	17095908364383676514	1.0
4233108675326902474	17093272448443228682	1.0
4233108675326902474	17105389620764853904	1.0
4233108675326902474	17099643083382743413	1.0
4233108675326902474	17110144441645417247	1.0
4233108675326902474	17102882566770441616	1.0
8050904100921429474	17113044759950910565	1.0
3855576594148762070	17111509206167527474	1.0
11576627511445191063	17106184851111356474	1.0
3948572864388478900	17112093549268325474	1.0
13184512119291219474	17097693829531858739	1.0
5375885188227133780	17100882439102173474	1.0
4001340686397462902	17110051863600288474	1.0
5836273203855910034	17108495006597176474	1.0
14467227926750665474	17111840159137513545	1.0
14467227926750665474	17112716018877073603	1.0
14467227926750665474	17096594137532274454	1.0
5058500374880913451	17102709750106212474	1.0
1305384966887483095	17108495006597176474	1.0
5727365456291804474	17106390605697470294	1.0
11546495386005982474	17097873904626291669	1.0
6789739837833336474	17095152536091011743	1.0
6789739837833336474	17091146714511465607	1.0
6789739837833336474	17114831788481485430	1.0
6789739837833336474	17101285702109973946	1.0
6789739837833336474	17106704275914542612	1.0
6789739837833336474	17109859397513715282	1.0
6789739837833336474	17092464191443875401	1.0
10826882820953924189	17102709750106212474	1.0
3709739819897988464	17115313932905811474	1.0
10585210348617105174	17098176772832416474	1.0
5641981195318909288	17102709750106212474	1.0
12592174512909715474	17116337664211852119	1.0
12592174512909715474	17092926759423119494	1.0
4629541476125226474	17101053447570286704	1.0
875374134296898474	17100505615859933631	1.0
4343700918664812590	17114592210972714474	1.0
379821589162429285	17107908447137000474	1.0
5320609479281465992	17110580960530939474	1.0
6422704237782397474	17097580244850347169	1.0
3170666702142583593	17107945353927584474	1.0
