12712199084425896822	17095029468056134772	1.0
17131722093444256772	17098451676562992904	1.0
7010200731222317726	17110636309866221772	1.0
13812141385685755431	17095029468056134772	1.0
5146007392945259772	17098690463804218413	1.0
1961068752687592772	17100229728632532278	1.0
14606630620306195927	17111062052726604772	1.0
3617599706245159972	17098703271382705772	1.0
447906646752610290	17117038727394887772	1.0
5688562247567722000	17093957160639934772	1.0
6206299177384877984	17114575550822694772	1.0
4602165044938886772	17112549627498614870	1.0
4602165044938886772	17119362644085426502	1.0
4602165044938886772	17115915219743836312	1.0
10142811441257004120	17118824501908301772	1.0
5704955875829126725	17118203990761722772	1.0
12326173272633375169	17120940181323181772	1.0
4039074730298561772	17110600674397104418	1.0
4039074730298561772	17120552277057272073	1.0
4039074730298561772	17102879615983671840	1.0
8058439750167737772	17110021270468183934	1.0
5598988166042198772	17102246365998811619	1.0
5598988166042198772	17105502458007891757	1.0
5598988166042198772	17095984282218152545	1.0
5598988166042198772	17100292868905239148	1.0
17373674868424691772	17098061066453611722	1.0
17373674868424691772	17111578217642526366	1.0
2539506517397391772	17103770143225445637	1.0
2539506517397391772	17107330568015309934	1.0
2204508465563235903	17112442704348686772	1.0
3239793624533284290	17099914752926569772	1.0
1054762496768065772	17118323219077871752	1.0
1054762496768065772	17115909039429005553	1.0
1122940523877716772	17093653510851519827	1.0
11214697069608790036	10894611450109677772	1.0
3179140445280341001	17092218596636059772	1.0
5015456665205154772	17096594549877738758	1.0
5015456665205154772	17099768311596871855	1.0
5462612479306938486	17119053110064168772	1.0
4528081812903857002	17119053110064168772	1.0
5236977759662772	17107558519145131013	1.0
3049820147705781772	17101838859574697745	1.0
4913909678554693972	17115651805166039772	1.0
13131306344035080747	17094770863807447772	1.0
11649677366453411307	17107100563952557772	1.0
12790367449756383544	17101570024645947772	1.0
13291559359862801435	17092420700661588772	1.0
7930193198005462910	17111965220022953772	1.0
11719308825418716272	17099610978427095772	1.0
2412768733240003858	17114089291769000772	1.0
