4945325381436621183	17111476895073031101	1.0
1721448704556679557	17100293075018596101	1.0
11675898514581342344	17091944843881323101	1.0
5843989117133509343	17091865202392991101	1.0
6069161904370090101	17109994920878618353	1.0
6513042939826803030	17103587289265430101	1.0
7413272439212864287	17108012720368938101	1.0
11981359665520818727	17103447977668973101	1.0
8044277958662175049	17103556983904912101	1.0
2320742328360651831	17103556983904912101	1.0
5078794226243910101	17097908195708118341	1.0
950622834136952634	17112850674728410101	1.0
9576871581381926101	17107779727144798439	1.0
7426849401661677101	17112730312565986861	1.0
7426849401661677101	17100766758409749295	1.0
7426849401661677101	17105139644938412794	1.0
541173159049759462	17101959247554309101	1.0
3177710776840226397	17096070460821816101	1.0
6208002378955731852	17111955929995202101	1.0
4441337885363194862	17113272436172287101	1.0
4697670996433227547	17098501412258752101	1.0
5502072010305636101	17098623797285755349	1.0
3459152162451009686	17107823320954829101	1.0
17662941709692683101	17100147900927957839	1.0
1262388409048983058	17112007594174152101	1.0
15915436155642313101	17096199992688583166	1.0
15915436155642313101	17115366061001933166	1.0
1390858953220370101	17091878731531365066	1.0
1305792141413684099	17111476895073031101	1.0
4080128474876392717	17108803179071161101	1.0
5193300886524951101	17117928193681022913	1.0
3805514403639282603	17093065714469609101	1.0
3990836157125425101	17096508311169871368	1.0
5956342098361335101	17093861864003627798	1.0
4943635380194028101	17092674013479593955	1.0
4816035488262147219	17099107711324399101	1.0
2219685845742597253	17116485621539019101	1.0
2746534459957129011	17110173157793285101	1.0
3866729387729121846	17111476895073031101	1.0
11755519543236350101	17096867709809679913	1.0
2651942611093710315	17093065714469609101	1.0
1451443133270903223	17094663034358103101	1.0
107379328852464101	17104737636094698953	1.0
107379328852464101	17105950216995246875	1.0
5407901149449510101	17095818865940834385	1.0
2164735224611610501	17115051845459425101	1.0
13635430011888131101	17105515201230011905	1.0
15006769226241968101	17095533263395078851	1.0
15006769226241968101	17102120167027889061	1.0
2653895274547177396	17111476895073031101	1.0
