11232490353927078547	17102436319610867396	1.0
475560945327228063	17114284854429521547	1.0
4307580241418636753	17116647911180083547	1.0
9960712615778510371	17117616460682518547	1.0
2153945544143403281	17100968720676997547	1.0
2456952766901131547	17112681556166095733	1.0
2456952766901131547	17111234199341047455	1.0
2456952766901131547	17090494472164959444	1.0
2456952766901131547	17111302691210190357	1.0
2456952766901131547	10903013153474041634	1.0
2456952766901131547	17114307012267073359	1.0
2550531642225023547	10908084981702772871	1.0
2550531642225023547	17099548005647028253	1.0
13378079273981041377	17104542983869292547	1.0
5905818547482757547	17107862877586772274	1.0
11126187403274834254	17096222708696276547	1.0
3271530832180904783	17105231007592386547	1.0
18307207518460858547	17115833959097145180	1.0
18307207518460858547	17103150705743809786	1.0
13018624591598017547	17115741110514315349	1.0
6753380719537121752	17108023676855251547	1.0
2242819140314553547	17115440917971769064	1.0
2242819140314553547	17097728197852563903	1.0
10606576540803013547	17117724307358566861	1.0
13373155467043954449	17099960373956498547	1.0
10765631547832166796	17094537028481172547	1.0
2075436683791567547	17106210543575333715	1.0
6367060741682502547	17110194306160451493	1.0
11305731906491439443	17091300233661857547	1.0
4855890769717392406	17111174619569668547	1.0
3705240601252848229	17108619302976376547	1.0
14803547802286783547	17113158915954530206	1.0
14803547802286783547	17097479751182084876	1.0
14803547802286783547	17095678879967538137	1.0
4215521887677862547	17096050940162028565	1.0
4215521887677862547	17104131611871462642	1.0
4215521887677862547	17106087024655227584	1.0
4215521887677862547	17098571690864513093	1.0
4808707598159092547	17099849323360282544	1.0
10337074784467158491	17111641186208673547	1.0
13855222970106973539	17092355713477444547	1.0
10447750907815219839	17094537028481172547	1.0
1435494425453504626	17111677495794370547	1.0
2385015680604851859	17094032571808494547	1.0
14140858605663029547	17109293728841321311	1.0
14140858605663029547	17102244046765925284	1.0
6652253154540833642	17107657810141385547	1.0
5258878586886718431	17107762912319214547	1.0
6453299703305006547	17092323011526922655	1.0
18125225347466632493	17106204255725381547	1.0
