9319206979464464015	17107722720023870182	1.0
4843158987126105421	17097127619654864182	1.0
3794989235688596148	17090573688525643182	1.0
3259787067129356182	17116793523450362857	1.0
3259787067129356182	17110324293332908769	1.0
5408252877618801182	17110664806837953279	1.0
5408252877618801182	17098422028377078020	1.0
5408252877618801182	17104557887440011338	1.0
5408252877618801182	17113323335833991534	1.0
7665914235954750182	17091878731531365066	1.0
2991363960194428182	17116077990452744788	1.0
5992229364252080114	17110562900270578182	1.0
4432848775186198182	17108319767670011518	1.0
3852252741117837182	17112670393486324605	1.0
3852252741117837182	17099457922906988903	1.0
3852252741117837182	17107645354655031632	1.0
3750920061282831307	17109931784816811182	1.0
5996070437602619867	17109931784816811182	1.0
3656899148515106220	17103761841030262182	1.0
10002445837966874652	17109538404494029182	1.0
3301337669902677444	17117237352457370182	1.0
7782362764786275714	17116623889450652182	1.0
1240402961532229182	17098379224675944646	1.0
13020574257276688182	17109091470174379918	1.0
6647860730180427182	17097083226922881919	1.0
12120288900559408182	17118638452461260243	1.0
6735555449834784036	17095547724652895182	1.0
3449601317143344818	17108010976705006182	1.0
13764998664536666182	17117216526206617327	1.0
13764998664536666182	17114731771601145268	1.0
14488525621707496648	17114783564704134182	1.0
2494352405391671182	17092597361129062423	1.0
2494352405391671182	17120395849979641971	1.0
2494352405391671182	17103315271722539340	1.0
2494352405391671182	17098293449870710248	1.0
3163850928916707282	17103422517124373182	1.0
2637107640838284626	17092077988032555182	1.0
11974926489341561849	17109538404494029182	1.0
4701002004849575465	17107085355377553182	1.0
3447288310310387182	17106276488513608059	1.0
2855436406290960845	17090288232128228182	1.0
3614172381800034182	17108930061076143757	1.0
12578287536134554182	17093999599204404269	1.0
4279932013589160835	17111610726174496182	1.0
3314763663458667172	17094663665733215182	1.0
12654657586495458182	17115507223643628875	1.0
12771320130088096627	17115071817066687182	1.0
7110161662761411722	17091567273379162182	1.0
327691199525416594	17105005852446151182	1.0
14722447410507949171	17098846542983402182	1.0
