2880875508923885141	17104845998090941472	1.0
18142468669868368320	17104554305460934141	1.0
13008193433917561141	17105751480209936066	1.0
4291629348268073141	17113688721546950832	1.0
4291629348268073141	17105129671976937461	1.0
10297020144431712004	17115078933819766141	1.0
4123541923638864141	17103905825497467633	1.0
4123541923638864141	17100253312206613816	1.0
4123541923638864141	17099804088673479165	1.0
5413692411116623141	17112072684338634485	1.0
6189311020105251611	17120585159299074141	1.0
13324655776929031787	17116874161486657141	1.0
4502775227768666141	17105670168048482027	1.0
4502775227768666141	17100398576644286155	1.0
4028887162146400921	17099707125495803141	1.0
3658914611964928781	17102342100803204141	1.0
7485973604504722353	17108233387285505141	1.0
13364084122667220121	17094673316351834141	1.0
4346910803296370141	17115419559200287535	1.0
4346910803296370141	17107434686601590015	1.0
4346910803296370141	17103592984333181876	1.0
5006839921471150141	10908065654325619499	1.0
5813028330030628898	17098556804583777141	1.0
14877550006194473141	17109640813737659052	1.0
11712013895263048141	17104826078092135515	1.0
145129499752648141	17100411848092749834	1.0
145129499752648141	17096785877844588382	1.0
2808625066161299302	17094673316351834141	1.0
8790620380688998141	17113417481517466302	1.0
5330203061274650129	17094673316351834141	1.0
7426270235270822489	17120585159299074141	1.0
1522600867705944302	17106128947740631141	1.0
5254156701147605775	17104985378318476141	1.0
4088841306026415141	17102031029343498914	1.0
4088841306026415141	17109511445106719767	1.0
3342011180055726141	17098842196412933393	1.0
3342011180055726141	17094196411946738894	1.0
711099863341965904	17114337940252778141	1.0
5228231683743739141	17105592489053766571	1.0
938153768791332868	17100688693047748141	1.0
5052885229111389438	17101151016243309141	1.0
6673162326331838662	17105074851169982141	1.0
385664328859693448	17110478821946178141	1.0
5651225516996287076	17116840364346821141	1.0
3823909052810388936	17110339042310444141	1.0
3257734865201217141	17099789305421729475	1.0
3257734865201217141	17092522272214532458	1.0
3257734865201217141	17112322183300297819	1.0
11155737679403678784	17097153788988210141	1.0
11155737679403678784	17100703244378039141	1.0
