9582718476723014802	17104213662972475606	1.0
11102103882849934606	17113582146286315971	1.0
11102103882849934606	17095773201747973974	1.0
5441581394714210595	17104213662972475606	1.0
1448513366490496606	17108050842592045012	1.0
5146386639118612730	17102471478127949606	1.0
15712963950490507863	17096494094900214606	1.0
1946098206229838558	17110911617221565606	1.0
9491330943684006012	17113247649999144606	1.0
9068349104232523070	17104213662972475606	1.0
787283521029847183	17104213662972475606	1.0
14459621178621194885	17104213662972475606	1.0
2297071362913447606	17106242223361453501	1.0
4760107083698004606	10900468497009898657	1.0
135317213335926662	17098415006185296606	1.0
6685604966987941606	10884182865765123048	1.0
12728498420859360210	17103639936888724606	1.0
12519923074819727026	17114336230913719606	1.0
10474090898749498606	17112806101593328357	1.0
17908571417126065617	17102027756502194606	1.0
18073645993433342191	17110911617221565606	1.0
6596958602294966287	17109409048756206606	1.0
6304528895678263362	17102037600626870606	1.0
12148557374594912732	17098688874662957606	1.0
1431478399159102606	17107226311954978609	1.0
1431478399159102606	17095125924472412959	1.0
4787847846016535126	17110911617221565606	1.0
5254144662025192732	17110911617221565606	1.0
3737641414848963606	17094053552632904326	1.0
11706770364572814077	17104213662972475606	1.0
8160531066668552389	17099662487941071606	1.0
5254464045058721375	17098259197550718606	1.0
12226336041163764706	17117086251257536606	1.0
4377800887433310377	17101050471097458606	1.0
17564104667727161220	17110911617221565606	1.0
12059719566680677031	17096421913631890606	1.0
5265096771281868243	17098415006185296606	1.0
13982498071262572606	17095544348654802686	1.0
13982498071262572606	17102244046765925284	1.0
1773123501677287606	17113902065482844701	1.0
4214343619662362606	17092494715776665826	1.0
7474130222773170129	17104213662972475606	1.0
9012440362942691999	17108412672099030606	1.0
1691864541125727304	17104213662972475606	1.0
11348865923104260606	17098953251263083548	1.0
11348865923104260606	17107506468253382438	1.0
4956264922633331038	17104213662972475606	1.0
14150201490561881606	17101573632451524319	1.0
15223313548765442753	17093024242280187606	1.0
7428928016185798544	17100736448845179606	1.0
