2435333816699419165	17099660855917194401	1.0
4773565129651055401	10908104927592791934	1.0
775198247704415673	17114200565710775401	1.0
5395608704248994931	17098325181146002401	1.0
1011638129719802297	17108637281656378401	1.0
3431867784130056401	17116867306797724130	1.0
1659948131986831154	17114200565710775401	1.0
9411534805006093216	17106921420776159401	1.0
12230968507267105401	17101421667946817591	1.0
12230968507267105401	17116197214477580493	1.0
7442527463672253328	17098325181146002401	1.0
17121454509312265401	17101007796204924075	1.0
11022829433222321108	17109154039266084401	1.0
12240302481023023233	17095394441508293401	1.0
7736100607187210983	17103620287427180401	1.0
9480634768328897326	17111991273279336401	1.0
5732862428410300401	17096044330128390049	1.0
4750990948712751168	17107375536339465401	1.0
7610065569726559401	17110909263565738860	1.0
7610065569726559401	17095274384240583101	1.0
672630730796300401	17121045811816561534	1.0
6710227597807537401	17100430969228506462	1.0
1989104195022775226	17096571047744395401	1.0
6016451892035058412	17100395973984041401	1.0
7544934855857311401	17107714507883088985	1.0
10475979571445410628	17108253539347439401	1.0
894764639572178401	17103693761453059319	1.0
894764639572178401	17110956048742386875	1.0
2568111910141531401	17101436073290245232	1.0
5660368652569529949	17111194694206181401	1.0
17905012301607339401	17098826378000725264	1.0
2882049422167444401	17110055355292757805	1.0
2882049422167444401	17111567986998024434	1.0
7660087072641517401	17114681374462953791	1.0
1172046684946609401	17098037628796683433	1.0
11678943106797355401	17095517921796087392	1.0
17862173735793296401	17100084296686371194	1.0
8093284402813646401	17101259455443878695	1.0
4580473187719493686	17093394545824898401	1.0
5499232279238296401	10898860633079818183	1.0
13370491448369543401	17102653533255474574	1.0
13370491448369543401	17104037079684956017	1.0
13370491448369543401	17107905462225585055	1.0
13370491448369543401	17095275797362967152	1.0
8468514683837455799	17097829623623550401	1.0
4931196238957470745	17113426247525229401	1.0
9974148153875971401	17095520975516652359	1.0
9974148153875971401	17098733254653712835	1.0
6543297565227363965	17107681638566980401	1.0
6493196483528545741	17113472156496724401	1.0
