8517710833215436396	10882772578867113343	1.0
2313179491390564207	17110488331006816343	1.0
6094127813287699343	17109664251417012336	1.0
2625199799546199490	10882772578867113343	1.0
2851544890110622056	10882772578867113343	1.0
480970641387081343	17111395814735446475	1.0
480970641387081343	17116347495380381660	1.0
11714996291486704236	17109138023326699343	1.0
5137225520550403598	17100233611242733343	1.0
9446499807989911215	17109138023326699343	1.0
6629926187421341343	17097226163418323815	1.0
6629926187421341343	17102325595272745729	1.0
13146192537529490343	17102342358610027636	1.0
4398252512235032300	17109564767034017343	1.0
4634950639464930503	17093837726233796343	1.0
18095015291289158870	17100771856571208343	1.0
3560809106643587220	17100197559294841343	1.0
12429424674028020343	17112768589230585804	1.0
12429424674028020343	17101188970810645992	1.0
12429424674028020343	17114498907060030931	1.0
12429424674028020343	17106557147411548911	1.0
10378298885479052671	17101255783383086343	1.0
6112534953111120343	17100294470947804075	1.0
7849703676170829648	17097049708957807343	1.0
4026253646517380622	17102335400709938343	1.0
11727619047892291009	17109138023326699343	1.0
4876962327324931343	17113210850699045451	1.0
4876962327324931343	17108289797496120688	1.0
2663552780423255339	10882772578867113343	1.0
5812651799216044343	17090782750403648918	1.0
4359228559282338486	17095358531219060343	1.0
2809183627869752953	17111068508107203343	1.0
6349888217074700411	17098645048847842343	1.0
5605131562788255358	17113145240806976343	1.0
1180001617376867706	17103448493139775343	1.0
2661548584681432343	17096667362496511113	1.0
2661548584681432343	17092739095101530992	1.0
2661548584681432343	17099140219979759272	1.0
2661548584681432343	17111359002476518248	1.0
7251672646001250380	10882772578867113343	1.0
11399146328544393343	17108423847568701546	1.0
606179898585158343	17091713224901115905	1.0
13737804670520721	17118284100454089343	1.0
4268786988700337980	17095358531219060343	1.0
2162146134122614152	17097049708957807343	1.0
4781295638966067905	17100233611242733343	1.0
6850961568751923863	17092974132922029343	1.0
6469009813203454739	10882772578867113343	1.0
5216721892663269085	17097049708957807343	1.0
2124597785954901939	10882772578867113343	1.0
