3772386664487355487	17094672680823860893	1.0
6749440477982362861	17097304486456114893	1.0
11289197992402829893	17102321738432914406	1.0
5734398708066802419	17099378023610592893	1.0
2526692181887284893	17098866282551670016	1.0
2526692181887284893	17100292868905239148	1.0
6276335429405609511	17106855956877837893	1.0
17766252203279876047	17094291244753729893	1.0
2273096065380387816	17102776536809877893	1.0
7395332236860836893	17114049206875616198	1.0
4844776395904496893	17118247919673319474	1.0
1185077297033808756	17114846623418803893	1.0
5561617136101439880	17092936788180191893	1.0
4006655571806727957	17097891522543353893	1.0
8123441166794633893	17101349769993722586	1.0
5138547741402395893	17098160318834058933	1.0
6123717605290954236	17107842777122654893	1.0
5299392073829173893	17112287441275714706	1.0
5299392073829173893	17118808992764274333	1.0
5961946820208802384	17098471364705662893	1.0
12141392393656549893	17112047554379191852	1.0
7124800448834287111	17115443658125425893	1.0
2224553986367793893	17114826561467430060	1.0
5878343723518861893	17103778359378072514	1.0
6764638863619472893	17093655155809098913	1.0
11995264008680647893	17105130359355580320	1.0
11995264008680647893	17118034459801538354	1.0
6566898607271471563	17106855956877837893	1.0
14568799206956684440	17090338461719539893	1.0
13799088365585287893	17104488411926001933	1.0
5007437293839623089	17111478874946447893	1.0
5022616008480269893	17091878731531365066	1.0
2576174513217904762	17105007458847365893	1.0
6177351048157926893	17096930265907797581	1.0
11982909327111766299	17109041940710080893	1.0
5513006128154815893	17099349217268470031	1.0
5513006128154815893	10886953480381487197	1.0
2421476443233587893	17094146057666568183	1.0
14516175671466621893	17101838859574697745	1.0
2831293475083608893	17102565168575442211	1.0
569954812542565305	17096283452463191893	1.0
14358683873644961496	17108082079857895893	1.0
12030689620924566893	17107954742732096475	1.0
4554218162253758893	17101063313006369476	1.0
2372434579478034893	17094592936205025674	1.0
13123914240300071118	17106384966553917893	1.0
7132642483190784893	17107918291347470741	1.0
15290493348432940893	17113116743663122368	1.0
15290493348432940893	10883625658091010138	1.0
15290493348432940893	17106259531947660135	1.0
