15967602313407590394	17100368516190302670	1.0
10740916924360310615	17110567495837870670	1.0
1513920519967873504	17102779719362362670	1.0
6145626337020810253	17094138305300607670	1.0
3169276495732766670	17119362644085426502	1.0
10588161403026396670	17099176555280317335	1.0
10588161403026396670	17107147714052627278	1.0
10588161403026396670	17091205495452577274	1.0
2497852945344329754	17107018259373646670	1.0
594286388143364641	17109137121489860670	1.0
4353345042235410080	17098158368854756670	1.0
12840285665458308623	17107762379694436670	1.0
6739358441245893670	17118658295300301596	1.0
6739358441245893670	17099178509549059972	1.0
6739358441245893670	17111290506320695595	1.0
3129899118016004670	17100769447196031122	1.0
3901800202219794133	17103038607128652670	1.0
4331204192757309292	17107124186200616670	1.0
1050886438560480450	17092559599807028670	1.0
5339420477909179881	17118205515420666670	1.0
2575981081919792670	17108611980054253713	1.0
2331816725507301222	17115115411055499670	1.0
2728623062778686482	17112396602149040670	1.0
8475189435158680280	17101507687503621670	1.0
11716413147655041670	17111369130087132465	1.0
18101759398445763945	17094728953480145670	1.0
11393530208809609434	17099068167572997670	1.0
4609295545683978670	17103322981174785960	1.0
5491812977717580199	17112449456097892670	1.0
3308758105286994917	17103576770895575670	1.0
4991804404819894670	17104846384703058113	1.0
4991804404819894670	17100292868905239148	1.0
13361093076980441141	17104405583561650670	1.0
13355502137541884531	17095574164304176670	1.0
5577403550379846399	17106465913752403670	1.0
7392713393365023670	17105547319051672209	1.0
11790602038994521583	17119057740108960670	1.0
5561555052554370599	17104472254295881670	1.0
11149217616549832670	17109955725017317429	1.0
11149217616549832670	17100261498388145107	1.0
11149217616549832670	17108409137354670694	1.0
4834095316740927626	17094208974627758670	1.0
3793379016630333005	17114866079548081670	1.0
6014475635853381871	17094728953480145670	1.0
13260931433336618151	17099552588270272670	1.0
5361040118774370118	17094728953480145670	1.0
3878319403895729670	17099845689794281809	1.0
5813365278396733670	17095534105247387334	1.0
7564336232876454395	17110528725255237670	1.0
3438508508531197224	17109818664077717670	1.0
