4000288602772580247	17110776660779280960	1.0
7797264536317197193	17110377147167666960	1.0
8010064309132823960	17109293728841321311	1.0
8010064309132823960	17119787287559637530	1.0
8010064309132823960	17107919910514366826	1.0
8010064309132823960	17104902021752034038	1.0
8010064309132823960	17096594549877738758	1.0
7500567916440034960	17101543559049211571	1.0
4878435771720264190	10884719581957700960	1.0
13695897386537135960	17091123070677387500	1.0
4703666665277105960	17099186708630166855	1.0
3044570572675416767	17114624457594095960	1.0
7206441228751143960	17115653007637149439	1.0
14771654113738890960	17091878731531365066	1.0
10392402282856834960	17107160560310449744	1.0
4120998535771850521	17105637350156154960	1.0
2832472837507657960	17098440943459086184	1.0
1635049025583683960	17091878731531365066	1.0
7887620494154020960	17103060919502472223	1.0
1346550428537886960	17093966811447912857	1.0
5332008549419976960	17091728746964817605	1.0
3842608045452713960	17091878731531365066	1.0
2350223814145367960	10896294699368530480	1.0
2350223814145367960	17099169906793824559	1.0
1926717858613709505	17097441616149749960	1.0
10644249451733453207	17097441616149749960	1.0
1628394141897329931	17105388314967700960	1.0
5631415923613437177	17107041490817773960	1.0
15246428920139412987	17105254715843809960	1.0
5065169685764594562	17097441616149749960	1.0
2516010855708272324	17094627304478929960	1.0
16589850066965647561	17111403459657033960	1.0
3241234977625835394	17105388314967700960	1.0
12183540771607067780	17092206025172037960	1.0
3754011866333003788	17096057910842384960	1.0
12228382072135184960	17095548231283815819	1.0
3161590156313860960	17112836406796548231	1.0
3161590156313860960	17105012591296011571	1.0
10794020440069257908	17097425638951417960	1.0
4406218435882359785	17114256305828954960	1.0
10037183006211691960	17094398580332461867	1.0
10037183006211691960	17107512185001272568	1.0
10037183006211691960	17097802861591017109	1.0
2688184700633973960	17110608615785978360	1.0
2688184700633973960	17095242451150261619	1.0
2688184700633973960	17090917114037705218	1.0
5126374150997936960	17107981934193961408	1.0
5137283599651411960	17112220500013838745	1.0
1308501707980963514	17113389731826742960	1.0
6400771638829564960	17112193583418816936	1.0
