6755803253101488069	17094057680202804589	1.0
3503800368323452069	17108965404346817814	1.0
242688277909776069	17096799071937539156	1.0
9872863277834451375	17096359344585699069	1.0
7006501141825764256	17098401773299623069	1.0
1263515277041889069	17112977870206375847	1.0
6846066203553145012	17117044925092020069	1.0
8440034240999027491	17103369225226152069	1.0
5023249745955012069	17106252818863622597	1.0
1381610590179270232	17117955501157330069	1.0
14450549377865453069	17093575939403288736	1.0
6630006611437817385	17098583931515393069	1.0
5577425049536369672	17108286202584022069	1.0
13393402001929572431	10890949170200103069	1.0
12494948972783797069	17112720571653299166	1.0
10640600548652853107	17106335578625856069	1.0
1998536514906770229	17098371231811398069	1.0
12354119963798128069	17108237420290289096	1.0
4026307850982357848	17099961593770850069	1.0
2581994962714725071	17110711179733351069	1.0
3134115264016502069	17115078401185497591	1.0
6997998592549183785	17112056440747079069	1.0
5021912916019562595	17107091226693071069	1.0
1376066763661879717	17107389065426057069	1.0
5310766903635582262	17111908509158537069	1.0
3407542937664043069	17091878731531365066	1.0
3325030351824990069	17102362317310090722	1.0
14498623558133042249	17098371231811398069	1.0
5844491919818256529	17104770660078185069	1.0
13321047781536023344	17110711179733351069	1.0
5861952265689421133	17108528352768222069	1.0
10159972197665858483	17111593623622763069	1.0
11636433329503028825	17099451974445285069	1.0
7571935334081205881	17101901235401080069	1.0
2645632397706306069	17116512241623218750	1.0
5034385440392203069	17100341260272265932	1.0
13332341517740379105	17110535025935330069	1.0
13441850606929542692	17099055231132595069	1.0
1776056809368616069	17100341260272265932	1.0
11550136035750372069	17106538326875775651	1.0
11550136035750372069	17113452820589546043	1.0
11550136035750372069	17115445809958447322	1.0
11550136035750372069	17098915644620070943	1.0
11550136035750372069	17116409446072552622	1.0
11550136035750372069	17095153167448634251	1.0
11550136035750372069	17116291278644415319	1.0
4251448485812559173	17100427035111898069	1.0
7717647644732225283	17108879509205443069	1.0
12860012354357751069	17096684061302992053	1.0
12860012354357751069	17092136884860361366	1.0
