835066424188562686	17108230694285230193	1.0
2155158876715304193	17089672582896202980	1.0
5395691331395654704	17094975046540967193	1.0
3874867405281892193	17095034501619397839	1.0
10545382636003535654	17097368515774699193	1.0
10695676250800328103	17113485067179385193	1.0
6451089582001481144	17106164789337716193	1.0
5957189953588044972	17091236578139839193	1.0
8618423517306173311	17096337758090669193	1.0
4340891205586830295	17115261216580036193	1.0
14705811796968974193	17099481699772051940	1.0
1179664578119611246	17091236578139839193	1.0
5316211501224410456	17091236578139839193	1.0
5463314978216659864	17091954146869562193	1.0
6415746682740144100	17110523850397493193	1.0
14651440083160511931	17094424659390311193	1.0
4885541008261493870	17091236578139839193	1.0
11852346278539932730	17098242614710169193	1.0
1016723963687915906	17111488753457136193	1.0
9460089788404796193	17104411484949913364	1.0
9460089788404796193	17111408738212132692	1.0
8349992414414689138	17091380901868592193	1.0
2784601489473428193	17104902021752034038	1.0
4512814821218288193	17114647886649091682	1.0
17355656233164880921	17098561524574787193	1.0
2908161247467869592	17091236578139839193	1.0
17411429145138385147	17097368515774699193	1.0
1820724172696418423	17091236578139839193	1.0
9532546630387489390	17104839413911321193	1.0
11286881647370047193	17107076078158565231	1.0
11286881647370047193	17103876692649146252	1.0
11286881647370047193	17111456635733455996	1.0
11759591972587668193	17116885251057158645	1.0
3439959777351274193	17108114936382174634	1.0
3439959777351274193	17091486373352947177	1.0
1510072275719490493	17096337758090669193	1.0
6504669111063232985	17091236578139839193	1.0
4653874028379893249	17100372381641599193	1.0
8772837405446700193	17115507223643628875	1.0
15279998860183808	17096337758090669193	1.0
4822041389639129390	17111139134523248193	1.0
13445392968386731259	17093317541229872193	1.0
8505611509692773193	10898534572050171264	1.0
14009378683507434844	17104577407979539193	1.0
11132384660790012193	17111204422299970272	1.0
11074937285125628646	17109384614547443193	1.0
2642791096046576954	17101302710199230193	1.0
10775461933771769367	17111139134523248193	1.0
2532879174009193193	17100620459021694251	1.0
2532879174009193193	17102244046765925284	1.0
