12979277760510663903	17113298850231942913	1.0
7328560553466961003	17103561987561156913	1.0
2151056464487294226	17115614846980798913	1.0
12964590213016069705	17111575498955341913	1.0
6063785153265007142	17107803478185745913	1.0
6382844094443010913	17110733612302798653	1.0
3641493348485880605	17094815836413342913	1.0
3268038271423678372	17107803478185745913	1.0
10445469302053817365	17108442410473923913	1.0
6620970290107713415	17104942986890683913	1.0
6498397217122124518	17111575498955341913	1.0
7686209348458027913	17098654209980268584	1.0
579043208998728732	17108960409308025913	1.0
5780192815663262606	17096243041221927913	1.0
6691467851495000913	17108991247083355123	1.0
1349876632019176298	17110815972584222913	1.0
18321799497693792630	17111575498955341913	1.0
6097227811128229913	17113876003571347525	1.0
2638173592145773270	17113197798276546913	1.0
5711777643676864896	17111575498955341913	1.0
18341985342996640624	17115614846980798913	1.0
4164219611472556913	17100512303149131746	1.0
5078829173808209527	17108065110392802913	1.0
14153274479998667641	17095890952629954913	1.0
10783412193836718770	17104482278769412913	1.0
5116231151303113913	17116250845737727268	1.0
13654672886831529758	17117292418248125913	1.0
4862497456043114169	17104942986890683913	1.0
1190553733695231523	17115614846980798913	1.0
4210756992007628980	17111575498955341913	1.0
11086895993811868207	17107596224489326913	1.0
11977035297499039469	17101719545321607913	1.0
13336715520063256525	17111575498955341913	1.0
3325044491576649913	17114727669922618770	1.0
3325044491576649913	17091236578139839193	1.0
3325044491576649913	17111178175773381143	1.0
14162428817082128913	17105114433434762703	1.0
6021040538805357913	17104751543232523865	1.0
6021040538805357913	17108130252301051487	1.0
3005035655870261030	17097507767276821913	1.0
4918607742627316913	17107182808289934455	1.0
4918607742627316913	17097597214266282352	1.0
12709025460089043880	17107803478185745913	1.0
18111903242793900523	17107803478185745913	1.0
5809840104947745519	17104942986890683913	1.0
13410148307583712792	17107596224489326913	1.0
14590096116172854734	17099329696681457913	1.0
6101405507706570332	17093655155809098913	1.0
1399845977864831913	17098109290257716260	1.0
1399845977864831913	17098049916629585686	1.0
