6824841660972531793	17118844615209111681	1.0
6582172246257400793	17095255305917334662	1.0
3421360273043959793	17095266146482165309	1.0
3626888226551429245	17118234154283589793	1.0
12952412991096255793	17110469274290316878	1.0
12952412991096255793	17097581172552237698	1.0
12952412991096255793	17105383010894146979	1.0
12952412991096255793	17107711428541030666	1.0
14594527807481159889	17112226349684876793	1.0
12453839050891436793	17120287256016939619	1.0
5945635583103569603	17111241247379811793	1.0
1659993994004983417	17107299824565093793	1.0
810639480087925301	17096348920727505793	1.0
18179622795452404793	17098379538264947149	1.0
13105597889051931178	10884156400092278793	1.0
9594594733847750793	17111382388615524459	1.0
9594594733847750793	17097938217436094807	1.0
17874863148418507793	17109414597847827456	1.0
5574415107892584262	17096211430205881793	1.0
1890299143795637881	17105181001149837793	1.0
10950501062335824793	17107988621359667209	1.0
10950501062335824793	17111979796977371003	1.0
3260668386377318793	17106799534004402015	1.0
5435512030437496793	17106914127887020979	1.0
5435512030437496793	17108053947870459921	1.0
12655467703693183265	17113283972479571793	1.0
1425418725943592421	17108217719283321793	1.0
5988622096051724319	17111895808965107793	1.0
13881090523701782793	17095034501619397839	1.0
673738557484622793	17105259259848899863	1.0
673738557484622793	17110958973531874990	1.0
11220635748356093793	17110045807700148529	1.0
6321322633808252793	17119538020439064266	1.0
6967768095970943793	17110733612302798653	1.0
6967768095970943793	17111627953423788622	1.0
13373561023805969097	10884156400092278793	1.0
6206944644141942793	17115349400755321665	1.0
11083503783544957099	17105181001149837793	1.0
1153931281877662253	17113721449211963793	1.0
4186439213402140793	17106203310848481036	1.0
4186439213402140793	17112174140032430674	1.0
2007470699551769476	17109068573756853793	1.0
15091306928042427660	17106845502947822793	1.0
1792100184175157248	17098763070237907793	1.0
7461841196980177793	10908084981702772871	1.0
7461841196980177793	17113516527825665114	1.0
18383960554386641116	17090238805634567793	1.0
5118352484813112562	17112141631475697793	1.0
2566095581958650775	17112949746697494793	1.0
2708792293460146793	17101048387988247917	1.0
