12836255001148578061	17096772090961004313	1.0
6762203874979077275	17111773827645731313	1.0
4237480435428101630	17093738164596138313	1.0
345085203272501769	17114892661189070313	1.0
6996670186646245313	10899951842625253057	1.0
1598288641637202313	17106163058503960629	1.0
3658125205092545313	17099013801773331853	1.0
13116341924649031698	17098451612084581313	1.0
6262938682225759472	17112825785353289313	1.0
392743560858979313	17113439974274165778	1.0
2715943804961206261	17097951411626968313	1.0
6210990579438785610	10904447251772368313	1.0
4583510148675088645	17094735301385952313	1.0
15168575478627283313	17109756962525960627	1.0
10413517746837075313	17096014488780873614	1.0
513837388670253224	17093548915432747313	1.0
7794492052709804313	17106186483103242555	1.0
5119022612319116312	17094735301385952313	1.0
7227210715534615313	17106504435269568530	1.0
7227210715534615313	17116370443392974210	1.0
7227210715534615313	17115607889121775919	1.0
13040381786695454653	17098481479248429313	1.0
4624605604543651313	17103519716454220892	1.0
2161101726604321475	17107449199305946313	1.0
9677724684873309313	17096849121101179828	1.0
5346494364984811313	17118863903874992441	1.0
6157225813896764313	17101902025659501582	1.0
4224385406010834264	17104485654682738313	1.0
3524022028026965547	17115499655970796313	1.0
1101744344668305614	17101323639638764313	1.0
12412770641590734313	17099177251149152740	1.0
12412770641590734313	17099147680300712222	1.0
12412770641590734313	17102945758458051497	1.0
12412770641590734313	17094752777591215579	1.0
5275096685586642313	17091878731531365066	1.0
2120816857616638313	17104251587567384418	1.0
6902479968143350313	17102616862855759378	1.0
13082758155504800313	17094243317161738364	1.0
4885244586776574313	17114176518237163456	1.0
5956685433488013313	17107926065254509151	1.0
2731885048154818878	17096384869537871313	1.0
3994521037256999110	17093738164596138313	1.0
4287179348272636475	17101323639638764313	1.0
7755624702417371313	17097996452925360920	1.0
7755624702417371313	17107395894492923663	1.0
7755624702417371313	17092074418890182257	1.0
945740734319190313	17091969913644515657	1.0
945740734319190313	17110563175078494789	1.0
945740734319190313	17110759858839870095	1.0
3519793297757579834	17110522102316274313	1.0
