5314945005121972270	17099382769660727626	1.0
5717455609632964648	17105841236456924626	1.0
1332086297675424867	17110058082646483626	1.0
2853905116345441626	17108233335775656553	1.0
2853905116345441626	17119836752651376223	1.0
2853905116345441626	17094438278633925176	1.0
2853905116345441626	17098875585494526623	1.0
2853905116345441626	17106360476582157367	1.0
2984460096583643626	17112223270232882223	1.0
11319367580340820488	17101313125506251626	1.0
3764459285900529119	17110058082646483626	1.0
4623697300674796626	17111800924561142630	1.0
13331077225903345205	17113955902960782626	1.0
12160444543490415626	17112614979811386369	1.0
12160444543490415626	17106823332297272581	1.0
12160444543490415626	17096584576957112180	1.0
2474511213100543626	17103448493139775343	1.0
10452669802648761954	17110793230646362626	1.0
3880099050942704568	17103743291077040626	1.0
14046673765942188626	17119605322666273017	1.0
4345592505541670816	17108009009615315626	1.0
971802992152123263	17106917168764994626	1.0
915753693554092104	17110793230646362626	1.0
13739562743390873626	17110674174222011197	1.0
13739562743390873626	17100361867465566431	1.0
6041998005868617799	17120416336874495626	1.0
11776843159813481464	17097716944951425626	1.0
13309864138261198626	17115393132205254079	1.0
18443372176400696854	17106773686876616626	1.0
402724639414793055	17117773540553126626	1.0
6291710196040205626	17108580120056577275	1.0
14910817320444184215	17108365921443865626	1.0
4593176576119722543	17105841236456924626	1.0
6657590750478734626	17107478834538423144	1.0
588537280826126626	17095664002127874268	1.0
4832357439481709626	17101050316471275125	1.0
2700483407693119424	17111545812141276626	1.0
5014417083700953806	17107952517879455626	1.0
3434545880570358780	17103033964290945626	1.0
4751556703184363179	17110793230646362626	1.0
4348173599516515682	17095967738054871626	1.0
5048264747747145626	17091878731531365066	1.0
6650148358902772626	17097593374592235136	1.0
4926314513885873626	17118531413307744453	1.0
4926314513885873626	17099415548725904053	1.0
4634832943970404626	17101865479781221517	1.0
3540486969600839626	17110256694906618334	1.0
12233697163359119882	17111545812141276626	1.0
18332457445035154988	17116734291494481626	1.0
13192848448521483031	17098696635719582626	1.0
