11931130907603711168	17104603572995348257	1.0
6998751994583953257	17110733612302798653	1.0
6998751994583953257	17113707039635128592	1.0
1411061280386076090	17102090518937254257	1.0
5902385437848854257	17106869060826349698	1.0
5902385437848854257	17104328789570543613	1.0
3758855558459201257	17111579484588984791	1.0
10081228736931529257	17095405681361198486	1.0
7266312115027401257	17097011123046124062	1.0
9471840858961229945	17105972683984931257	1.0
574677177702410257	17109849888427585961	1.0
1616333902619116008	17113978245403472257	1.0
13439498577131059257	17099615531122700053	1.0
10943063339034738574	17106299797379787257	1.0
3278098350411986161	17097409262210765257	1.0
6605130624119148636	17105336418933232257	1.0
10849511125153337167	17108972181788375257	1.0
5001709334261349491	17099468737619501257	1.0
409003177119815257	17101282197409323336	1.0
1990992661452085207	17104984871524812257	1.0
2390400010476737257	17099468299658681511	1.0
1253064087632214257	17104386960587372759	1.0
1253064087632214257	17118664402637047124	1.0
1253064087632214257	17108701779229465578	1.0
6012890338330049257	17100263298056798630	1.0
6012890338330049257	17102859644451711370	1.0
1389694016917980878	17100740821054707257	1.0
4240982393891237263	17100164264738983257	1.0
249527153993412783	17107518872142111257	1.0
4909607131573021351	17108756857888635257	1.0
1048447486492621737	17102090518937254257	1.0
13315833566088536542	17109051204812580257	1.0
507124930235010680	17110872769200040257	1.0
4215792698965679949	17108660693521494257	1.0
5392107264734918257	17120390000288735054	1.0
5392107264734918257	17109958211789439315	1.0
7558218501867139715	17112466180711841257	1.0
5651630068967881257	17114016234425247715	1.0
14249879414796567599	17106299797379787257	1.0
6944693383806124292	17102998779884334257	1.0
3485661269642665261	17106299797379787257	1.0
2921277355032354257	17108113153958417295	1.0
7155385453742955257	17108704261732777516	1.0
3409779267133254257	17115383704801607203	1.0
4836868875693515257	17105230994738474317	1.0
4836868875693515257	17097567450166834668	1.0
10292840179022333890	17098257024280264257	1.0
13191853825175115092	17105428868163312257	1.0
5971244767538973257	17098756267103822057	1.0
5971244767538973257	17109293728841321311	1.0
