5191079031564711808	17113916634039634464	1.0
269823543324041464	17110528261355093804	1.0
6100315488372090874	17099400894352857464	1.0
7122530156224153592	17116497625975607464	1.0
1082065424197323464	17102234009484155422	1.0
5042299968770923464	17108316963022547211	1.0
12675286601587266445	17103293281586950464	1.0
5227295249563718181	17113679526083187464	1.0
4454750196480807545	17104164094650370464	1.0
2505320837122653738	10884991758388696464	1.0
5848546193145487464	17119437462366962545	1.0
18094200483469703599	17098525227882908464	1.0
2347100808700277464	17098636605025300145	1.0
13161435939049755526	17109502081927307464	1.0
1652032976263385399	17111323337181348464	1.0
10997955120543123395	10901392177139990464	1.0
3214960992417802146	17100025142103237464	1.0
5801677998142019775	17099390440476773464	1.0
6230659031309613993	17097583852644267464	1.0
5710813668186242866	17100657348374157464	1.0
1699737495107149399	17109502081927307464	1.0
1525593725321087099	17099400894352857464	1.0
3183995059130812464	17112445680810526677	1.0
3183995059130812464	17099176555280317335	1.0
18321937369237893284	17109502081927307464	1.0
552713680549872339	17100189244217900464	1.0
3529147272338144464	17113795881118659109	1.0
3529147272338144464	17099917729235527154	1.0
3529147272338144464	17094775248810808681	1.0
3554491165829538464	17119309321980112328	1.0
13353678649356506464	17109830574012676507	1.0
3792083804339861245	17099400894352857464	1.0
3060447300699041725	17107097656171732464	1.0
5583091053945529464	17115853763080513070	1.0
5583091053945529464	17096594549877738758	1.0
8862182375661628794	17091651961628703464	1.0
4831702893116737464	17104761309941329713	1.0
6032235289451702069	17109303830650300464	1.0
2206324046804575464	17104616870144265760	1.0
2206324046804575464	17094003404587522980	1.0
6731245398694239464	17110622119291155208	1.0
15104925205453990123	17100829817060370464	1.0
5279977668823736933	17096714890539279464	1.0
8453335575913032464	17104996175936266627	1.0
11693412027777283464	17107982475309222215	1.0
1847012675323181685	17101089250308869464	1.0
3349033657331599384	17105769768258600464	1.0
3812683487359832345	17096620268124579464	1.0
4302771524313848464	17099224336893015860	1.0
4440134447522501120	17098507983554630464	1.0
