4884781959169843130	17104902021752034038	1.0
2198807574842772416	17093020157766977038	1.0
422424713769562702	17104902021752034038	1.0
14230761300497806038	17100735624184292508	1.0
14230761300497806038	17110050746837797680	1.0
14230761300497806038	10881366548378036344	1.0
14230761300497806038	17115979472594214532	1.0
5779728529180780653	17104902021752034038	1.0
3446953951612168320	17104902021752034038	1.0
11212337168897672171	17104902021752034038	1.0
14467527024271483084	17104902021752034038	1.0
5897335364184797590	17104902021752034038	1.0
6138694899529294852	17104902021752034038	1.0
4193837899568027258	17104902021752034038	1.0
4782466217169807139	17104902021752034038	1.0
4727145556745569038	17093575939403288736	1.0
4727145556745569038	17097555419838338525	1.0
4727145556745569038	17100726733660326924	1.0
4727145556745569038	17098362474354117961	1.0
12538938494700713038	17112784729788458101	1.0
5508764170613524897	17096981822733764038	1.0
1320834582477265265	17104902021752034038	1.0
3050623612213377757	17104902021752034038	1.0
1569392547938667694	17092173374929503038	1.0
2980974140995398091	17104902021752034038	1.0
5384767201964346626	17104902021752034038	1.0
12946109853742875007	17104902021752034038	1.0
13919246265582058715	17104902021752034038	1.0
17772920750769701038	17110038265690838300	1.0
13164172898660432365	17110189856600281038	1.0
13283311502769589983	17104902021752034038	1.0
4263684133263188622	17104902021752034038	1.0
2390706878811837440	17107117808150838038	1.0
6041785610973787590	17104902021752034038	1.0
6332904045835143402	17104902021752034038	1.0
2841274162660186582	17112671518776846038	1.0
3840337841959518654	17104902021752034038	1.0
3624275962770062403	17115453682650696038	1.0
3553983325202166038	17116243058983821058	1.0
11578312224459594343	17104090504714303038	1.0
4357625476685030275	17104902021752034038	1.0
4062188049715535448	17104902021752034038	1.0
8055409813910370041	17111382710809479038	1.0
1611405819110446508	17093020157766977038	1.0
13162502564008483038	17108293482499835339	1.0
6138923920038375038	17115996287241470946	1.0
15643260818747667442	17104902021752034038	1.0
5339583858637396789	17104902021752034038	1.0
6012097448542452784	17110189856600281038	1.0
3069617587331252038	17116847631440913847	1.0
