4926398653064399653	17100726733660326924	1.0
6283914749085105881	17101170330687056924	1.0
2609146117533661924	17120332267281992358	1.0
11125459433658820936	17096807262346291924	1.0
6168656514261625415	17106477570364740924	1.0
14126674566796731236	17097739390565553924	1.0
17084804431183245980	17100726733660326924	1.0
4308370354376115924	17104244127087707696	1.0
4308370354376115924	17115605363741459025	1.0
4308370354376115924	17090692242502303365	1.0
4308370354376115924	17118163012422117646	1.0
5149942836420301323	17107083375440217924	1.0
2605961551077692924	17114062465368347894	1.0
2227615550685380249	17100726733660326924	1.0
2347872331648382189	17117646005764899924	1.0
14242723745840767924	17105375614810138950	1.0
14242723745840767924	17114714540207568575	1.0
5004046346128792696	17100726733660326924	1.0
13191163074836899924	17101410685683729309	1.0
9883130816917784924	17104826206855565504	1.0
5280152270301988474	17100726733660326924	1.0
12644826707126555924	17117459917745360732	1.0
14435377828625094924	17113043737834679390	1.0
4053071950697687958	17100726733660326924	1.0
2841244593285017174	17100726733660326924	1.0
6738224504858606687	17102807052495251924	1.0
1693685851995184720	17100726733660326924	1.0
11204992319045466924	17117683921697671678	1.0
13660027568263786366	17107425671411462924	1.0
3425696680937885924	17113267247785858475	1.0
6308902271275691924	17111735602335746146	1.0
10557092085693927924	17094737762423438689	1.0
11200586150169437924	17118626216102820560	1.0
13175830792582335924	17119815174694192587	1.0
13175830792582335924	17098074711589469483	1.0
776313199761633924	17098849570894250134	1.0
4109832494917063797	17099623227676536924	1.0
5709463576908080924	17106501849767566916	1.0
4908337152688778930	17100726733660326924	1.0
2320515532506176924	17091878731531365066	1.0
6452267631388852531	17109813630281195924	1.0
6239243691749170157	17104138067252564924	1.0
12276755156096481656	17100726733660326924	1.0
13044809001016524924	17114585910271112519	1.0
13044809001016524924	17101251952287111549	1.0
1343443200644569924	17117055323215764520	1.0
1343443200644569924	17112667408373701176	1.0
18001137358065302117	17100726733660326924	1.0
1216310192252265814	17100726733660326924	1.0
2169450870009867805	17109401781605999924	1.0
