3046560465895594198	17111335844154938676	1.0
10185061258548502198	17103087853286098537	1.0
10185061258548502198	17115754227251574212	1.0
6178707291220851907	17094316168419350198	1.0
4307645547845946208	17102727561294495198	1.0
2470192569772002780	17105695233385034198	1.0
4794157881947199198	17098732700496599348	1.0
4794157881947199198	17101013190714057160	1.0
4794157881947199198	17101703465082284983	1.0
4794157881947199198	17101206369739220890	1.0
4794157881947199198	17107756018807515087	1.0
4794157881947199198	17103004444999235654	1.0
12418393947702746803	17095828465054311198	1.0
16831297462984818234	17118993736436038198	1.0
5860230682378135198	17096279496850146572	1.0
5860230682378135198	17111562085730544888	1.0
5684958739853909944	17095828465054311198	1.0
4418105359344617762	17095828465054311198	1.0
13674205177708738581	17114049206875616198	1.0
16574584532435797830	17105988674061004198	1.0
4333692252077647199	17097120348361978198	1.0
88193441735321839	17114049206875616198	1.0
10556660313564485198	17102772190421340367	1.0
3375062744285066015	17113596959629263198	1.0
7771008700811129197	17095828465054311198	1.0
3718248094284021343	17113264559121395198	1.0
2438616237193125758	17114049206875616198	1.0
6150107357285805374	17107760116338393198	1.0
6248947427570972198	10892651652268893319	1.0
6248947427570972198	17093365116683252307	1.0
7428355200466066198	17095992133333190008	1.0
14283055000309734198	17099297888154037746	1.0
14283055000309734198	17112220500013838745	1.0
4741898266599720729	17095828465054311198	1.0
12348440093060587264	17095828465054311198	1.0
12129086088793019198	17100193470496571301	1.0
6793519034850757198	17089381250966725255	1.0
7062143944744609688	17114049206875616198	1.0
4957589211250201550	17114049206875616198	1.0
4649901671195568138	17114294565436295198	1.0
5433515126981157859	17117521829634460198	1.0
14445298829504877198	17097332244824809133	1.0
14445298829504877198	17106253772473470924	1.0
14445298829504877198	17115640591004417835	1.0
6460180237076521999	17114829988918071198	1.0
11614943383487935502	17097318780151609198	1.0
5294700689246307198	17101379701723969317	1.0
5294700689246307198	10888419013549289413	1.0
13211738773155162797	17112465691047758198	1.0
6789205655026111198	17103637235473287355	1.0
