12590054913656122186	17109815674731622720	1.0
5076131396915399781	17094932414552924720	1.0
3937351799565598781	17113498909812520720	1.0
3231708213982246711	17091966511998480720	1.0
6931524469799876526	17117079563934625720	1.0
4885578663215428139	17091473956686736720	1.0
3405592535549028842	17091473956686736720	1.0
6364469201452169531	17117125408456836720	1.0
12250721143268627576	17119963106251701720	1.0
13143915526766670159	17094932414552924720	1.0
1928504523323085645	17091473956686736720	1.0
3535023157170826806	17103605903572680720	1.0
3361581109110216504	17094932414552924720	1.0
14645998523163038720	17109353604949464807	1.0
1191341400547286720	17109345792420757620	1.0
1191341400547286720	10892941201893207868	1.0
5065933442948409720	10904471531223855790	1.0
6195906995076999726	17096981500543648720	1.0
2813823368588363720	17118209166150964688	1.0
10668793040049965720	17102882231725080512	1.0
13625192744779141178	17119963106251701720	1.0
579958907842950846	17105121172351814720	1.0
2314698515382806720	17115383704801607203	1.0
524951376549394062	17094264091975917720	1.0
6613954238975899332	17106353686271061720	1.0
12057680543465296720	17108820135575043544	1.0
3140391074820693876	10903865768893454720	1.0
6593537768897509913	17097865821493320720	1.0
1311074904271669720	17109637631053628678	1.0
1311074904271669720	17097333421672145409	1.0
6224865815874415305	17092500849003215720	1.0
6725380019043763720	17104672687539804944	1.0
3744793943417112303	17116161136748533720	1.0
2549244453950224324	17108945531581781720	1.0
1567660626916794720	17107817458410434451	1.0
1567660626916794720	17102208802331016329	1.0
1567660626916794720	17093609998514513819	1.0
1567660626916794720	17102001226563808858	1.0
1567660626916794720	17112299200851573073	1.0
1567660626916794720	17094196244392502998	1.0
3293465117273777604	10903865768893454720	1.0
12406397312845776149	17106941242049891720	1.0
11785399841902559752	17097865821493320720	1.0
4096483325987904720	17103770143225445637	1.0
4096483325987904720	17104514774556046928	1.0
12572222582303102407	17106540229557571720	1.0
3407357174118153720	10905542545728135025	1.0
3407357174118153720	17116797419002210917	1.0
17283875165758675720	10898006325626448983	1.0
14037725828285985747	17091473956686736720	1.0
