13339406744263941850	17103968072353408699	1.0
14061020593145224699	17106266541370234250	1.0
14061020593145224699	17108223319932187448	1.0
14061020593145224699	17102070366816759495	1.0
14061020593145224699	17108311332310299522	1.0
6134114465847634944	17104338582110655699	1.0
3175383565615424465	17092637201305748699	1.0
1669884428041117163	17092351598866664699	1.0
5026519710114205988	17099776652474531699	1.0
9660916652069964006	17094472646921278699	1.0
5519778033940809699	17102929132777362127	1.0
4192817220797055061	17092351598866664699	1.0
191278267013828198	17093223215309299699	1.0
5930593018374132236	17093855524724291699	1.0
11002170126248142699	17116678409823798228	1.0
11002170126248142699	17102312362541564075	1.0
6376306268133870699	17105343312318740114	1.0
3306519782449485586	17093855524724291699	1.0
12080101432972440256	17112369492373561699	1.0
15027286258962422699	17113067733755940808	1.0
15027286258962422699	17104759926898505181	1.0
3052699175502009699	17091685595468372590	1.0
6256177326318316177	17101094193806104699	1.0
9805463876143223498	17119031454903561699	1.0
1083574812729034928	17094728730112759699	1.0
11048095373189540699	17103899537596951616	1.0
14003353274436660699	17098390078141817246	1.0
5429974524758522699	17110734604484400379	1.0
15019014925524667573	17098762709414065699	1.0
3176458825835253196	17095073126304474699	1.0
1018854822229477699	17113298850231942913	1.0
5677862019762492385	17099455895671455699	1.0
8112964432080713687	17096126544493227699	1.0
12533984539319173699	17096250067693293858	1.0
2725862884399624337	17100313214156169699	1.0
6048947202674724295	17102637079350059699	1.0
2018729612627566925	17099455895671455699	1.0
10196685269950702763	17101960840897976699	1.0
12348368125969602699	17099577009459218224	1.0
12348368125969602699	17096518064950070155	1.0
12348368125969602699	17102146104208391803	1.0
12348368125969602699	17105889615031045533	1.0
12348368125969602699	17099050395023243549	1.0
4520543774222183889	17113600735007456699	1.0
6759589716560996159	17106790295504806699	1.0
6475048043373481699	17095838876052790480	1.0
906690012056303942	17095421242050787699	1.0
4085743408396004348	17116763656191877699	1.0
6140891212108150699	17098915296644392133	1.0
6140891212108150699	17108479428876108096	1.0
