9815108258915582681	17094527790102871642	1.0
2110285722903351106	17117517573323928642	1.0
5624029716102371641	17110329739381166642	1.0
3860349028893009642	17113555178192185731	1.0
12499111118890717434	17110284401576060642	1.0
13523142730540714142	17110834638452491642	1.0
2137361677430627642	17105974990351690264	1.0
2137361677430627642	17091878731531365066	1.0
173196622321540642	17111089192614186150	1.0
173196622321540642	17109036120876200016	1.0
13257652410420547876	17110895575526742642	1.0
6365915845285325278	17108312900076722642	1.0
9330869831011116170	17095715473111517642	1.0
7870594709842725755	17102888622673065642	1.0
5911884978070500570	17100538639772176642	1.0
13636550457091723682	17110329739381166642	1.0
5936678667143557523	17110329739381166642	1.0
12685362122670463642	17100892553700590692	1.0
9759427216170313642	17090106529139139950	1.0
4543613099857454642	17102912060202766860	1.0
4543613099857454642	17093660017746309671	1.0
4543613099857454642	17100389067571382364	1.0
4543613099857454642	17106017845578099816	1.0
9867799705474223642	17104902021752034038	1.0
2906731583459501658	17094099951230472642	1.0
4936635206669835642	17099186463870750654	1.0
4936635206669835642	17112223270232882223	1.0
6047806352409145204	17094096888933676642	1.0
9071168903126410604	17104293021060012642	1.0
5844704594353929073	17099506421649861642	1.0
7818974517460057710	17104131611871462642	1.0
7650053137100189655	17110329739381166642	1.0
1032273746928638642	17099016580553552106	1.0
1032273746928638642	17096743009709183466	1.0
6222064784685851186	17097889946353880642	1.0
4079155790373794642	17100965520901106097	1.0
10111383495762943516	17104961433958293642	1.0
4746382510936982331	17113489400780776642	1.0
14705841654184546642	17109527357850940801	1.0
4070206295306976642	17110713172611432638	1.0
4070206295306976642	17112233642485425622	1.0
4070206295306976642	17112331344478227871	1.0
4070206295306976642	17108238923540687251	1.0
4070206295306976642	10884140762178522774	1.0
4070206295306976642	10896807947947904427	1.0
4070206295306976642	17106466510701041711	1.0
4070206295306976642	17113157966799362276	1.0
5045297060714384990	17119469593067055642	1.0
10784172656865866642	17107809581373333033	1.0
10784172656865866642	17099831748382317536	1.0
