12438299188058634081	17113555178192185731	1.0
8644780034603683731	17110257382113853387	1.0
8644780034603683731	17095276119511318563	1.0
8644780034603683731	17101277550235884292	1.0
8644780034603683731	17119654568703402566	1.0
8644780034603683731	17102090660722667319	1.0
8644780034603683731	17089523822471665701	1.0
5322614608863740209	17097477925862139731	1.0
12185280247060560731	17112636295718131666	1.0
12185280247060560731	17103917387401322540	1.0
12721779696115153099	17113555178192185731	1.0
11675041259223801785	17101504530809839731	1.0
2967740754400973280	17101037624852652731	1.0
1108307115668031731	17103304006021414938	1.0
5213514757084553313	17111313454336239731	1.0
4081854002748693731	17093136237854222656	1.0
2764203216504379915	17113555178192185731	1.0
17686274126951338731	17116121206422349193	1.0
3463298535506460731	17107339935312257769	1.0
3463298535506460731	17112223270232882223	1.0
10966707901729869132	17106375135365391731	1.0
4659832756904067731	17116067858668325933	1.0
2140132751468217516	17112263599974812731	1.0
12606352381527372057	17106107112181600731	1.0
10853158661055599968	17115716624854837731	1.0
5485688412978033731	17103965495361470218	1.0
3569656429724565065	17108010895138091731	1.0
11934164992926893768	17112634706654542731	1.0
14063207719812507967	17112263599974812731	1.0
1756047700332414731	17110945882412207762	1.0
4846604032710997731	17103544511336092701	1.0
13673633985111565678	17097610485731409731	1.0
5955869471799739731	17107193378174421332	1.0
5955869471799739731	17091878731531365066	1.0
2901069053607900717	17110760129446820731	1.0
6227830922810459731	17100471221720880408	1.0
6227830922810459731	17107846320528704019	1.0
5936116990801197731	17112203530487165303	1.0
1819867142155143731	17116686187900922502	1.0
6138411225436129099	17111990092114765731	1.0
12681898626833275058	17110415840585257731	1.0
17714336323316098918	17112263599974812731	1.0
6818897249834173290	17103636483850354731	1.0
1962468466158444122	17113555178192185731	1.0
4463137625809367359	17113555178192185731	1.0
10927938363872745793	17104362702665701731	1.0
3751045400514650226	17113555178192185731	1.0
13195567150476016546	17105928694920994731	1.0
5112388581992459535	17113555178192185731	1.0
1321295648648138263	17112114727802155731	1.0
