13083418678018066716	17103386233235489334	1.0
13083418678018066716	17108632067646790720	1.0
2952043756966117872	17107345368455586716	1.0
1875119598756615339	17119150554263492716	1.0
2700007276161337716	17112939941329551470	1.0
8515685058950869716	17098150775416693688	1.0
7067529544010311789	17098352681762563716	1.0
17573877581361850549	17098752324224731716	1.0
5858464132034984371	17098037938046421716	1.0
4120166590480737716	17109160945487392854	1.0
7395990402264100566	17113065040841718716	1.0
14368955664905550688	17096106963654612716	1.0
14115376698272825175	17090438100675337716	1.0
1942980361594390567	10889494902826763716	1.0
6338668315528167506	17113176804484055716	1.0
12214829787362943586	17100295896872951716	1.0
3923695566451117716	17095888702003126763	1.0
3923695566451117716	17093328819938358573	1.0
4561054635721995716	17101717432222596443	1.0
4771726092748587716	17111769558517117174	1.0
3887105979175388716	17096526964201118061	1.0
3887105979175388716	17101325336054473204	1.0
3887105979175388716	17117552096337006201	1.0
6130441672903422193	17105077101695648716	1.0
10234167712397645716	17096350226294981694	1.0
10234167712397645716	17116079021328702663	1.0
2173692908483280286	17101229974924924716	1.0
3229515386054314948	17106299423614180716	1.0
8302671007566264265	17098414099916907716	1.0
5589818930750907409	17112025345166391716	1.0
1149045000325164181	17106050714973762716	1.0
4005357864197824716	17094316984558044406	1.0
4005357864197824716	17109084692715342019	1.0
4005357864197824716	17104121316894742515	1.0
4005357864197824716	17107972476717170065	1.0
4005357864197824716	17097795414026288165	1.0
4636391037472221716	17111159600009592764	1.0
4636391037472221716	17100411616161500296	1.0
4636391037472221716	17106339676070710646	1.0
4636391037472221716	17097677646152091328	1.0
4636391037472221716	17092667171618088342	1.0
3816903406483846716	17096204197455509025	1.0
3816903406483846716	17111190322082883354	1.0
3816903406483846716	17106413227385822232	1.0
3816903406483846716	17100375267843244019	1.0
3816903406483846716	17092392242204469432	1.0
3816903406483846716	17094120532767973461	1.0
12150655403210186716	17104797215795993943	1.0
12150655403210186716	17106807900499459619	1.0
575647991231031699	17112423170902224716	1.0
