5043997380158538061	17110537534098128584	1.0
7620783024722165138	17097404980131938584	1.0
14050899361262047584	17108790564766695773	1.0
902777017233480282	17101226495985276584	1.0
2212153137837653403	17104764389464172584	1.0
13184875838857066470	17101088318359932584	1.0
4997837824931433584	17112366696404783027	1.0
5573195402593425623	17097760392960789584	1.0
10773646764787396497	17099306345035773584	1.0
6144011604889999584	17114379541288282301	1.0
3049850753498647806	17106766535752391584	1.0
2769189046403662584	17091444269872671433	1.0
7156916978115699620	17096342014331242584	1.0
18177096221514034359	17108914942750830584	1.0
14690917485885305584	17107243955642263272	1.0
8586968716735225183	17105896109108622584	1.0
6034757184613726896	17121089689091773584	1.0
5041870318473859407	17100531372665321584	1.0
3760192837095861236	17106087024655227584	1.0
9256345002559032074	17095785880553185584	1.0
2615374800373628584	17102351077350105386	1.0
11012653229893466082	17110537534098128584	1.0
6033479930596697603	17093145252978513584	1.0
12934392406952564088	17099308303401715584	1.0
3804132164999434758	17097404980131938584	1.0
11356499498931159681	17106087024655227584	1.0
15006347408772281584	17102113466816897327	1.0
12374973353024823005	17110131724257455584	1.0
3300854367934991584	17091878731531365066	1.0
6298604528801812584	17091878731531365066	1.0
7274445142129415728	17115076670422459584	1.0
4441015498756540330	17106329058909937584	1.0
6188786312558228577	17116987969551779584	1.0
4342047516479705584	17114638326040044007	1.0
5100986794283382943	17111879380737334584	1.0
3520287131020582402	17106087024655227584	1.0
2588896626293756418	17095971646414156584	1.0
9934143225754564858	17095574190182198584	1.0
5865942159010442625	17112581062383044584	1.0
2970707082223730034	17118847918044877584	1.0
10749433977069385939	17110537534098128584	1.0
3484521510458020528	17091226502124984584	1.0
4888591096404106584	17115531765100129791	1.0
6214617774991419114	17105896109108622584	1.0
5352383608291208769	17101526172928943584	1.0
761350585627067530	17102394748555916584	1.0
3205513833147520103	17102407839657379584	1.0
3787985014799570277	17110537534098128584	1.0
5798848954751302189	17097936044262068584	1.0
14683411822179029070	17115764509498052584	1.0
