2813249424281388301	17106922211068027027	1.0
6649191186247759580	10885299024720344301	1.0
2508389705004345655	17100193470496571301	1.0
575607600841280243	17100193470496571301	1.0
13609694353357436301	17103475126185669851	1.0
13609694353357436301	17108236698784891702	1.0
1673101040591708831	17110579835218266301	1.0
1653312321871459178	17100193470496571301	1.0
1535919660081250355	17113097588070331301	1.0
11419906891524330937	17100193470496571301	1.0
4666241908609830301	17097612916754025425	1.0
17726377431458082334	17100193470496571301	1.0
3731720123257037658	17112812724378727301	1.0
11836895562112591301	17096879361928459370	1.0
11836895562112591301	17094778792197077271	1.0
10802887001033718165	17100193470496571301	1.0
12723496510820665301	17109293728841321311	1.0
2583709874344020458	17100193470496571301	1.0
1921524082609065664	17100193470496571301	1.0
10984384316818753526	17093580543665760301	1.0
16690670566005717306	17110579835218266301	1.0
15528510047502585301	17103771878263125806	1.0
4092050389374065301	17095524312696056502	1.0
4092050389374065301	17105494954800514840	1.0
7013692829441339301	17091878731531365066	1.0
7013692829441339301	17097721252899340959	1.0
9049709563762646387	17093954738358055301	1.0
9708568121269460301	17101183975831643737	1.0
828943918428414301	17106952056786957466	1.0
5979186892160141301	17117436956780826915	1.0
6999266974769856783	17100193470496571301	1.0
12915602232815690975	17108819968171122301	1.0
6101688297449877132	17110579835218266301	1.0
11232214269671675065	17098660467779267301	1.0
9179568415056711008	17105389350090137301	1.0
13387760894120356635	17111126241117392301	1.0
18055699425884726301	17104733951098401777	1.0
18055699425884726301	17111654418958204932	1.0
3000502791004422683	17095518660435375301	1.0
6728444864164899403	17100193470496571301	1.0
8790068963012663782	17101887057623448301	1.0
3499936105640643844	17118928972626693301	1.0
18272375959844470638	17091557764320736301	1.0
959250408278222651	17103372369019060301	1.0
5369232638984675301	17093769504940835717	1.0
209603011024093431	17100193470496571301	1.0
2987259650132243466	17098306244613158301	1.0
3933337206276928305	17114141913640412301	1.0
11409843747957991301	17098654192869472230	1.0
5312332367711117665	17096955022157507301	1.0
