2882092526262165755	17091246873120798097	1.0
1231631389146459097	17091878731531365066	1.0
7540833099696062467	17096096939224433097	1.0
4000899221664661480	17099719817188899097	1.0
6511374219965826097	17096387944768779402	1.0
6932529963935548119	17094644235268885097	1.0
1549742921979068445	17099109639664847097	1.0
3489784778147735097	17096904925644618849	1.0
2735775016478116928	17106908385643967097	1.0
1551875334695900026	17109725785388618097	1.0
2490573063502397097	17100217273220899980	1.0
5968560541878610097	17103804154925779468	1.0
11783009972364335804	17093722681241590097	1.0
4288846526320518048	17102206006224667097	1.0
6136266696236890953	17108361845504464097	1.0
4930084245642085097	17101569337391614658	1.0
11699248800421003669	17107581621592808097	1.0
3488545852748916431	17103479004527327097	1.0
11585545855087022378	17115359219093788097	1.0
3679162454272278097	17094808208404620311	1.0
4367368446473435097	17098667326785629412	1.0
5546249503053035097	17096368557292342433	1.0
7625408609755665097	17104731258114821200	1.0
11547850990283329908	17099719817188899097	1.0
2608390267837387097	17100198985265012871	1.0
2608390267837387097	17094721256898997987	1.0
2608390267837387097	17103312024721388652	1.0
2608390267837387097	17094093989738814122	1.0
2608390267837387097	17106637476237687046	1.0
9114445440545670097	17100428160283720841	1.0
774305036242924927	17099719817188899097	1.0
11020458164111997747	17107389245834982097	1.0
12338366714382609698	17103452139544982097	1.0
3123621035146065097	17093956795582669320	1.0
3123621035146065097	17102149969847603941	1.0
11858681313182281837	17107640660259168097	1.0
866488284090924097	17110345171182889782	1.0
4934970477052336363	17113581566467835097	1.0
3843127195171860097	17104037079684956017	1.0
1973701909050151097	17106427679928684031	1.0
10218428607618797283	17114062259170047097	1.0
15022721933237009097	17112998593363867847	1.0
15022721933237009097	17099537023303933025	1.0
4436488416249802203	17100965520901106097	1.0
7138430802676295097	17103679996062901253	1.0
7138430802676295097	17110386965498232329	1.0
2497987455171798324	17113581566467835097	1.0
4483323109152939097	17095456310395042028	1.0
4483323109152939097	17096941686315134989	1.0
1677112676047234437	17100965520901106097	1.0
