793073577023817331	17110664806837953279	1.0
4252706482450709978	17095586637068713331	1.0
18117226125001037331	17102525122327220175	1.0
5936376981874721022	17091573209013606331	1.0
3055920715211188474	17111727296032148331	1.0
5207039595489410827	17093994466737883331	1.0
15062631615252295511	17100699082512037331	1.0
3378703044470817331	17093590439227763710	1.0
7391745402600272331	17096041276434274998	1.0
15644870739619297813	17101687346017851331	1.0
12763583389234461331	17103770143225445637	1.0
12763583389234461331	17105565194634744496	1.0
6291042796756240189	17105233996859643331	1.0
7737005324464177331	17103770143225445637	1.0
14372307560446872331	17111660358910657533	1.0
2773645607961610574	10893750219053491331	1.0
6307096194258101331	17114670796014413342	1.0
6307096194258101331	17106813694459495272	1.0
5261389877448536331	17096386806538368209	1.0
4421972805023114425	17111727296032148331	1.0
6440762152669550331	17105925679957063102	1.0
4961709541659205331	17111395814735446475	1.0
5529579835334239221	17092156044622171331	1.0
6697054795283967237	17105250966306002331	1.0
4082312122288115332	17108619419062539331	1.0
2801395584539138331	17111132348345976475	1.0
2801395584539138331	17101213288892003857	1.0
2801395584539138331	17108900052078444044	1.0
1245772602977712331	17098898804135360571	1.0
1245772602977712331	10894296367016585851	1.0
1245772602977712331	10887829220070667260	1.0
1245772602977712331	17108605627789997001	1.0
1746726559079765528	17109104084584230331	1.0
8142096748323513665	17111727296032148331	1.0
6796043328849473331	17094335508684749873	1.0
5094170930605071544	17115496344555660331	1.0
13888783043492548368	17117057822845211331	1.0
5425067910411452820	17091665688248242331	1.0
5510925156675419139	17090761163853198331	1.0
12505051088690274331	17103421962943660021	1.0
12505051088690274331	17110422901486351815	1.0
2658298565413457331	17102263618974113914	1.0
2658298565413457331	17101106726644973858	1.0
2658298565413457331	17108316963022547211	1.0
6046038972786359003	10893750219053491331	1.0
11476261611368426962	17092378944912224331	1.0
9947177649044790331	17096020776546680829	1.0
8388688469630718331	17108479574725407123	1.0
11476634748475369751	17111028436075612331	1.0
6335802061643554331	17096665013069571077	1.0
