2497633112635119459	17109962296387110221	1.0
4075222115732153221	17096768131042414513	1.0
3276526516011003675	17098800870157296221	1.0
5817234473644328050	17116495401153425221	1.0
4183280125618672221	17115507223643628875	1.0
4183280125618672221	17105970605228129503	1.0
14953639521771661343	17104426165097767221	1.0
12729430197244565519	17103874665518827221	1.0
13590568768426307221	17105826062420048512	1.0
15249814321311052221	10890338047878514198	1.0
2261206943779578292	17112362775143666221	1.0
7290349538026915789	17109290133910411221	1.0
1707747870799487221	17108578247221523980	1.0
1707747870799487221	17110967859830351864	1.0
1707747870799487221	17112159081886096881	1.0
2401738806043630221	17098425107866717380	1.0
3943327764798988221	17101935384736913206	1.0
3943327764798988221	17117108812740475044	1.0
13906677782185005112	17104426165097767221	1.0
10471333851367778947	17098800870157296221	1.0
15276079266289140716	17097163723307057221	1.0
5633419059717490221	17101023902456295093	1.0
5633419059717490221	17094414454441141060	1.0
5633419059717490221	17098160563662146702	1.0
17004589695829791882	17098800870157296221	1.0
1985914047960569357	17114975682849136221	1.0
485380048343142221	17100713140097642439	1.0
2949753238947273039	17118643215539925221	1.0
3565159689183998221	17111545696175651857	1.0
6740795470975832221	17113818957941362986	1.0
6740795470975832221	17102408561185753853	1.0
6740795470975832221	17098324365040063871	1.0
6740795470975832221	17103136957638801856	1.0
6740795470975832221	17112087394658765237	1.0
5505441543149520221	17115471094425628816	1.0
5505441543149520221	17116315910183649362	1.0
2621951498334733221	17111955904244903652	1.0
2621951498334733221	17098499513903094139	1.0
6011294705935968221	17099063846680343337	1.0
13606591518082443880	17101260490593577221	1.0
8576071802542258221	17120263788425324424	1.0
8576071802542258221	17116285613463852725	1.0
8576071802542258221	17094398077711017342	1.0
8576071802542258221	17108619483279740763	1.0
14306020001911585221	17109095984170608556	1.0
14306020001911585221	17110300391836370233	1.0
14306020001911585221	17120723620385848970	1.0
14306020001911585221	17103575490883318178	1.0
14306020001911585221	17094432132573603006	1.0
14306020001911585221	17113820521322222568	1.0
