8811348597764579050	17107846088597454481	1.0
695393206848791354	17117522770219614050	1.0
5537915275705414050	17107500983738722229	1.0
4989944620088234050	17091547366241140934	1.0
4989944620088234050	17116890293427170846	1.0
4404453273315086050	17113383134692156377	1.0
6630971694597310266	17114199260132374050	1.0
5786448799405216050	17114398284605381364	1.0
6033301255595283881	17109478614303194050	1.0
6136368754469740050	17107500983738722229	1.0
6136368754469740050	17112445680810526677	1.0
6136368754469740050	17107530670552787516	1.0
6136368754469740050	17104731258114821200	1.0
6136368754469740050	17105533957415473076	1.0
5644491640099923518	17105150678848433050	1.0
1994733321326216050	17116522721419263348	1.0
13643404843039808844	17105409192910003050	1.0
6722037451914012043	17107212692593406050	1.0
5999352361061272754	17105111044913409050	1.0
13753194115016690050	17111045044741140436	1.0
13148556680568904050	17110671159129133250	1.0
13148556680568904050	17111058148713226038	1.0
13148556680568904050	17107550238332751991	1.0
13148556680568904050	17111535310868606594	1.0
13383538729486894030	17119351348349743050	1.0
5466195260005139536	17101600381477413050	1.0
2486873311913864767	17112259992258562050	1.0
4374637084005727050	17121112057316090283	1.0
6520667845634485190	17110946539574291050	1.0
401460617479727495	17100881687490725050	1.0
2336854219106846620	17113493021437241050	1.0
1187779054723413008	17102337247509856050	1.0
618387214049205502	17112081690935713050	1.0
11045994562111285761	17103147780940701050	1.0
6928990223227439751	17113127042953147050	1.0
638118589000254838	17116442315348141050	1.0
14767004755746582050	17109054889944988176	1.0
14767004755746582050	17114010723949921898	1.0
14767004755746582050	17119290359793323112	1.0
6198782226366532050	17108888709143848937	1.0
5202358789872001050	17115383704801607203	1.0
6314132264856246103	17101021664691927050	1.0
1974278499182095293	17117367687544315050	1.0
16540328164084387017	17114360690796507050	1.0
6876513957044992430	17094838049938862050	1.0
4630959742389268961	17111042081196617050	1.0
3306611827786557938	17120979261181151050	1.0
6140955319636437050	17094606697163655159	1.0
6140955319636437050	17105957655949428972	1.0
6140955319636437050	17095692641046168803	1.0
