7027480537589588376	17107300765283183808	1.0
5446443276433175626	17108371526367026808	1.0
3796937255657513767	17097414901402033808	1.0
17728783901245037873	17100462051927437808	1.0
7554860657870968808	17097678994696647487	1.0
819553876546858756	17112343426218252808	1.0
9057125966088710526	17108303648721046808	1.0
1085585633885406152	17112880193947311808	1.0
5222697921386798808	17093000714461885651	1.0
2193214561861087808	17113055364253095323	1.0
2193214561861087808	17112796824340699758	1.0
6125096157161371808	17098460485534630027	1.0
2858664906184826808	10892098610839066159	1.0
2858664906184826808	17118231439819367839	1.0
4883842222527506961	17100732673562758808	1.0
1920029065335646603	17111237601012825808	1.0
157711633461208808	17116263803685654177	1.0
4135200637513101180	17115512463479574808	1.0
9601612200296873847	17102903599144740808	1.0
3459401964532248808	17113405722024613738	1.0
3459401964532248808	17114681078126864802	1.0
3566947575784306913	17104154263549560808	1.0
12302868151707689834	17108299899230151808	1.0
6396145263458256835	17097892038108191808	1.0
14243316150517357708	17111237601012825808	1.0
2948659030119135808	17115383704801607203	1.0
4586623471227180921	17111237601012825808	1.0
4169824413429542808	17109293728841321311	1.0
4169824413429542808	17103770143225445637	1.0
4169824413429542808	17114780008408935893	1.0
3977449125843056037	17100462051927437808	1.0
5687327436040032808	17104787126973227965	1.0
12824624105020483030	17112343426218252808	1.0
6531445401527164808	17098351298809649859	1.0
6531445401527164808	17101941968901303053	1.0
15266960265132494252	17111204576863339808	1.0
3439773895525625694	17115277567450763808	1.0
6889624200961489785	17113138141114501808	1.0
9170746654494696983	17114580855111867808	1.0
4806321324413948808	17108319767670011518	1.0
17820842887600290382	17093126810322118808	1.0
7057491297892279808	17090438422810442818	1.0
5336570775962230100	17116412744501773808	1.0
4006066159718571062	17102571160057603808	1.0
14237071890728198861	17109340698649784808	1.0
3869062374966138808	17119403454884352552	1.0
2339697431349451039	17095164136733995808	1.0
12101174022489252001	17113458214966621808	1.0
4442332818657743808	17103848998767918566	1.0
6220322973727613382	17118814335605594808	1.0
