2449091202514492964	17117107455473253292	1.0
3260870593489198353	17113244055062419964	1.0
13542608659977208964	17108883185665872210	1.0
7569042416472766964	17098238723431766319	1.0
7569042416472766964	17098435029199031210	1.0
12671046020244593098	17097282766749652964	1.0
5144491367346770068	17109412360170946964	1.0
18364247552688823193	17098184082800278964	1.0
12692690200082181964	17117040746109158482	1.0
12692690200082181964	17110118001847258162	1.0
12692690200082181964	17101219834417798609	1.0
12692690200082181964	17113020025306447719	1.0
12692690200082181964	17114942074622107077	1.0
12692690200082181964	17097594160575880526	1.0
12692690200082181964	17100580335255776183	1.0
12692690200082181964	17105269310139069429	1.0
7562027990388633964	17097708797476337543	1.0
11523674304705783964	17110085480289181013	1.0
2155603090472499964	17109761472119577778	1.0
1398024623554218964	17102387515738605693	1.0
1398024623554218964	17105437419332825837	1.0
5054369627393513160	17113588782014089964	1.0
5007147293371068780	17093149419109696964	1.0
6634874834732930092	17104276966539305964	1.0
3654694283974057964	17098791842277011370	1.0
3654694283974057964	17094269095620494536	1.0
10141930496676740261	17104554575890018964	1.0
12912348374903585964	17108818263079103031	1.0
8678290915012528964	10892904969495447663	1.0
3722178925884103964	17106819853428921344	1.0
3722178925884103964	17110395040031178983	1.0
3722178925884103964	17092049533853703261	1.0
3722178925884103964	17098391967946478327	1.0
3722178925884103964	17116085038528484750	1.0
3722178925884103964	17098554605458929423	1.0
5027511904221927964	17092006197611698128	1.0
5027511904221927964	17097949032216986648	1.0
1037179351541329280	17096306258741071964	1.0
7238011901809505640	17092031911554518964	1.0
3888438043697363964	17101674267880012342	1.0
4112606025889935964	17101543559049211571	1.0
4112606025889935964	17108065110392802913	1.0
12224882224516136964	17096523974960770171	1.0
12224882224516136964	17110945882412207762	1.0
338547116038690439	17103809480754537964	1.0
3241796059496809964	17097091026581000089	1.0
3241796059496809964	17099043759200070103	1.0
3241796059496809964	17104034558540229186	1.0
3241796059496809964	17093447103307929214	1.0
7138556298735965733	17104448932678920964	1.0
