5302748415281881278	17105985169550818445	1.0
4250576754034620081	17108518263900267278	1.0
7161587476316539987	17105846721194160278	1.0
14151704884653435278	17110520925530748299	1.0
16656611641897407103	17105846721194160278	1.0
3144523347755056278	17101507854879768923	1.0
3144523347755056278	17107512185001272568	1.0
3590312262338999908	17117001644601230278	1.0
4980676783011903278	17111617568197293437	1.0
4072281642990217278	17108270109276774671	1.0
6103099050671381278	17101077778385347174	1.0
4780611932300171885	17117001644601230278	1.0
14956006521284667529	17117001644601230278	1.0
1237299401087411825	17098508309927445278	1.0
4041749197460608278	17115829810130319671	1.0
12094183806516739140	17105846721194160278	1.0
17402131790669747421	17104736759909889278	1.0
18442327592857474642	17106449562827535278	1.0
4593753263054025342	17117058660379975278	1.0
3032960906580589726	17102683284514955278	1.0
3117249008803422477	17100229728632532278	1.0
7775369049021064063	10885335605033651278	1.0
17920751917490448875	17111382813723807278	1.0
12072808845072410278	17096637675682445826	1.0
2508990066322716202	17113674402153217278	1.0
7052620101569809278	17096480540014177985	1.0
4986531008980738538	17119724267380814278	1.0
3347027813286851644	17105846721194160278	1.0
2111976209031164484	17111132498853363278	1.0
14111412989103019892	17114325532144276278	1.0
5512029214188423641	17105846721194160278	1.0
3567090222075608872	17105148144664848278	1.0
2898132202640729278	17111234238009827901	1.0
2898132202640729278	17106150134916443907	1.0
5081990806847585205	17109145775724958278	1.0
6513924226979242612	17095739258717043278	1.0
10647727682988631142	17105846721194160278	1.0
7073012081323182866	17111132498853363278	1.0
3949526164265220161	17105846721194160278	1.0
6186407030494266746	17105846721194160278	1.0
5193578450583230627	17095739258717043278	1.0
5370621104387031124	17105846721194160278	1.0
5370621104387031124	17100229728632532278	1.0
5675896272374603168	17105846721194160278	1.0
3045072576576734278	17110085119503279174	1.0
3045072576576734278	17097520729441631237	1.0
3045072576576734278	17116736842770271935	1.0
1206357083326099278	17106700861373883565	1.0
1206357083326099278	17091878731531365066	1.0
12741973418304811278	17118267904172982051	1.0
