12180301339590866470	17100947726881777803	1.0
13387568436551536330	17099278964532858470	1.0
13531345507807136729	17112939941329551470	1.0
6916982173334709470	17098718522860773864	1.0
6119320057204201470	17105432037755301234	1.0
4256708604037719399	17112939941329551470	1.0
6713357447688513968	17112939941329551470	1.0
2830576994099257470	17107418662033522174	1.0
11623857420760235440	17105863587538721470	1.0
2531546311026689096	17115989239228260470	1.0
6123396303116101837	17098246145204964470	1.0
3550855288859010092	17112939941329551470	1.0
6347959665220819862	17112939941329551470	1.0
16166011557131552892	17112939941329551470	1.0
6040858211310630051	17092066984179975470	1.0
13914270176488429551	17101361774571319470	1.0
12978913667036707277	17110687458535326470	1.0
3479053411259164879	17112939941329551470	1.0
12125764097477526470	17104214204114242124	1.0
6421670052095892615	17112939941329551470	1.0
1050945344706354470	17097962084627440627	1.0
13379560328564118157	17115445676853766470	1.0
13335894150128914362	17118631546250179470	1.0
682965417355702470	17097574317867956299	1.0
10685719584515151115	10881650054825620470	1.0
1773554232580116219	17112939941329551470	1.0
5698567026367041107	17108454840083470470	1.0
11805533424860207033	17112939941329551470	1.0
12046968336543913470	17096162729505433438	1.0
12046968336543913470	17092735964020841665	1.0
12046968336543913470	17095895247516730797	1.0
12046968336543913470	17102816170801932702	1.0
5959313374248740662	17112939941329551470	1.0
11616439697376553405	17112939941329551470	1.0
6463295672771734717	17093779954582879470	1.0
5233608322006698040	17099278964532858470	1.0
5640769814335498470	17106252986452306493	1.0
5640769814335498470	17107143732571270937	1.0
5640769814335498470	17103071527971561381	1.0
5640769814335498470	17115167294293386453	1.0
5640769814335498470	17101809958799188561	1.0
5640769814335498470	17115718110886675073	1.0
5640769814335498470	17111667149313987337	1.0
5640769814335498470	17115631803503087717	1.0
5640769814335498470	17109359609427351884	1.0
2381465689652227682	17112939941329551470	1.0
18187747941998580314	17112939941329551470	1.0
4751658793087461019	17101361774571319470	1.0
3282463725972639612	17095939369772557470	1.0
4071834902159195312	17112939941329551470	1.0
