9157971941497076488	17100351452247851114	1.0
11882456576112970113	17111236565822813114	1.0
2558632316566028470	17107627517680686114	1.0
12074711210678314512	17104223932141000114	1.0
8135359571005198495	17115571360383066114	1.0
11961465718700896114	17100381929347435009	1.0
12510059156996217114	17093206035429965278	1.0
1519350483465826034	17108090489377701114	1.0
6841849043590148859	17107199665965806114	1.0
2062064196111444114	17111015731560799258	1.0
5253881376753501114	17097196489481541106	1.0
4396337810921957358	17099711330366933114	1.0
16657948984278191635	17101040304935523114	1.0
12749891055832521331	17107515002503305114	1.0
5431297059909984114	17093067007317132889	1.0
3697969094393752980	17104371709206885114	1.0
10192806756641191114	17098549936895679354	1.0
4459637605045362114	17100780987622772828	1.0
4459637605045362114	17091878731531365066	1.0
12101913072185185001	17098633602771960114	1.0
3622509785888030648	17097104710261510114	1.0
6352481590328328860	17113157438537389114	1.0
1364517041435623819	17099998964276013114	1.0
5200466410138728114	17108293482499835339	1.0
4975977304632848433	17120654789343070114	1.0
12030016173896279878	17091511571993957114	1.0
16092535803504859114	17107038398578931036	1.0
7713007800334204114	17107196354486507212	1.0
7713007800334204114	17110664806837953279	1.0
7713007800334204114	17097461935687027116	1.0
7713007800334204114	17116114686631672229	1.0
7713007800334204114	17112420117096144271	1.0
1740012215531101268	17108534898213009114	1.0
10240138009079950609	17116722235560869114	1.0
10323050664978287114	17096653652982129689	1.0
5445384493687456114	17108178952921366188	1.0
5445384493687456114	17110747025553010044	1.0
6344636966330149114	17103163277147011262	1.0
12994001199752344114	17108855942856376974	1.0
12044406688408945210	17101759978148752114	1.0
15664360871627611114	17105472668089113487	1.0
12364904335079665189	17105839050399037114	1.0
6700083473463557009	17111148939848426114	1.0
12501951857321589393	17105839050399037114	1.0
12468366565967343114	17093980104456881678	1.0
12468366565967343114	17101909782385616347	1.0
12468366565967343114	17110936386340381194	1.0
12468366565967343114	17096256548748413365	1.0
6957890019558003260	17098438649890251114	1.0
7177613446654525826	17098633602771960114	1.0
