6479327914181696386	17099861731445887199	1.0
6479327914181696386	17098226134854400779	1.0
6479327914181696386	17113402925931145105	1.0
6479327914181696386	17108316250076876115	1.0
6052625181187433562	17099445712312885386	1.0
4251234259670057158	17101284795748075386	1.0
14342406256585617386	17116391475864310635	1.0
14342406256585617386	17097315288333124356	1.0
12994262669924591956	17113837078469643386	1.0
4876679692095988025	17096546562211109386	1.0
5691660546849040214	17096674049761996386	1.0
6182410326542228475	17095524789466738386	1.0
2833139879001090659	17095755558065945386	1.0
6739558419313351382	17100191881260216386	1.0
1817027710938548683	17113051498804704386	1.0
18393957680355257673	17095524789466738386	1.0
9898273533051218927	17095524789466738386	1.0
7468175830911681549	17100191881260216386	1.0
6355292619399947427	17098578210651666386	1.0
2029543274628369538	17095524789466738386	1.0
733896824305342866	17103775915548814386	1.0
5541599169967681211	17104436369866121386	1.0
978868006556048386	17104976011001923575	1.0
394180978829907013	17095524789466738386	1.0
3804279705947028920	17095524789466738386	1.0
12154498310773441257	17112534560887018386	1.0
2823790173103972418	17096674049761996386	1.0
7286941212746321386	17101200455621279696	1.0
7286941212746321386	17094520136475579312	1.0
2617675520836766728	17116947184420819386	1.0
14470857533127682386	17116350536306921124	1.0
14470857533127682386	17102475554105605184	1.0
14470857533127682386	17095017863062404073	1.0
14470857533127682386	17104021480376549618	1.0
11978570645474676386	17103499018996389743	1.0
3625916473223750295	17113051498804704386	1.0
14778449057276233670	17109139913015306386	1.0
10717067356103579755	17103925938799273386	1.0
11754375205489029845	17108028659031722386	1.0
2115349471471352386	17097975201490229237	1.0
2115349471471352386	17107038965462174049	1.0
6834967191188585386	17095306270047497879	1.0
6834967191188585386	17114681348726300942	1.0
6834967191188585386	17113926473813420663	1.0
2264255420705025660	17093374479602558386	1.0
6785388318654470386	10908084981702772871	1.0
5176633089438708138	17104078719209234386	1.0
12090192722333212185	17111728966708508386	1.0
6128456697773309788	17103074324079353386	1.0
16274834083494661669	17095524789466738386	1.0
