4379191409666406025	17111891668657039506	1.0
4379191409666406025	17101902399335289755	1.0
11009187999105688427	10905542545728135025	1.0
6485877400382854025	17100752142636793922	1.0
8872962024918846641	17098160563676090025	1.0
932144465618931025	17103072107950317643	1.0
2859442376576464285	17099537023303933025	1.0
6719181269270138464	17111160441864412025	1.0
3290932058796867025	17099497986472746798	1.0
6546785155521719858	17095018056394015025	1.0
7446091616246474035	17114621859153176025	1.0
5692869434884861025	17104342421702467335	1.0
5692869434884861025	17094277466451591050	1.0
5692869434884861025	17107604505245445427	1.0
3552385649293188801	17099537023303933025	1.0
4899731413641598239	17110035121787103025	1.0
5109694380909950025	17120795071557857161	1.0
5109694380909950025	17105720084070084061	1.0
4794679182529983025	17091878731531365066	1.0
13001424731223493514	17111195325586479025	1.0
6905661275629829071	17099537023303933025	1.0
4335621092862798025	17112852732089967989	1.0
4335621092862798025	17113902065482844701	1.0
4335621092862798025	17112223270232882223	1.0
4335621092862798025	17113614899769712912	1.0
4335621092862798025	17096630137937659948	1.0
4704716142384669790	17098160563676090025	1.0
5696251119838419944	17099537023303933025	1.0
6033538753777623360	17099953768281291025	1.0
4037382052675716827	17099537023303933025	1.0
2738515730394038025	17092670302615196174	1.0
2456515363711547025	17100197443208575098	1.0
2456515363711547025	17116458627641576145	1.0
2456515363711547025	17096994978299246712	1.0
2456515363711547025	17105580471861612387	1.0
2456515363711547025	17102091279170753418	1.0
2456515363711547025	17094143351872044902	1.0
4662986506485245357	17115375660278507025	1.0
3917776306391935025	17118327703014722334	1.0
3917776306391935025	17113575188468660109	1.0
3917776306391935025	17106952288718207004	1.0
2449408992223712154	17099537023303933025	1.0
17931626823797848372	17108801650116846025	1.0
6162545901441993282	17112992601941936025	1.0
2738514266684709332	17098160563676090025	1.0
2590623461425473958	17098160563676090025	1.0
3210428740467688114	17099537023303933025	1.0
3050924277831126789	17094644793455973025	1.0
10928209809633664624	10905542545728135025	1.0
5714581558985522798	17098160563676090025	1.0
