2171676421821181260	17101759097742867333	1.0
5835714948825646333	17112320503962877183	1.0
5352957992819966150	17107614645790571333	1.0
3883836242466942661	17109597451736578333	1.0
12245257141469491526	17121283980558483333	1.0
2970894456303676333	17116793523450362857	1.0
10944069533750724737	17097037704574688333	1.0
3225559682288295030	17093964466506229333	1.0
1701925913747984124	17099655061965578333	1.0
4301981530356517333	17091775106878765590	1.0
7811757068295056090	17105491630473416333	1.0
5691302987061628333	17096484804862807851	1.0
5085560250765197567	17110111714003781333	1.0
11497971163902974958	17121283980558483333	1.0
3912302250378420333	17094316984558044406	1.0
5945243272551002703	17098263234814487333	1.0
1985055759284579600	17113724464279687333	1.0
7733654889183598394	17101511475795043333	1.0
123461734064937129	17093964466506229333	1.0
7748540722674802333	17090699475185814968	1.0
7748540722674802333	17111806709906662903	1.0
7748540722674802333	17102932989548646712	1.0
461112842122525198	10897382112096767333	1.0
10106416057729800333	17096008458688227197	1.0
10106416057729800333	17098938077243914981	1.0
10871443789153826333	17108836551129849822	1.0
10871443789153826333	17105716476305490479	1.0
16116078418201840680	17093964466506229333	1.0
4574228223668012563	17097789564463381333	1.0
9194831783399899333	17102427669469033383	1.0
9194831783399899333	17099226754928144732	1.0
9194831783399899333	17111325046436885130	1.0
2850512926883525112	17103537540547247333	1.0
5057168949834157333	17097881382119172554	1.0
5057168949834157333	17108413187468691396	1.0
5057168949834157333	17113044966125196761	1.0
5057168949834157333	17108975841066412017	1.0
1862203450470943333	17101984952895736093	1.0
6223211347726061215	17093964466506229333	1.0
8929822100150881218	17102031080800286333	1.0
6424583934156085064	17093504196300217333	1.0
3539772288665952831	17102031080800286333	1.0
5189323160816920333	17115624794218206919	1.0
5189323160816920333	17116085347786221117	1.0
4745156175044113502	17114501509898426333	1.0
2584174009953588333	17097469851275203171	1.0
2584174009953588333	17106580975960165275	1.0
2584174009953588333	17095901183245673059	1.0
5955805445930875333	17110869822877392523	1.0
5955805445930875333	17113459701103910745	1.0
