4963577364372751080	17090964354490799217	1.0
4963577364372751080	17104760545443368206	1.0
1713386119841364080	17104891739398926174	1.0
5014557058594390080	17116299417438310571	1.0
5576079664919728790	17113840754832324080	1.0
5389803517795958701	17112273740455570080	1.0
6105977041082893080	17107028696150072560	1.0
8614091561179605977	17108776868086206080	1.0
5400712544142039080	17105032245020024882	1.0
2737376267836439582	17107932327235667080	1.0
490399323091546390	17111045457038006080	1.0
3645376000649662124	17100043820876919080	1.0
468529262915885644	17100073056787723080	1.0
12992753713827027369	17109075557386211080	1.0
3161870248568585080	17112075789634311056	1.0
9617676628229856080	17095253223031896019	1.0
12196982092015255024	17100401256686392080	1.0
6724939351255081080	17091878731531365066	1.0
15596089818698586080	17104673542222720318	1.0
10423399797630805080	17098753058690124398	1.0
10423399797630805080	17095888740756939099	1.0
10423399797630805080	17112987001284701046	1.0
7891850499299772080	17098801918170147071	1.0
7891850499299772080	17109138023326699343	1.0
4491092414393837564	17112256036498942080	1.0
5998030524669894080	17094146676148934569	1.0
5998030524669894080	17109774086522785139	1.0
2144030052802787080	17102026175991757583	1.0
5431608119138053938	17091490487970123080	1.0
17882568689119482080	17096974620102966496	1.0
17882568689119482080	17112806385050661794	1.0
17882568689119482080	17103354540553687760	1.0
17882568689119482080	17109664251417012336	1.0
2616016627055320695	17103382445040282080	1.0
4757937250611724080	17110372804988790876	1.0
3028200401292803080	17115383704801607203	1.0
3028200401292803080	17091302742046441159	1.0
3028200401292803080	17094332012533224531	1.0
12746532412030344398	17112052480783462080	1.0
15472401803343348080	17099397595823494849	1.0
3214445402186090080	17107038952568276111	1.0
4775636845581679080	17111203013605991463	1.0
11954676099717809758	17095246664585833080	1.0
3937920664762177543	17099530546569633080	1.0
2422179109105072080	17105438196830381612	1.0
10879417065154533080	17115293931332686457	1.0
6277527044358169018	17094058354407724080	1.0
6264191498292301080	17112023236244307546	1.0
6264191498292301080	17091878731531365066	1.0
6264191498292301080	17107210661077708981	1.0
