4943071291975456767	17109422436110765494	1.0
3171508675722478494	17089540847702070979	1.0
2819772589987449152	17092385606387773494	1.0
4001546413920422564	17106432387156504494	1.0
6756766893307759494	17115458471496421759	1.0
6756766893307759494	17115691129887902620	1.0
1461623906700891316	17106432387156504494	1.0
5677770258442285187	17117602248574626494	1.0
5403270241725321874	17106432387156504494	1.0
11152094956161696494	17107794355742304413	1.0
5316849162108386494	17102349071554450801	1.0
5316849162108386494	17110087821108093810	1.0
5956399155823806607	17100054377897382494	1.0
12831348722470830527	17092385606387773494	1.0
3714059050006721477	17106432387156504494	1.0
3788405019889152347	17103994885939663494	1.0
7069545854447291379	17097345451855000494	1.0
18138803132016165362	17111200333601188494	1.0
2063636377805312536	17088518778515051494	1.0
1949290081637435494	17103293384612745017	1.0
1949290081637435494	17102750019682098010	1.0
7185806779603243494	17114757214966039598	1.0
11825475812852238494	17119364636888913620	1.0
11825475812852238494	17105021168356726495	1.0
7257943839571993494	17107694325947877451	1.0
7257943839571993494	17107488652818589750	1.0
4751874869861667494	17092705890655550623	1.0
4751874869861667494	17109293728841321311	1.0
3894391759674602112	17100216057753255494	1.0
4366180995094832494	17115683420436594387	1.0
4366180995094832494	17113448409688071517	1.0
4366180995094832494	17106879317300194848	1.0
4366180995094832494	17113418722874006230	1.0
4366180995094832494	17095368864986904428	1.0
4366180995094832494	17113211031141173990	1.0
4366180995094832494	17098238723431766319	1.0
4366180995094832494	17097398086673083675	1.0
4366180995094832494	17097580798863510425	1.0
3630614789649084425	17096183087765673494	1.0
4234203778835897828	17103994885939663494	1.0
12915785143171125494	17092782749132727750	1.0
14190063994310925009	17096183087765673494	1.0
6921226838666927494	17097927492883300308	1.0
6921226838666927494	17096280179668543717	1.0
6921226838666927494	17090125659021575722	1.0
6921226838666927494	17119717550110928687	1.0
6921226838666927494	17115427307215057621	1.0
6207527174440377494	17120091646113224800	1.0
6207527174440377494	17104017159640990036	1.0
5691988991774194848	17103994885939663494	1.0
