4370890194057797440	17111041204988907171	1.0
4638690744400646440	17092597361129062423	1.0
4638690744400646440	17104663943020619283	1.0
10436032831741590056	17101775968341618440	1.0
6059013674059074890	17103252028361744440	1.0
15504086333553863999	17113631160496445440	1.0
6198960807171360440	17113399279404265812	1.0
5856216918684728440	17097544167096153820	1.0
1122508334593869440	17112055521601033900	1.0
14570129248645945440	17114116526127785892	1.0
772014994039762580	17108648302618233440	1.0
12252292639845976440	17101934349565360581	1.0
3008172133318085790	17097252474451613440	1.0
2126973036568704475	17098603529369007440	1.0
2540388577133370977	17092370952026096440	1.0
11029427323859267393	17100249910611193440	1.0
3108060317029165440	17092974802914260466	1.0
3108060317029165440	17090497023396965622	1.0
7865726233884892842	17098603529369007440	1.0
11710646609486043582	17097135303252744440	1.0
5625655421584029660	17101825588172583440	1.0
6401206275270533164	17119156090508775440	1.0
1877609416865542440	17116392991932894677	1.0
15064789948175266151	17113631160496445440	1.0
3488441527797923069	17098603529369007440	1.0
1879784448863808440	17098127204674110022	1.0
4886341431663867944	17098676067040639440	1.0
11772159214344485699	17113631160496445440	1.0
10847288034508564440	17104902021752034038	1.0
2710725504859907029	17113984193871955440	1.0
1580809051669307657	17097135303252744440	1.0
13069586280945032440	17108167287675502954	1.0
8884322990145416018	17097135303252744440	1.0
5622290185492824979	17107071680287526440	1.0
3771543205453745364	17111004478712039440	1.0
17048930595302329476	17114747615875341440	1.0
7617295351958835188	17110065276815665440	1.0
295358583079801356	17115422784540563440	1.0
6051356999745944508	17098603529369007440	1.0
3614261261614678672	17115831218777885440	1.0
6194437708039350119	17098603529369007440	1.0
1632568256583277450	17097135303252744440	1.0
13555380844039172330	17103747921014030440	1.0
6510841820511364367	17104439642698191440	1.0
6211798893529659440	17102244046765925284	1.0
2038363286553642587	17118839912184497440	1.0
8997447057737722196	17111669709044998440	1.0
5854677357792128440	17105292606081980063	1.0
3902480975822858815	17112342159203132440	1.0
4175842903841159438	17100786755777654440	1.0
