2395474442114037412	17099687218360150634	1.0
3455912639012186981	17110813163697295412	1.0
2643774593424903557	17099829467586049412	1.0
5962081736774509206	17095884007733079412	1.0
2748886929612147412	17097915608859866483	1.0
2748886929612147412	17103707316395465675	1.0
2748886929612147412	17104810113599899105	1.0
4441453748686211412	17107018968177413465	1.0
3043231286492146380	17100587731265858412	1.0
4627037103839938412	17096258902513712815	1.0
10364485556888301412	17092285370386526278	1.0
10364485556888301412	17098512110967056509	1.0
10364485556888301412	17099616669335374744	1.0
10364485556888301412	17098726361222939412	1.0
10364485556888301412	17112118464409665777	1.0
10364485556888301412	17105671769840765444	1.0
10364485556888301412	17101948733434865524	1.0
5791664991292410412	17110844959382636349	1.0
15711273343460250412	17106955844913208438	1.0
15711273343460250412	17113849757114007687	1.0
11022874607565090412	17110445501574551745	1.0
2059119738592810306	17114815012380904412	1.0
9431515899146226115	10883318752698044412	1.0
7587687920374805334	17110124843605430412	1.0
13188002699856856412	17104723617272480778	1.0
8425325187524140609	17092487848076659412	1.0
11277179139764309597	17105266514062484412	1.0
13194008570756619412	17110637512424148979	1.0
9328848933086866599	17103555613830789412	1.0
2294480424410444412	17099982261149872029	1.0
6786240401165466412	17111800782856914105	1.0
6786240401165466412	17109552088227426460	1.0
8176367710667562917	17097017204765335412	1.0
17307322680706483858	17097752455886202412	1.0
4735953160192163226	17114075028173696412	1.0
9898701071066155960	17101972029296284412	1.0
4829805282107171412	17110786517845849159	1.0
4829805282107171412	17106432786702534922	1.0
12116212469964906998	17090918303728487412	1.0
13383827035149288412	17114649681849110937	1.0
13383827035149288412	17113457321698406848	1.0
1895220178227234412	17117426790597600579	1.0
4943085387488154520	17097414450531933412	1.0
6505966941883062387	17090235636019954412	1.0
6038963886359372412	17096309583013332311	1.0
6617426522428122796	17106892601598577412	1.0
8117027337760019993	17097752455886202412	1.0
4510107702484780796	17099829467586049412	1.0
6888667452247474127	17095735509171270412	1.0
4659129342378866412	17107127716665711984	1.0
