8779844054340143290	17105477092064431984	1.0
5486710196969774767	17103913234378108290	1.0
1668472139082777529	17119593253723408290	1.0
1192256709721877776	17109432653853608290	1.0
4278342281692385290	17101216265499332600	1.0
4278342281692385290	17099907679030687939	1.0
6281852782517798290	17117396846155699693	1.0
6281852782517798290	17100732854019369397	1.0
5614124795471860290	17091878731531365066	1.0
8136327158514732955	17105190080857696290	1.0
13418970248203950778	17107452201482828290	1.0
2544044563284660884	17108105375700029290	1.0
5763215078687770290	17095517896048127095	1.0
13474028214463059290	17107931979283528400	1.0
2995322592680496845	17095496451228803290	1.0
14268803277517413290	17103856308790626015	1.0
14268803277517413290	17116508067016530780	1.0
14268803277517413290	17103507724927182400	1.0
5853498294899148627	17104309758614334290	1.0
11877476690666837436	17113743143164107290	1.0
6603165968547831387	17094473956945598290	1.0
4624755149446382290	17090690485815820713	1.0
4624755149446382290	17113783451405295601	1.0
13150575088077549358	17099166814429803290	1.0
13792226837739414290	17111581516268254872	1.0
5809375640764713290	17115870320353158397	1.0
3664857549439136290	17105727093486607619	1.0
5658583152939655166	17104291195665131290	1.0
4308334784957427290	17110595099589637897	1.0
6570904519402485290	17102826787919917395	1.0
4909919176394411290	17103564628847703059	1.0
4909919176394411290	17101375501299408885	1.0
5026018225855381171	17107187077321657290	1.0
3321861475059254290	17107935149039650342	1.0
3321861475059254290	17094510679020175976	1.0
12804946372963313782	17118565150190536290	1.0
5049559683379382290	17107018542877926239	1.0
6317024853333070290	17110216571274462302	1.0
8043276024294794290	17091878731531365066	1.0
8043276024294794290	17097295278062138100	1.0
7589383711964752290	17114071613707673844	1.0
2616077370457045290	17107143913045686974	1.0
7791474413566181290	17100357971978583673	1.0
5228741987762318324	17096791753200584290	1.0
12198703745586271663	17096142985541615290	1.0
12497650306349366108	17099166814429803290	1.0
6229111318098070638	17118565150190536290	1.0
5262368776814007999	17119150451246747290	1.0
6091111562365175589	17099166814429803290	1.0
2954145015050277268	17098332182057087290	1.0
