10762552504058395920	17107393630866230820	1.0
17917106496996836391	17095097388699407820	1.0
810207140524476346	17101783364278649820	1.0
4200237732183177820	17100269907960443534	1.0
4200237732183177820	17097685733580256014	1.0
8440400364120067820	17096034460369282342	1.0
13404756230358788820	17115624111139423546	1.0
2950970506014952671	17103631089265528820	1.0
5156914010432019688	17103631089265528820	1.0
9850831544105318915	17103631089265528820	1.0
6038873489902388070	17103631089265528820	1.0
5461897228418562893	17111455278579071820	1.0
2469811869047708755	17103631089265528820	1.0
3311838657949672820	17108174722342863997	1.0
12929363230631983902	17107973786506299820	1.0
4212900979023985412	17105432140879837820	1.0
12804023728856576755	17101884467875296820	1.0
4094761356446844405	17107734647173137820	1.0
3544266704089169820	17111184631126446608	1.0
3544266704089169820	17103352423261317803	1.0
3544266704089169820	17101635243733427762	1.0
6907736973309037981	17102862994626323820	1.0
5539018916482496152	17103631089265528820	1.0
6554226210548149820	17104834771052184182	1.0
10578827443552143820	10912277818957647019	1.0
10578827443552143820	17095034501619397839	1.0
553893576212831820	17109307481233338869	1.0
3734958412618747198	17107393630866230820	1.0
8107047259905339947	17103631089265528820	1.0
10654134278206191941	17105432140879837820	1.0
5722938337526793820	17103250580945278332	1.0
5722938337526793820	17096137449229601411	1.0
6084200146701424879	17105432140879837820	1.0
12794117845917547802	17091656424086241820	1.0
12637943939986685462	17103631089265528820	1.0
5808576470213492237	17105432140879837820	1.0
5478639144258903820	17112203530487165303	1.0
3919703419787515376	17103631089265528820	1.0
14711355229951958727	17106313223357504820	1.0
4077630259604364450	17103631089265528820	1.0
3173083717756193863	17102050275141538820	1.0
5764486772818859820	17112233642485425622	1.0
12077703333461158820	17092150469789884455	1.0
5682742120507477820	17114723456560588033	1.0
17561124041813549018	17107940552112704820	1.0
6508188496903028386	17101595583905823820	1.0
3394927564221919820	17116929669606737290	1.0
3829239021362261326	17093066126722471820	1.0
2854191907802802589	17104161272950283820	1.0
5402342779992371284	17092093226479445820	1.0
