5469740259886876633	17115493187780647773	1.0
5480049254498865391	17116949795878655773	1.0
15301450663817759453	17094688125511924773	1.0
1088493202666940440	17098630561996494773	1.0
1804525699456790932	17091317022675995773	1.0
8947834654118330696	17106360347715700773	1.0
1631901880541139217	17100047961328950773	1.0
5616614160745251773	17107488111684552261	1.0
4333611026077193962	17115493187780647773	1.0
5267265851420424773	17103912396801534067	1.0
7007348405865740773	17102490715336609620	1.0
8354019991323444400	17115493187780647773	1.0
5037565937081615190	17101975418068147773	1.0
1336769965293952773	17108627347530677868	1.0
1336769965293952773	17121105705041768707	1.0
4225508812683980750	17094997968816498773	1.0
4692715917713968773	17095987632320983085	1.0
13455372703702411773	17113189504666442338	1.0
11672970814164391773	17105826062420048512	1.0
3968360165523875481	17113216232245223773	1.0
4765001512068334997	17108193675965974773	1.0
6091424012736779773	17104642678591191061	1.0
6091424012736779773	17099435803934409269	1.0
6091424012736779773	17106254094548428463	1.0
6514455988540001773	17103742127162865268	1.0
3060714058327108128	17103195412074810773	1.0
1017369922696486773	17109869151347243454	1.0
1017369922696486773	17104979335322421363	1.0
16575139983901929773	17101491620048593226	1.0
5128381620767069694	17095802411850998773	1.0
3342612595808356773	17114925865536860898	1.0
3342612595808356773	17113349286052286812	1.0
4417649146330144558	17116677404742229773	1.0
15122855655654476898	17106360347715700773	1.0
2042792531584134174	17113087550715913773	1.0
3371080164190203773	17109293728841321311	1.0
3371080164190203773	17112075299953138166	1.0
3371080164190203773	17112312794465660462	1.0
3371080164190203773	17096008007688806700	1.0
7251591066913416471	17105755371484748773	1.0
13776839249905135773	17095944751399109860	1.0
2541857737539055773	17091206891325773906	1.0
2541857737539055773	17103902333692493525	1.0
2541857737539055773	17104139712239391052	1.0
2541857737539055773	17096012379906463179	1.0
2541857737539055773	17100431201159756000	1.0
6192086548494251773	17111604189330640943	1.0
6192086548494251773	17109739718167607532	1.0
7236467946147900791	17102249780601991773	1.0
3211013705826850773	17095325545888925201	1.0
