12510740434591795037	17110658312955839701	1.0
7429608476770195607	17113160182996016701	1.0
6916795143106112701	17100752142636793922	1.0
4254102680784014701	17105913078386296995	1.0
5939737205220236978	17101261744779418701	1.0
13679122605888836059	17101261744779418701	1.0
2767058283380222701	17111516009361586570	1.0
5571342766704429830	17101662821569209701	1.0
5805994812211887701	17103233594361550100	1.0
3337331036285905278	17109092157336194701	1.0
2764810752358857382	17120880305136363701	1.0
3403818289026668701	17109114173412745107	1.0
3403818289026668701	17106233014857815799	1.0
3403818289026668701	17116234881360728591	1.0
4029789416160560701	17099720306832550032	1.0
2931112515730056834	17114041072206101701	1.0
3719338295057834502	17113180257564653701	1.0
13640178101858737085	17103893249770559701	1.0
5972101042928360325	17106096181460471701	1.0
5763911603334812423	17110794600890128701	1.0
9984728793112687259	17104448739339984701	1.0
3150455667791489561	17101261744779418701	1.0
3424955041866997699	17106096181460471701	1.0
7015289542785578615	17112494978390312701	1.0
4760163373681692745	17106096181460471701	1.0
5833163028538481701	17106353102123564078	1.0
865210699087000701	17111395814735446475	1.0
865210699087000701	17093750139036838849	1.0
13425674258215094701	17098501231798514920	1.0
5150345060937522396	17090170167695742701	1.0
4381700687819394701	17095411488241951285	1.0
14825766062548379701	17104210519067992687	1.0
2208217968883162843	17113902065482844701	1.0
1283566937704105628	17101180780403343701	1.0
6048372194540288701	17103912615853014795	1.0
4682292319191895769	17106958937277218701	1.0
12916618142463208101	17113889558486385701	1.0
12066304949421400181	17093821736059476701	1.0
6416910402471893326	17113902065482844701	1.0
17817934776263262701	17104607339765637563	1.0
17817934776263262701	17090961429597445073	1.0
17817934776263262701	17101120839824283814	1.0
3782392116527802431	17113902065482844701	1.0
8985175937356524701	17114216732067510551	1.0
8985175937356524701	17109796785537030648	1.0
14313921778838639523	17106096181460471701	1.0
11826900229995658092	17104243414094194701	1.0
13635172879106617701	17111983211538618594	1.0
1512216022148855068	17120349979765948701	1.0
3118045183896186340	17101261744779418701	1.0
