2431398964659277975	17109012992491280467	1.0
7365906492050972822	17111064449338327975	1.0
12416636141612054975	17108164685005759212	1.0
4806613741339000043	17112988530360245975	1.0
5768609873106889491	17109408687955824975	1.0
4280259041805603962	17093808649385620975	1.0
7406895637402679004	17109455331219434975	1.0
5023562671498100975	17099086236466931614	1.0
5023562671498100975	17108286614783692953	1.0
5023562671498100975	17097608432744156841	1.0
5023562671498100975	17109278129469502923	1.0
11498032435665785975	17090918741909096477	1.0
2749755355185951571	17103680953792168975	1.0
6459929728875774975	17107059250486304957	1.0
6926236647033242904	17105199680142667975	1.0
11686433852920798975	17113340047543255944	1.0
6986321517898625975	17106096181460471701	1.0
6986321517898625975	17115652659740275132	1.0
6986321517898625975	17111957059459906134	1.0
2674325852114710975	17095587435802840359	1.0
2674325852114710975	17115831128521541161	1.0
4193213233421200975	17101773172392083746	1.0
4778172699521432211	17091456235513161975	1.0
2730990479206492332	17111669283923429975	1.0
2941142190081878845	17095560712633216975	1.0
12144691443409790785	17108527498084398975	1.0
5510958190661920975	17099821642317503581	1.0
4414010067939208689	17095639748497984975	1.0
2275348196401952059	17091456235513161975	1.0
792245179273659884	17114681116744811975	1.0
4398867866063364975	17094673393677351167	1.0
437307471219743133	10901365518147375975	1.0
2214379348372965975	17102699257545238548	1.0
3443220929071839128	17110459455879260975	1.0
12262041490584913975	17111117105714448218	1.0
12262041490584913975	17106156912320965897	1.0
4109284574690608599	17111723688169540975	1.0
7574623116613506787	17101033823819045975	1.0
10955820400801696841	17095093471568286975	1.0
5398434544153440975	17104805741369719109	1.0
5398434544153440975	17101756344636421065	1.0
8298402367886575835	17120406415661157975	1.0
4300586973663154975	17108766405582075105	1.0
3316307076264726771	17113901356858628975	1.0
12049778937911356663	17102527969805613975	1.0
5806529527349396714	17100690127627544975	1.0
5496696100540112975	17102722879747806792	1.0
9886192956722349975	17098623797285755349	1.0
1646287262796298259	17105199680142667975	1.0
930527569733469975	17118259653453664538	1.0
