11450104869083514403	17097713247090952767	1.0
5238606409869930767	17101575479144774462	1.0
5238606409869930767	17110623712659492067	1.0
7452689111433155097	17100603798771062767	1.0
6360232946414024604	17109511445106719767	1.0
14577273006824791767	17112449601971584998	1.0
2095155145423816715	17109183532779383767	1.0
4478645606692942767	17109535453906186721	1.0
12008033259719234767	17092431360699327282	1.0
10893591379727669320	17098530081188922767	1.0
17764573738308773767	17114674983562273836	1.0
17764573738308773767	17104938936943494815	1.0
3920622861953726767	17092597361129062423	1.0
3920622861953726767	17097669331062820686	1.0
3920622861953726767	17105429087132661682	1.0
1675348237973199767	17103176540052460143	1.0
11436599728810755767	17109958211789439315	1.0
4712333159432016767	10904763159581174486	1.0
11401586948975597583	17099167664838650767	1.0
6176473990823650118	17113218259518401767	1.0
12529357249261241767	17103563954701993958	1.0
13827151274122172767	17095664350024748575	1.0
13827151274122172767	17105196394408512572	1.0
13827151274122172767	17115873141991311657	1.0
17148486931880451794	17097123857256613767	1.0
6273183923278744767	17108475962727902644	1.0
2339928221528517767	17100540813149623196	1.0
2339928221528517767	17108073489978912954	1.0
2339928221528517767	17103339847619925349	1.0
3342697429983907767	17111280301571724453	1.0
3342697429983907767	17106335578625856069	1.0
12101666858021251767	17100382277244309316	1.0
10915044940474145767	17115048443851716844	1.0
7937707509241687767	17119299220265068689	1.0
14145071101649625475	17101841823030091767	1.0
1780765480142078038	17099064207489915767	1.0
14577955959053367317	17104567576920451767	1.0
9995651728436019767	17113283457043866594	1.0
9028999429453354575	17109260086293387767	1.0
2177337703942617829	17112986133733052767	1.0
2673436903643106484	17100587190194103767	1.0
13597025861321972767	17093664690591638203	1.0
2972247325002407671	17093262604338332767	1.0
3192906781113834902	17103434508637551767	1.0
3028639358157636899	17101511630267090767	1.0
3479432853891323939	17106381964299661767	1.0
3737882835050372251	17114780485146951767	1.0
4718995209570214716	17102076946776461767	1.0
12000757473514608186	17109511445106719767	1.0
4286793092830110767	17117014838806245696	1.0
