1150442943492937439	17093636038853571550	1.0
13974642160909469019	10401080403119921550	1.0
15425794843121997373	17121091956815416550	1.0
3363493382587094112	17098908107034176550	1.0
5035250468994008186	10890415675103279550	1.0
3163878027752699445	10892885706500255550	1.0
6743698363691524288	17111131218891230550	1.0
11142110471306360550	17118821190440588291	1.0
11142110471306360550	17095465570486645392	1.0
821174674638537193	17106088626567094550	1.0
1221969597217120550	17096050265850069374	1.0
13850064529939502550	17095957778034846868	1.0
5765763624182408564	17109528611927538550	1.0
6749611897708421109	17116979005927396550	1.0
365699753530641550	17098133595532027852	1.0
5130852231588355364	17110852707457589550	1.0
5454518965452732061	17110117679613093550	1.0
2293884231699334825	17098283038980291550	1.0
11603946661486828550	17109293728841321311	1.0
11603946661486828550	17101188970810645992	1.0
11603946661486828550	17112282472000757951	1.0
11603946661486828550	17112203530487165303	1.0
987885484274323550	17114890371867849049	1.0
5098890738875426093	17100683710894495550	1.0
4223661587784510550	17110435387014472582	1.0
7262113866220670550	17121091956815416550	1.0
6379573463794824550	17110257382113853387	1.0
3190966783756336907	17104896081708455550	1.0
2436453295100895534	17104561520853083550	1.0
14117715009088772729	17118860566741982550	1.0
3403191169804553610	17097551021942863550	1.0
1527476019980166550	17097114219410990594	1.0
1527476019980166550	17111153574253830816	1.0
1527476019980166550	17118892714458638026	1.0
9129169332421738550	17110947329911314355	1.0
9129169332421738550	17107601000640231604	1.0
9129169332421738550	17116387142296393413	1.0
1875715829942418550	17118802357002056679	1.0
1875715829942418550	17093720258947590458	1.0
2108912608906202550	17096535047404541773	1.0
14307178006328469550	17100042592593874323	1.0
16375931728369730843	17099792513783364550	1.0
6205166704105124989	17109499453413144550	1.0
5735845752955037550	17105828312938308682	1.0
14527964073741891947	17111042042643546550	1.0
1873963732218849550	17105944964218975312	1.0
1873963732218849550	17091878731531365066	1.0
1873963732218849550	17109658169709616572	1.0
13284825642228679550	17108243321535597237	1.0
3965168177882879431	17107630532817335550	1.0
