11041001405530970849	17117040978040408020	1.0
8121708839615910817	17104547746981637020	1.0
13593388479906367039	17106370462417935020	1.0
8338399071219770196	17112648738237822020	1.0
1468648703326933407	17097633420812535020	1.0
5207661840170713020	17097845111126314381	1.0
6211463464930080020	17097988885247439900	1.0
6211463464930080020	17105231175042107371	1.0
6211463464930080020	17116727256424999800	1.0
4790578099692477602	10885318738666744020	1.0
5526483449665055020	17101636549404826240	1.0
6138326860150617388	17116715758749363020	1.0
6192179856219809847	17090378791522004020	1.0
2537195713455570675	17117040978040408020	1.0
2426204619626098020	17117237558729678449	1.0
2426204619626098020	17105457146194517877	1.0
18096353296967309074	17111236879323348020	1.0
12541904245413746020	17096408036651334335	1.0
5897714858626185020	17113271285057060682	1.0
2251539148263117020	17111423830716324381	1.0
2251539148263117020	17104574483104157472	1.0
4796541559152675357	17110153598414913020	1.0
1053784648992690233	17108766354046386020	1.0
50945428856515525	17110153598414913020	1.0
1793095564434461695	17108766354046386020	1.0
3181162021642252427	17098422028377078020	1.0
14588870772364129020	17112042946003058149	1.0
6260905019704790169	17120789977691415020	1.0
3531309314000903020	17100149245219376766	1.0
3531309314000903020	17097435934012805315	1.0
2610604165298555511	17103837668648586020	1.0
4579372989342528620	17110389838853358020	1.0
10764790489984395750	17111097602234212020	1.0
9514460451527074020	17104326276932411812	1.0
3073788304826407033	17098422028377078020	1.0
11057852942295636943	17110153598414913020	1.0
2633520961101905020	17106536789172036444	1.0
12165617576831146572	17098422028377078020	1.0
4570762689671508124	17095163969227787020	1.0
13495062078654187158	17099625091667922020	1.0
3176922408270364589	17096430039755989020	1.0
3279478972646983020	17095193192275646569	1.0
3279478972646983020	17101218657624711279	1.0
18089460208815597020	17108508651764837325	1.0
185656939994119246	17098422028377078020	1.0
1654152910661676975	17098422028377078020	1.0
13406694770538079856	17115356732299636020	1.0
2175844841633129799	17098422028377078020	1.0
12961181091021410020	17100380443268167787	1.0
13251016101727718982	17114908170241551020	1.0
