14105317033475488960	17099596568678127555	1.0
5127476030222505335	17098510753831099555	1.0
5570891650272208016	17112828297891655555	1.0
3787880363263469555	17097516563294093911	1.0
6610545693290169555	17116008781394357910	1.0
656298200071136555	17103061452059711085	1.0
2355518012514246477	17105226570826237555	1.0
2946153562156199555	17112075261216558906	1.0
2946153562156199555	17095375023904998146	1.0
2946153562156199555	17092888121917562585	1.0
5460132233993972250	17106186483103242555	1.0
4815532143986834555	17113211095503961423	1.0
13589680329077030555	17115378477842634381	1.0
13589680329077030555	17106802673598870469	1.0
13589680329077030555	17110191316849784890	1.0
13589680329077030555	17100752142636793922	1.0
6228733077479321272	17106186483103242555	1.0
4735663488378647119	10899981168616124555	1.0
5582156700369182528	10899981168616124555	1.0
18311529229915663650	17115314461234906555	1.0
6930585121764663555	17092923864593524774	1.0
415414485627547501	17106186483103242555	1.0
8081459215167079686	17118273814066627555	1.0
12092725762628666753	17100132881333131555	1.0
12227884333867348555	17113211095503961423	1.0
6231947842709135717	17118468741150772555	1.0
12670092882864334334	17101697074081039555	1.0
2645926046437537456	17096866000366295555	1.0
5993789523711805555	17114176157369655784	1.0
5993789523711805555	17114175264000374616	1.0
5993789523711805555	17112163896604751649	1.0
5993789523711805555	17103519716454220892	1.0
5993789523711805555	17110982046095599560	1.0
5993789523711805555	17101218657624711279	1.0
5993789523711805555	17103965495361470218	1.0
5988438200557541555	17107670978522124286	1.0
5988438200557541555	17114490901300812280	1.0
5988438200557541555	17107150819345470898	1.0
4214047669204060555	17104021506166658358	1.0
10816317340793550664	17093138887861041555	1.0
3437786897712808555	17091878731531365066	1.0
10313010213276355668	17098546986133895555	1.0
3419725722651354785	17100731196087666555	1.0
120993776584216100	10899981168616124555	1.0
17444422087940447946	17118468741150772555	1.0
6167469308306791555	17092013752417987697	1.0
6810576309015289555	17109303688854504346	1.0
4515448043973703555	17108635198638437519	1.0
4515448043973703555	17102597780332836195	1.0
4515448043973703555	17107421092936825691	1.0
