10526551678277201249	17108113153958417295	1.0
10526551678277201249	17109193853704464562	1.0
6470797525392237417	17110908911375166249	1.0
5728760500512620597	17102534592736004249	1.0
3335912433002366696	17105785835784554249	1.0
4859185551339972249	17103965495361470218	1.0
13010381277491390808	17116215519564923249	1.0
11985484999256954475	17117631042136252249	1.0
13208797888136585530	17095435754811413249	1.0
2951240663195876270	17094070655237996249	1.0
1781774587158566249	17112350680434877071	1.0
1781774587158566249	17103835366484202928	1.0
14110563538825598245	17104958676527326249	1.0
2798503216342214478	17112932128705652249	1.0
6328963196767517840	17098540273103923249	1.0
4846841445111741935	17095435754811413249	1.0
3570855808439965413	17112932128705652249	1.0
2667122241057423659	17116253701866637249	1.0
4462180906456018249	17091878731531365066	1.0
2798344032081119249	17091878731531365066	1.0
2798344032081119249	17104544873638302447	1.0
2798344032081119249	17116085270418406862	1.0
1189906099620394249	17108137536522632070	1.0
4643495440963078588	17112932128705652249	1.0
7713125803389678748	17104633663405673249	1.0
7075444507077256958	17112908497945839249	1.0
6387639390488874856	17094239408806429249	1.0
16143658533080179249	17095600359427064222	1.0
6552521402374405249	17107529635313309451	1.0
6655685576398621249	17091878731531365066	1.0
2616068684015259249	17102244046765925284	1.0
4997925379489557249	17093122889087712594	1.0
6828964316230755665	17094239408806429249	1.0
841854945916735564	17104633663405673249	1.0
10858156086889941772	17114253458290127249	1.0
18261016552441636249	17100352912542252514	1.0
6961868709065446249	17108803166210530930	1.0
12760780232266456487	17094613594971260249	1.0
5268779612940039381	17105464984448705249	1.0
13157584843849389068	17091136367902127249	1.0
6482693393967951113	17112932128705652249	1.0
5176870820248780249	17113532217315328714	1.0
5176870820248780249	10903025054808415175	1.0
5176870820248780249	10890341943392031169	1.0
5176870820248780249	17110733947278634099	1.0
12484134662882968522	17095888186606380249	1.0
4660109445078407249	17115507223643628875	1.0
2043037920467773640	17096088606938495249	1.0
2282176369588061249	17099086236466931614	1.0
13366666298211293876	17105272479785058249	1.0
