4874365950382936164	17112382750895717189	1.0
1368403818826166422	17099656509330053164	1.0
6977920570003664783	17097172648133448164	1.0
3761586213042443513	17103349433907783164	1.0
2202488284997506907	17097172648133448164	1.0
4537533951941336164	17119682159630731028	1.0
9961405617683085164	17092874085926248681	1.0
9950747983668522164	17117700543228721896	1.0
9950747983668522164	17099301848116809477	1.0
3166796116497510164	17111423328235196242	1.0
3166796116497510164	17092520949415274184	1.0
3166796116497510164	17119114850168977978	1.0
1764801027229602164	17094182960015371130	1.0
3357544272661015164	17102002274421627324	1.0
1303540488829542217	17107787771596369164	1.0
819018368054850585	17097172648133448164	1.0
13010127129729171164	17099207053928842796	1.0
5735677295793730550	17094129109798444164	1.0
3694669024722459355	17103349433907783164	1.0
3940627817483049164	17101977720103442055	1.0
3940627817483049164	17113404300322713818	1.0
3940627817483049164	17102495835011809509	1.0
9821604998247239611	17107787771596369164	1.0
5992830092300416868	17097172648133448164	1.0
2053135749776861628	17097172648133448164	1.0
3989625848680524902	17107787771596369164	1.0
7135834388575619813	17110362853511129164	1.0
5088828798296710618	17112226229389891164	1.0
5082101462744965164	17110720804672810715	1.0
3153809814251926499	17099049179524934164	1.0
4801375078568905139	17107787771596369164	1.0
5971351793389861164	17093107315526886955	1.0
7560899308471720776	17098523999521101164	1.0
7710345448634923075	17113346348396483164	1.0
1669296020547091249	17109197113528004164	1.0
5738347377944552608	17090519348602414164	1.0
6974543373308012152	17097172648133448164	1.0
11738640290655706703	17110515505290426164	1.0
12555677443831717164	17103114318954276965	1.0
2398021756609303164	17112204149030034719	1.0
2398021756609303164	17118206954285817030	1.0
13537584184111681321	17097172648133448164	1.0
11408373867449220164	17093497603499062752	1.0
3440310993319174632	17112647849197541164	1.0
10449460743005469583	17107787771596369164	1.0
14747293767863311164	17118180785106576447	1.0
13395617123011017117	17095865985933082164	1.0
6579022888637393164	17108080439242023431	1.0
6579022888637393164	17104594300175502583	1.0
6579022888637393164	17102093933383704248	1.0
