15502794385366371088	17108327618793209676	1.0
1753455317284677229	17095869117018372676	1.0
5338774607569949676	17105423993366647240	1.0
9833969487131604676	17105082874140471292	1.0
9833969487131604676	17098181239504749381	1.0
6091972106252687009	17111335844154938676	1.0
5239388561954497291	17097368825098468676	1.0
6446670653178693191	17111335844154938676	1.0
2104352694912070340	17094345816595105676	1.0
3229960547163932473	17111537690356636676	1.0
2817599942807950898	17115671905568451676	1.0
9716468078796037080	17090562500054502676	1.0
2039401290248155064	17111335844154938676	1.0
5705136873395801555	17111335844154938676	1.0
4870338997669282312	17102951410743219676	1.0
439409217655170215	17113173918255759676	1.0
14786180066913124070	17107320118367314676	1.0
1349629486505083228	17111335844154938676	1.0
4837987467630926398	17108574686853374676	1.0
1650103388281198493	17111537690356636676	1.0
5169403432551701209	17108574686853374676	1.0
11522570920726961676	17097746219599060587	1.0
6492208185690257323	17112243847452371676	1.0
1671891217371065394	17111537690356636676	1.0
12196867441637192433	17116759670533195676	1.0
3975050756222646608	17111335844154938676	1.0
5935914731730191486	17111335844154938676	1.0
7780817469950260025	17107508186389346676	1.0
5341950765756830092	17106673270503781676	1.0
15249442806077997510	17096616540007532676	1.0
3808837052909035011	17112956794909808676	1.0
12092797166804162926	17111537690356636676	1.0
1564417481098712676	17092494715776665826	1.0
1564417481098712676	17092863507384488193	1.0
3480103570102851807	17111335844154938676	1.0
13099500221331802643	17107880014605100676	1.0
5604862271599803676	17121129129738664743	1.0
5604862271599803676	17098490172348695314	1.0
1356582322267718676	17094361987145178989	1.0
1356582322267718676	17112114573177789029	1.0
1356582322267718676	17090936282639037370	1.0
1356582322267718676	17115383704801607203	1.0
9666269100392787688	17100825912918835676	1.0
15628905010796588530	17101140708321270676	1.0
11209819448269005100	17098453385898183676	1.0
5461452428421318685	17111335844154938676	1.0
6708695595770838183	17116221854664508676	1.0
6350888620296157676	17115708889631591405	1.0
17238915899642238676	10895439923540704725	1.0
17238915899642238676	17103454832465372852	1.0
