3401391625450268338	17103538975154019266	1.0
15358340032403465266	17111394027936634325	1.0
5852807917155918266	17105597054865342774	1.0
5715448961977608266	17104118559536793124	1.0
5480804414874305474	17094595770776759266	1.0
1805861916866601995	17091446911213147266	1.0
934513895904747566	17103709661472551266	1.0
12644266397226745131	17104563629772987266	1.0
4431504803055264850	17099076328074688266	1.0
568173109745564039	17096272951142542266	1.0
11278283991529285266	17102217684202522660	1.0
10774462867965356266	17118909464886136144	1.0
5281197540637818266	17100263298056798630	1.0
13909635747578852265	17114253445342857266	1.0
2560297085051068266	17099783588808080191	1.0
2560297085051068266	17103295660984555546	1.0
13072958646597251266	17101070056164932845	1.0
6739690279358549881	17099866026394877266	1.0
6280080262529341266	17105121172351814720	1.0
634610327214486249	17102504725544510266	1.0
11279711539837444266	17106168388418927959	1.0
5587787643858507423	10896319352557198266	1.0
2186695905407537551	17094595770776759266	1.0
3124208586798559129	10884499550857417266	1.0
6930994573775715964	17107856254754112266	1.0
4609601977053106266	17110455423005198604	1.0
4382629711723323344	17108875201454977266	1.0
4596498881649483266	17107263630843213405	1.0
12816876602075495098	17095719325726034266	1.0
12917213867347875689	17094275911734749266	1.0
7635528252354072224	17103312720515137266	1.0
6403847484218859601	17093176516076562266	1.0
2579732547527494771	17107749975788196266	1.0
4370170153229942392	17099838203640877266	1.0
5701683844945165266	17102994832801320806	1.0
3580235243580688266	17104213662972475606	1.0
4905156729892722266	17109293728841321311	1.0
4905156729892722266	17118412743389189618	1.0
4905156729892722266	17096594549877738758	1.0
4905156729892722266	17115607889121775919	1.0
14279581303836588910	17097368502942457266	1.0
3645303887628109266	17092587048948872025	1.0
5012311210037090012	17103312720515137266	1.0
115258414996413513	17108875201454977266	1.0
12559705943926723218	17107856254754112266	1.0
351185324221148967	17107856254754112266	1.0
5831039442774532948	17104657487669415266	1.0
5876372908837898266	17101531601992609885	1.0
5876372908837898266	17116954906825574785	1.0
1225251335375460266	17109472150275365934	1.0
