16326092049621642996	17096981822733764038	1.0
16326092049621642996	17113353851591045889	1.0
16326092049621642996	10892595409656439840	1.0
16326092049621642996	17096922449105633464	1.0
16326092049621642996	17110909405299990558	1.0
16326092049621642996	17107348989056443028	1.0
16326092049621642996	17108139331779215222	1.0
16326092049621642996	17118400377959833793	1.0
16326092049621642996	17113323932845731064	1.0
16326092049621642996	17110820344857794697	1.0
16326092049621642996	17105725152130349023	1.0
16326092049621642996	17109970512541267160	1.0
10946008751368613996	17118201740141908098	1.0
10946008751368613996	17099661087832104581	1.0
10946008751368613996	17100961887392013802	1.0
2208437326607065749	17111456635733455996	1.0
12125707883941104871	17100385124850392996	1.0
2776832859598299996	17104210519067992687	1.0
2776832859598299996	17099176555280317335	1.0
2776832859598299996	17101073818618975439	1.0
2776832859598299996	17112064962036307643	1.0
2776832859598299996	17113200607148062235	1.0
2332691391104259667	17105219754738995996	1.0
17305175509526893869	17097985745513606996	1.0
10470051511731815996	17103233272125610673	1.0
14207471505738410138	17111456635733455996	1.0
12298893834495028996	17102977176269587497	1.0
3402162732755084262	17111147453980316996	1.0
8054750986067527639	17111456635733455996	1.0
6354040441422640996	17113688996466740300	1.0
1795408256601132245	17103600625154626996	1.0
3596709592005426640	17111456635733455996	1.0
5597099578379362059	17096869389140626996	1.0
8020759159286337996	17110678258821553999	1.0
1514981273110071832	17103674863591693996	1.0
4687359612022870311	17103674863591693996	1.0
2245805718867419266	17111456635733455996	1.0
6641291676606324996	17106672948310204405	1.0
2475864041069235180	17097789499999736996	1.0
11594799485162055996	17110122137828354002	1.0
3751448242774956524	17111456635733455996	1.0
11892588386837298560	17104005412830163996	1.0
2860755009128875422	17111456635733455996	1.0
4449076987138213996	17112327010812902545	1.0
2561798175410987996	17099925073620657932	1.0
2212597779452632996	10904478171196589562	1.0
2212597779452632996	17112996896933321915	1.0
2212597779452632996	17091878731531365066	1.0
2212597779452632996	17118930029241650474	1.0
10098681997940509199	17113188366492607996	1.0
