3025378444682125372	17105829571337610695	1.0
11490481266052907372	17100167318322578761	1.0
4563891137699369284	17115860351473107372	1.0
5138697738853933372	17094460062742442435	1.0
2239495248831656287	17099229653982960372	1.0
3823616752355021980	17095285396542596372	1.0
5656741968444156013	17099557360100877372	1.0
12105203460295495971	17116495062025448372	1.0
17777591544597965372	10410994609464422548	1.0
17777591544597965372	17104902021752034038	1.0
13735612863436984457	17101206704755960372	1.0
2544373889837959823	17107216764324483372	1.0
3869110229493498372	17108584595436229265	1.0
1981629588292795235	17102624413309114372	1.0
53395406730414881	17099557360100877372	1.0
5304797763117867372	17110733612302798653	1.0
4551180042186518382	17099557360100877372	1.0
2588428445719743746	17115860351473107372	1.0
13919251505525258372	17113065453161507527	1.0
13919251505525258372	17102041814017523047	1.0
6067184930029138119	17115419821111067372	1.0
3380387184892343176	17115419821111067372	1.0
17702476547611539372	10890344799568716539	1.0
5587237070082857447	17099557360100877372	1.0
5648900479369893372	17103150267751010120	1.0
5648900479369893372	17093324370282685208	1.0
7423863364543623372	17090480904360315077	1.0
6287786284249804372	17106700861373883565	1.0
3307680213008314807	17115860351473107372	1.0
6629841177547459372	17120713763452115508	1.0
7909846585126407097	17102624413309114372	1.0
1643806338687857372	17103994885939663494	1.0
1643806338687857372	17104859063380084511	1.0
1643806338687857372	17115147880861184498	1.0
1643806338687857372	17110634033525318726	1.0
1643806338687857372	17091345468480606265	1.0
11923190128384489372	17112201185471781805	1.0
11809047949388358165	17104517776736335372	1.0
1293414664690514884	17102624413309114372	1.0
7359982967443533189	17099557360100877372	1.0
18338966202615852372	17103312372618262959	1.0
18338966202615852372	17108316963022547211	1.0
10584326573075884372	17114586258144269866	1.0
14067738046202856372	17111598524187623349	1.0
4134243719341688372	17103072107950317643	1.0
6451142572878417557	17099557360100877372	1.0
4867657086651552262	17099557360100877372	1.0
4334353014345401743	17104425374839986372	1.0
5492951832021026243	17101087545284581372	1.0
5595063244585651321	17099557360100877372	1.0
