163515052755608806	17094412160917234127	1.0
3940189555309278032	17089808505719577806	1.0
4267826595522241806	17111586485373845230	1.0
4267826595522241806	17114064793296570840	1.0
4267826595522241806	17096630833771323130	1.0
4267826595522241806	17099898543643215210	1.0
5888656660893536632	17090464811082411806	1.0
272768008458099825	17105922059247592806	1.0
315820468514672806	17092739095101530992	1.0
315820468514672806	17093473697762295794	1.0
5745467795050486848	17101313743968587806	1.0
3475712511419396541	17097384918332457806	1.0
13497370491182523600	17101193317420806806	1.0
5411137746911223291	17100474107872234806	1.0
5828034266936665313	17100474107872234806	1.0
14189003471968636030	17105949027318864806	1.0
4633000732805774806	17104855339639487960	1.0
4689959329055301249	17101193317420806806	1.0
11252611935902518391	17097830714451147806	1.0
6791675896924151943	17113164254523232806	1.0
13689942716276374757	17112443752278721806	1.0
11880543241850820507	17111224638757365806	1.0
2893359639219748806	17095302340220322603	1.0
10100703149677738535	17107971896808049806	1.0
12560806189757924617	17097384918332457806	1.0
5386454462537433756	17111224638757365806	1.0
4207982766950211275	17113166260301603806	1.0
11721427901874179806	17108785342204391230	1.0
11721427901874179806	17109293728841321311	1.0
4188866524899203484	17106176793722817806	1.0
1562319072192764331	17109809580254940806	1.0
6415798737638955806	17092282406861266542	1.0
1457402011602900498	17100558186191176806	1.0
4644781610950991287	17118246781569861806	1.0
676886519431663445	17100932264983140806	1.0
4926013370132779443	17111391803098627806	1.0
12950727132578642806	17110975981696441227	1.0
4923291708629747573	17101193317420806806	1.0
6720449491415504051	17116014433502878806	1.0
9462621143830345806	17100404954544332685	1.0
9462621143830345806	17112240188105670974	1.0
5369355363448930553	17100558186191176806	1.0
5702911331205437806	17111790590888456994	1.0
6200203237393408202	17100563219921093806	1.0
6646357337464660752	17100474107872234806	1.0
4524706969724473806	17093729845270448235	1.0
4524706969724473806	17097978603065427166	1.0
9946366085450092806	17112839756871898460	1.0
9946366085450092806	17091486558062679284	1.0
5869153025210440806	17115744512037929365	1.0
