1950235170314089995	17099222876617264143	1.0
2707822506691713098	17114714707735838143	1.0
1586860446476720104	17100411384288802143	1.0
5385363011501187495	17103869734805722143	1.0
5665506569508600143	17115131010367144901	1.0
16719056453078288143	17102627724862246168	1.0
16719056453078288143	17106273821378259218	1.0
6231526408454076397	17100411384288802143	1.0
7187154274315027915	17107315797568762143	1.0
1268959516589959143	17113184410711810268	1.0
6780877585411708973	17115672940777916143	1.0
3419861061371467176	17090589107448730143	1.0
5331366345179228199	17095385280295939143	1.0
13649371248235218932	17096380729188820143	1.0
1028127419437906602	17118605621741387143	1.0
12819639954437669174	17100411384288802143	1.0
13308875104757225143	17111609789948476358	1.0
2635923925463437143	17095222088713278432	1.0
4514119394380878267	17100411384288802143	1.0
3941616038036971143	17098844876426410357	1.0
4884041978850461051	17111178175773381143	1.0
8770844231626661692	17101389674664763143	1.0
11949611069112504887	17089384356168190143	1.0
5790775661965124143	17115962473089065931	1.0
16421752144057799544	17096117477734802143	1.0
7168219941160023499	17115709701206199143	1.0
3662516540604374242	17095328328992236143	1.0
4893457151629636224	17111178175773381143	1.0
1167639953766675143	17107057983573722898	1.0
1167639953766675143	17104118108511468464	1.0
15234178763186815143	17114646241620087112	1.0
15234178763186815143	17107267754071203207	1.0
8189075285682962625	17108059415371522143	1.0
599850312347712440	17103300445453721143	1.0
2614161355824174143	17097706856109530126	1.0
13037014632177175401	17099222876617264143	1.0
5861123592778442011	17114714707735838143	1.0
7612484450478243143	17093901601015249035	1.0
6658938953959982143	17100616876842217421	1.0
6658938953959982143	17111077432993110671	1.0
13987764178711031023	17100051607780200143	1.0
9981758268518049054	17107315797568762143	1.0
12484301655660484840	17119882545582647143	1.0
8874139728534145794	17102154380723511143	1.0
2812781546730709143	17109970512541267160	1.0
2812781546730709143	10909486313512580045	1.0
5339669289176506809	17091414273773561143	1.0
3651333664992697143	17104633972670562297	1.0
2221304914860610143	17107729540349280878	1.0
2221304914860610143	17113423962668383062	1.0
