3436996129881991448	17112615211742635907	1.0
6841609535820977624	17112615211742635907	1.0
4806651932809644907	17117014838806245696	1.0
4806651932809644907	17103726875629799682	1.0
12550670367857960907	17116999196560108857	1.0
10514746140575627907	17106537979033724011	1.0
17252726049837261836	17100275933783810907	1.0
12444612786577786870	17117691631229784907	1.0
4476928203919093966	17112615211742635907	1.0
11200622753104554239	17104460885576788907	1.0
4613114345163074907	17093193064632735336	1.0
6621954896078382389	17095311887814636907	1.0
7182241480699988194	17112615211742635907	1.0
5451165796766595526	17112615211742635907	1.0
3917618231648579502	17115112138174048907	1.0
4045788248875683620	17096554168581733907	1.0
5204258401047370907	17115744885766976927	1.0
3032728554078400907	17106537643904756659	1.0
3032728554078400907	17102268536551095007	1.0
5751731172881324907	17092647071093311224	1.0
5191933159223262907	17111706680101336450	1.0
2896503155257015821	17114164011249212907	1.0
4031679605117337936	17105012140221302907	1.0
7776755981304084907	17093802168174822553	1.0
17834560837218789338	17111142411598290907	1.0
1794050067797015907	17097292662384115465	1.0
1794050067797015907	17101557358826045739	1.0
6253405117453419414	17098401150493929907	1.0
9623232458130937016	17104782707475127907	1.0
5607025196649590626	17110961687959588907	1.0
12159431569769931466	17112615211742635907	1.0
3955872930447490907	17099700528562173148	1.0
3426373581208025405	17096556213026096907	1.0
1926727370692682864	17109032019279004907	1.0
2174871589482229907	17106051668389383680	1.0
12950378587025318823	17113143806248659907	1.0
4169545285455972907	17111634988549097256	1.0
2259883302301598270	17112615211742635907	1.0
5475749246781278907	17095279740096648240	1.0
5938528708658417069	17113076061726896907	1.0
13932174624118189907	17112638404640050832	1.0
13043335401751584907	17102678937929532308	1.0
5766458151699483858	17112615211742635907	1.0
17360630239616115824	17105113424260376907	1.0
17548609559653628354	17101575195804490907	1.0
268486848585015105	17114105475135029907	1.0
5577067606522820963	17112615211742635907	1.0
5547562886959088907	17107938795565758961	1.0
5468760776506504907	17114066193360139297	1.0
5468760776506504907	17112687483064370808	1.0
