7581431077539441771	17111165123322757004	1.0
425977167062549004	17108978972164089667	1.0
1152692703046620840	17103969919246752004	1.0
5871532446086810842	17100889023276425004	1.0
9895435671953890315	17097862248113743004	1.0
9958920694359938405	17108790448801071004	1.0
5499324576022225004	17093998396732191211	1.0
5499324576022225004	17099384414527656034	1.0
5499324576022225004	17108316963022547211	1.0
8470340359087433004	17111709939988373452	1.0
8470340359087433004	17115650731403847484	1.0
6754145490197336004	17103970748130113891	1.0
8331151132139940832	17103409232856297004	1.0
7281495180992380822	17101902605515934004	1.0
7182623258265984447	17097478737579239004	1.0
1599173463636735558	17104825210455226004	1.0
4049883298146793004	17111646181233032328	1.0
4049883298146793004	17100857618424404393	1.0
3697581648492862004	17114471483682710065	1.0
414826803314776570	17105797956163399004	1.0
3172551677644532004	17113581231531341847	1.0
5262770464816233004	17089272489513793667	1.0
5262770464816233004	17115704555987569342	1.0
5262770464816233004	17109818664077717670	1.0
5262770464816233004	17116426660288454382	1.0
5262770464816233004	17114074237791257775	1.0
5262770464816233004	17095445289616289488	1.0
4122098283507535222	17117687645463760004	1.0
4420264678569413004	17107994986530279992	1.0
14999218724994562055	17110813266742782004	1.0
11889602231984598004	17096100650062405572	1.0
6239761625776042004	17114532824384693397	1.0
11631557044636959523	17102737431173558004	1.0
3641476365611391004	17113529369769622315	1.0
9483186099320176815	17116263481551761004	1.0
3496325008451038771	17116925632364930004	1.0
2649987288615801766	10890382440715486004	1.0
6432016314473672004	17096208831641247452	1.0
6432016314473672004	17112001735703055771	1.0
6432016314473672004	17106992502404413945	1.0
13220400397710754012	17100434396667156004	1.0
17681167397941682004	17110567379909625897	1.0
2823032650321010805	17104013345553539004	1.0
17793429792247653284	17103875567461547004	1.0
4861660981937527004	17109425605847702715	1.0
12237207823626421004	17119082668037434248	1.0
7833298516605753037	17097862248113743004	1.0
5979639795524734023	17108790448801071004	1.0
12951752379918777004	17099871601429859881	1.0
12951752379918777004	17104500296135029087	1.0
