7112451805642625163	17097560479413217091	1.0
12506738194651895443	17102810179327862091	1.0
729551331208522091	17116250506411154408	1.0
3254603995608280412	17110550900049358091	1.0
17720599690277438091	17112243718564022015	1.0
17720599690277438091	17115383704801607203	1.0
10513509614099834658	17096501817186666091	1.0
6180846462390013495	17095872003162376091	1.0
7751498258172715091	17095858989448463373	1.0
7751498258172715091	17111120949685860881	1.0
7751498258172715091	17100344314003827471	1.0
5012508165662360817	17104686259716563091	1.0
13536675196951848091	17109051578527050946	1.0
13536675196951848091	17114674983562273836	1.0
12280807101977335418	17095675139091347091	1.0
4995639411946199091	17107705179335568181	1.0
3055168496504286744	17097014679239545091	1.0
3608950681272858763	17109826008353713091	1.0
11666485026478980091	17110733612302798653	1.0
16747385052582361091	17105009099541954812	1.0
16747385052582361091	17094040968423930962	1.0
5280284374243449091	17103700165329977965	1.0
1061819699025884560	17121515874464864091	1.0
1689818491024119091	17099277620164203174	1.0
13592776240732739541	17099464730519163091	1.0
9888577892779127091	17110918016646143256	1.0
9888577892779127091	17107716058446274765	1.0
2996775394424122091	17107117473167478241	1.0
2996775394424122091	17098479555139092767	1.0
12304152816837700623	17119058594748604091	1.0
7323494088877272091	17096355929975907279	1.0
7323494088877272091	17107169279077966058	1.0
7323494088877272091	17093826018158355417	1.0
7323494088877272091	17105911360500164176	1.0
7323494088877272091	17098833039532741243	1.0
5466671081667698233	17097014679239545091	1.0
2645116621196037091	17102979804676501034	1.0
2645116621196037091	17110789996749839222	1.0
5475072450140803091	17097776447493320965	1.0
8675870244460786952	17101497663099627091	1.0
15787152103898375796	17108505288770270091	1.0
2899159828019919091	17110499128541360760	1.0
2899159828019919091	17106393775323302794	1.0
2899159828019919091	17105062717756075721	1.0
2899159828019919091	17108926934159679679	1.0
5087876056701217596	17116637693388642091	1.0
15451016130613164091	17096487046758432493	1.0
11765399990837382091	17103714068165112814	1.0
3344696115557379703	17094022109245395091	1.0
13452037660414563082	17116795748242757091	1.0
