2123507625440817714	17116887033495490993	1.0
3455399402618145993	17100420695775531817	1.0
7048765678001887692	17114764396125856993	1.0
10344651275244740220	17093216489361984993	1.0
2218766846392987993	17096550401924176547	1.0
4207151737682263993	17097845600878315244	1.0
13502467684609724045	17095662498946923993	1.0
15571921532283648782	17110710715870851993	1.0
5480290155216125738	17101736149628808993	1.0
5284612288528805733	17098143310748561993	1.0
13797633207439843993	17110426200044495302	1.0
4401486561611709209	17119446657867882993	1.0
1506195007064360767	17099438728810240993	1.0
17883599343285893122	17093924016434522993	1.0
5921879085711795993	17093176314155688796	1.0
12705735028480464540	17104433822969409993	1.0
6860938584328700805	17099438728810240993	1.0
1325745354072003993	17110671159129133250	1.0
1325745354072003993	17092948285713989259	1.0
6609890990602310993	17091878731531365066	1.0
5685572901447860522	17098143310748561993	1.0
8725317633640070683	17108527888905722993	1.0
3199970112519312193	17110548168497445993	1.0
2128754558512948195	17110710715870851993	1.0
14682399307130861911	17109951601835633993	1.0
5191224022926595944	17099844525935692993	1.0
2979276645811345993	17115830712166005992	1.0
1764226781572875993	17101487818912827702	1.0
1764226781572875993	17090085599819393216	1.0
1764226781572875993	17115028240289409254	1.0
1764226781572875993	17100745880595961094	1.0
5007304593339327927	17099773096295343993	1.0
2767799685781297401	17103363972252207993	1.0
7192947828670325631	17116366784111950993	1.0
10653857146798337663	17110548168497445993	1.0
2268589593163840934	17092437377933998993	1.0
5028694218873633686	17107591749264862993	1.0
16406203410646296912	17099438728810240993	1.0
4283648369502735785	17101945383268541993	1.0
3733663231321398275	17102421330218548993	1.0
4692579955899544993	17101132599415688119	1.0
4692579955899544993	17105383075157126151	1.0
5329115548329145993	17110484590137290190	1.0
15184228146767075993	17101035335557876814	1.0
15184228146767075993	17117546130652362440	1.0
1986429263387850977	17115738546382918993	1.0
2212711341850472993	17117403258583445639	1.0
2212711341850472993	17097065995616249563	1.0
2212711341850472993	17111395814735446475	1.0
2212711341850472993	17107395701167838559	1.0
