7789099326294960457	17095798567895035992	1.0
2400776487737175457	17101188970810645992	1.0
14139558390338670297	17114612027962366992	1.0
1865618082966125074	17113359452256803992	1.0
1792690759878752992	17099341636754135407	1.0
14640700496284865992	17103604224254235235	1.0
12229073721117288794	17101188970810645992	1.0
7313251322824414992	17115680585734412835	1.0
1763537517275710992	17100961887392013802	1.0
1763537517275710992	17096549886467776606	1.0
13529034888136588407	17107994986530279992	1.0
4852125617003175992	17103031365766902748	1.0
2327232286581879176	17107729862508201992	1.0
5012243935379231581	17101188970810645992	1.0
5357187623359331937	17115830712166005992	1.0
13321000643976018653	17117134281910518992	1.0
2137770594035893224	17120089498546789992	1.0
2171570449115452319	17112823483303591992	1.0
9310749511550181992	17096236121946872187	1.0
1800475356437953997	17113359452256803992	1.0
4116227722274488992	17112734268127755027	1.0
7989279124630954992	17113706623079476560	1.0
7989279124630954992	17100471221720880408	1.0
3707996688126978380	17115830712166005992	1.0
12171111433027944619	17101188970810645992	1.0
5020713168138758133	17118793406285606992	1.0
1571620192530893992	17109127238755646616	1.0
1571620192530893992	17112556469487094135	1.0
1571620192530893992	17111654418958204932	1.0
1571620192530893992	17113611755936174719	1.0
3397708938768020452	17115830712166005992	1.0
4135151599778438335	17101188970810645992	1.0
5167134637722788951	17092124193286657992	1.0
1880574021440620914	17111479038291319992	1.0
2715751880280321572	17102056717392490992	1.0
12189166419872822992	17096905299377114842	1.0
12529766804865155842	17120089498546789992	1.0
5085387870136638166	17101188970810645992	1.0
18237212768046663187	17101188970810645992	1.0
13880378301017233992	17114674983562273836	1.0
13880378301017233992	17111981622491514271	1.0
8957268969910295992	17118377078008285644	1.0
4937168778054147992	17111673552972970695	1.0
1030976461899332992	17110548168497445993	1.0
1030976461899332992	17113173918255759676	1.0
17606936709346760992	17115672086030440049	1.0
17606936709346760992	17109032328528697108	1.0
2790809301272910820	17106446964327346992	1.0
6212984068201031992	17110312241633580334	1.0
7204542127376824584	17110153456822792992	1.0
