9879095602535469871	17106197375132002747	1.0
12415426031599468508	17100438545612337747	1.0
13773458634212935870	17106197375132002747	1.0
5716447928548826216	17110386669085983747	1.0
14881620287456964747	17111670718299166921	1.0
14881620287456964747	17116933019700492822	1.0
939931108550410747	17106118313424533838	1.0
939931108550410747	17105566826698291516	1.0
939931108550410747	17096633294818995609	1.0
2358949662175689097	17108600366386239747	1.0
14146232310972658239	17118840260081371747	1.0
9509750374356174944	17113871979144324747	1.0
2029707437402553747	17105922948252664023	1.0
3952538291838097747	17096739595144087784	1.0
5657323713721469747	17113313388866830701	1.0
15042243222034151004	17098574821869619747	1.0
4732948409720222747	17115115269238148652	1.0
2360847234657315861	17109597804000113747	1.0
16883538565084719747	17110763299116863940	1.0
16883538565084719747	17098590837780064599	1.0
8570111988075082237	17099339021072050747	1.0
11250917858345811948	17113074562698708747	1.0
15982656457080385644	17113074562698708747	1.0
1083245426806247747	17108419913446803620	1.0
1083245426806247747	17099067974309669120	1.0
1083245426806247747	17118454043593862521	1.0
12817021248363152699	17107409462274060747	1.0
11792172430093674747	17102131870722108594	1.0
9585151687628731747	17099126974276995311	1.0
1976493814488567543	17097661385326234747	1.0
5269713802420328747	17118815731517271245	1.0
427026951295884206	17091682515974006747	1.0
6577147452261863747	17100236858208685115	1.0
6064941719924332115	17108803320851527747	1.0
99645277070107429	17108760053305196747	1.0
736570987174288747	17110122163613959171	1.0
736570987174288747	17120628761820927453	1.0
7249596901500317486	17112547870913324747	1.0
5572091177880277747	17094580321888142537	1.0
1793380615286226787	17101455245898942747	1.0
2937015627689142747	17091878731531365066	1.0
2937015627689142747	17101182657261958185	1.0
11935376410755073863	17098790261632145747	1.0
5993016238677068747	17100150228769093199	1.0
3080549105476489647	17091682515974006747	1.0
14195860588449495747	17093911638370235939	1.0
2323220198565701046	17108200852980946747	1.0
12810041982359203428	17100438545612337747	1.0
13780767461426467747	17097408695250883980	1.0
869925512969610747	17115801209776226336	1.0
