13198317810850252404	17116569351934418248	1.0
13041012825986466757	17101057858408924248	1.0
3903289980684203892	17113508702467395248	1.0
3344525704813169790	17117883620411090248	1.0
4149961946874522782	17112512553510647248	1.0
10443484767266384411	17108253011033882248	1.0
6296496087939668978	17120787920373275248	1.0
836318960369024248	17113565486085394246	1.0
836318960369024248	17104318348397986658	1.0
836318960369024248	17108833355553199502	1.0
836318960369024248	17097469851275203171	1.0
2874128983245467248	17104714198430553809	1.0
3699031127357980335	17108571877988473248	1.0
2967576811580076777	17104636236254336248	1.0
11797078300959375436	17109040596267378248	1.0
8698992988946654546	17103563361857019248	1.0
4999782852293318248	17108383075471133377	1.0
12881482905806574127	17098146531974629248	1.0
2312859265554303248	17103769911282085048	1.0
2312859265554303248	17093914601892168875	1.0
4406930093090515248	17105494465056975977	1.0
4406930093090515248	17098623797285755349	1.0
4406930093090515248	17115507223643628875	1.0
4406930093090515248	17119041767113456768	1.0
13695746767737000843	17117267077940136248	1.0
10224129244521668248	17110151206155730341	1.0
10224129244521668248	17106095790662162552	1.0
577986251398574248	17095481586369307137	1.0
12006839530295000248	17113369528267150830	1.0
12006839530295000248	17098623797285755349	1.0
5901125599621143248	17104902021752034038	1.0
5901125599621143248	17096594549877738758	1.0
13761558284895574866	17098293449870710248	1.0
5880650218510458458	17110173003143868248	1.0
5361450531368502728	17115937222869041248	1.0
11601331079323605775	17098044573762064248	1.0
11610285873150902704	17092722692642702248	1.0
14176458422145262635	17103464431689327248	1.0
5935344016609484105	17091901743870939248	1.0
4546287887591207539	17106397164263952248	1.0
13876268408741801125	17091901743870939248	1.0
4401486341557536458	17093240974923613248	1.0
6206110900506115248	17113770162927997745	1.0
18160951107744235257	17097464499726978248	1.0
2908784551896393913	17093597306965574248	1.0
4099723662323593488	17108253011033882248	1.0
1700016319524895316	17118176009015898248	1.0
12119205683728423054	17108571877988473248	1.0
12275345549955787300	17114514626674584248	1.0
2600754513707815248	17093370940640471218	1.0
