5528888854705877865	17092736247531513420	1.0
5528888854705877865	17108690706895856728	1.0
13527485161214473807	17109684184334203865	1.0
15336567675162565865	17094937199252730049	1.0
15336567675162565865	17107558519145131013	1.0
15336567675162565865	17108445902177822323	1.0
3163350083243235304	17104751543232523865	1.0
535241001566565991	17104751543232523865	1.0
5736809941894014865	17103772578411020555	1.0
2330212947522708865	17099710720329788264	1.0
2330212947522708865	17097636912711510396	1.0
5975738307601840612	17104751543232523865	1.0
8831854051712419852	17111309511514020865	1.0
737674226291227280	17103359097631525865	1.0
13201743197740826650	17104433238898999865	1.0
4913415937076364865	17115799642291823553	1.0
4913415937076364865	17103110513423759731	1.0
18035080655270851038	17109684184334203865	1.0
10955588765508734865	17104329292028034459	1.0
1290153869718925865	17111714750241066455	1.0
1290153869718925865	17100471105755255639	1.0
1290153869718925865	17111596118950430076	1.0
1290153869718925865	17113743684341335066	1.0
1290153869718925865	17116781067913820225	1.0
1290153869718925865	17102001458495058396	1.0
1290153869718925865	17116306607291396850	1.0
1290153869718925865	17099439076707115300	1.0
1290153869718925865	17096667362496511113	1.0
1290153869718925865	17114069788193051618	1.0
1290153869718925865	17099438612844616224	1.0
1290153869718925865	17103014649763190217	1.0
1290153869718925865	17096637675682445826	1.0
1290153869718925865	17112103771259609387	1.0
1290153869718925865	17102578946816197385	1.0
1290153869718925865	17116514582380981256	1.0
5127013458760141865	17107369622100966065	1.0
5127013458760141865	17095296078088813056	1.0
5127013458760141865	17110408878505488681	1.0
4866830215605996914	17104751543232523865	1.0
5108784617098905772	17105362833057550865	1.0
4906266622568284880	17104751543232523865	1.0
10094546145415272500	17104751543232523865	1.0
14588535703257040873	17108018578768660865	1.0
4192238190731777865	17111225325911658407	1.0
981637052988540833	17104751543232523865	1.0
15316933634435047622	17104751543232523865	1.0
6010796940870896865	17094451305392045402	1.0
6616637588661180865	17103770143225445637	1.0
3019239529962004869	17104751543232523865	1.0
12431465525901716475	17102907314216285865	1.0
