1582164148604817988	17113584633044619627	1.0
1582164148604817988	17104862310362774765	1.0
2341116609283215988	17093810367324876968	1.0
1932865257210907988	17098623913251380118	1.0
1932865257210907988	17117178197821054472	1.0
1932865257210907988	17107224563857886297	1.0
6139434323676799800	17115341923300745988	1.0
3716482370741490626	17100092757761994988	1.0
3650125533580473988	17110911617221565606	1.0
4551179353412200988	17109542424716207678	1.0
4551179353412200988	17094414321388167616	1.0
5374903024570968321	17096881784432558988	1.0
5263108968481639256	17107372585663020988	1.0
3455778091038890158	17109598048735812988	1.0
12671368316321466988	17100120258451046722	1.0
4853574490366641988	17104623355615668087	1.0
4244794469784650988	17103770143225445637	1.0
10792340348576928583	17094487486135602988	1.0
7291626441280818988	17115607889121775919	1.0
3878014076445833026	17108604850494112988	1.0
1782628598653668988	17097425729079702780	1.0
5653099965824761269	17102494765540594988	1.0
2141048142717733011	17098689806777465988	1.0
18138456144195879184	17093554348612190988	1.0
18409424913447941077	17102254006881364988	1.0
3917591541513336119	17111990457187681988	1.0
2482925729827407988	17114975425129283764	1.0
6658087360341776988	17110889704272301506	1.0
4040273202488441988	17093344513570640518	1.0
605565112508096988	17111214859117544582	1.0
12456270339615034988	17095245723804950961	1.0
3027936486405693988	17110458876124000594	1.0
3027936486405693988	10884182865765123048	1.0
3027936486405693988	17115507223643628875	1.0
8045466165954170988	17094592936205025674	1.0
8045466165954170988	17102727587141510965	1.0
7395117462576937491	17118055195930643988	1.0
5662225713897443988	17105091485537749433	1.0
5905661463129329200	17113931752296909988	1.0
3261626657034424988	17100293216802113455	1.0
299832087220225413	17105374528166680988	1.0
3367579589603787988	17096594549877738758	1.0
18233283451038559372	17111211019383155988	1.0
5336234195885922988	17118224842791583538	1.0
7574239696259885821	17113298979036651988	1.0
1198205921507741988	17108679076007653006	1.0
14960113941113898312	17107627723873507988	1.0
4067546321176099988	17105385884189235732	1.0
4067546321176099988	17097660431839260422	1.0
4067546321176099988	17102224165388569310	1.0
