5847736785661200697	17099044948930852003	1.0
5847736785661200697	17112157557203873677	1.0
5847736785661200697	17107851740759535403	1.0
5847736785661200697	17114793073701076682	1.0
3860034204065958090	17092013752417987697	1.0
12505967819706231094	17102478182665010697	1.0
3019268121780925649	17095681723171642697	1.0
7506257257741859697	17094246512596379689	1.0
7506257257741859697	17118529085391745136	1.0
6846072590868998173	17117194316892934697	1.0
7842953479636970126	17112357161520618697	1.0
2939973036979763394	17106128041604495697	1.0
5429970002358293993	17106429294901193697	1.0
11045883958889659901	10893178425624703697	1.0
14379373834597554516	17112756739459545697	1.0
3733135658090702499	17098772179875813697	1.0
1859111249876994697	17097857927431972481	1.0
1859111249876994697	17100430969228506462	1.0
5753229103228107117	17108148127916843697	1.0
14745464970552695756	17092013752417987697	1.0
10400427080218651906	17099325015229367697	1.0
6183703623112898825	17092013752417987697	1.0
5211598909635818697	17103474323053043099	1.0
5211598909635818697	17118683377817842122	1.0
6088783239345716697	17113677352821063305	1.0
6088783239345716697	17093073230699400614	1.0
3149953322579613697	17096163348009090668	1.0
3149953322579613697	17103792872093085041	1.0
3149953322579613697	17101616642232553945	1.0
10310770060123562094	17102325178682645697	1.0
4746936471737396629	17092013752417987697	1.0
298843338897793697	17113369386519470604	1.0
298843338897793697	17112331344478227871	1.0
4923340152890062407	17099113324789075697	1.0
1968087721017207068	17110863986010153697	1.0
1142168358033725697	17112605200161064192	1.0
4498147377034900480	17117673845723236697	1.0
6134655263646410697	17114674983562273836	1.0
6134655263646410697	17108110345054941438	1.0
755168471448618445	17098737162922155697	1.0
4763995850122542133	17104824862558351697	1.0
1953215576589761697	17119082990166095140	1.0
1953215576589761697	17108839475856335418	1.0
6574692478238015697	17096839934184304861	1.0
1731406440759027097	17099113324789075697	1.0
16321845498973991039	17118999388615773697	1.0
5503826268248491092	17117253986942695697	1.0
8957967237247535697	17104902021752034038	1.0
8622020208403284313	17099935914135834697	1.0
1728045701298878697	17109664251417012336	1.0
