10908688203804380612	17099121111689570096	1.0
6745077653803256225	17095233148297795096	1.0
18294406673274337021	17094650600439409096	1.0
3426537243781402096	17116689589550758710	1.0
4299979051945277096	17110740312426576765	1.0
5466657514194730096	17108439434137317552	1.0
5466657514194730096	17097805593227191161	1.0
1854036381595079541	17110399966358369096	1.0
9000466195478623526	17119600370500856096	1.0
13493163952300226096	17097442754273119195	1.0
1562844668242856096	17094523499433162174	1.0
5778157086618325096	17116585148841926571	1.0
9302636159614141191	17113148281550366096	1.0
4324486551387195090	17110660189849176096	1.0
8015234109877970096	17104143204044365160	1.0
908135341247778265	17116989726249040096	1.0
6818681084605837096	17091868926169987297	1.0
5740281419300499096	17098339577917374268	1.0
3577260073910057149	17108223491613256096	1.0
4995636716168298096	17093529334646909040	1.0
675741515186295265	17107087464206837096	1.0
5706928983830893096	17092163865870681615	1.0
5706928983830893096	17094427141714827701	1.0
3739553241664457096	10415513460463626943	1.0
3739553241664457096	17104954914201729621	1.0
3739553241664457096	17108880922206890179	1.0
3739553241664457096	17118815808895472813	1.0
2534667266292682426	17106616327753332096	1.0
11378405814776334450	17115679164068164096	1.0
1444531310465660096	17101785266923626234	1.0
1444531310465660096	17101021286690856277	1.0
1444531310465660096	17093944765414616565	1.0
12565990151592045572	17101317613742408096	1.0
3407664064573291112	17115679164068164096	1.0
3394889339469091879	17106243335712494096	1.0
4780085559653039173	17095086797327445096	1.0
3876990317368493096	17095414258418850581	1.0
4529642387543595081	17101097208913187096	1.0
10740575210612221617	17110353232805001096	1.0
2521971875132653096	17120336811439692286	1.0
17471950371411944096	17105422013433210416	1.0
17471950371411944096	17111035033090327522	1.0
5598958144519394096	17108270109276774671	1.0
6184325654221813009	17100103405009686096	1.0
2881501054422581611	17119555561100353096	1.0
4595402429844915437	10885617329024475096	1.0
5822585409115229096	17102938809276833775	1.0
5822585409115229096	17112233642485425622	1.0
11733387799296536096	17118618493718911672	1.0
2666634732430702096	10908078500553795799	1.0
