6612894808295138304	17107221381261137919	1.0
11133876444580028438	17095565862196166304	1.0
1643683713723347673	17102398614032351304	1.0
6338999337368283406	17113515930806154304	1.0
3393932129073997304	17106757219957679940	1.0
13892835165539972645	17118167204297283304	1.0
2361114354815279032	17109529294882181304	1.0
5124119500980768470	17097743603928511304	1.0
6526142413360856094	17099847231690915304	1.0
10247307388602723617	17100792798738293304	1.0
1356936838312482304	17094434709615129615	1.0
14938288840562510316	17121195980921839304	1.0
10148091223727152304	17113525620262958178	1.0
14960578305602645181	17112358845061983304	1.0
6192295283938024304	17110416149751393740	1.0
6192295283938024304	17110140923955151340	1.0
2626685082034302304	17107655366186207949	1.0
6697050290398802304	17113998878348086267	1.0
6697050290398802304	17112036675358299145	1.0
6697050290398802304	17101938086101854613	1.0
6697050290398802304	17101219654144144900	1.0
6697050290398802304	17099353546614839394	1.0
6697050290398802304	17098355851520393530	1.0
6697050290398802304	17097977194254881555	1.0
6697050290398802304	17104422660319384910	1.0
4443583594931875185	17090948106609731304	1.0
3076402696803432544	17100393611709540304	1.0
1651441648426677132	17103041699521470304	1.0
15356690708315601684	17102693077080146304	1.0
12894169246953273304	17105664601724191295	1.0
9789993122011251304	17097172648133448164	1.0
9789993122011251304	17113062128875173191	1.0
13648465847587064304	17112342068963693618	1.0
13648465847587064304	17102727587141510965	1.0
148875020570272032	17096779177652993304	1.0
12761910264393841259	17099384169693274304	1.0
1208222704832295304	17102856526270281104	1.0
444391831188077371	17116287387280463304	1.0
6883773622245269304	17097338506874695718	1.0
2829998113033113304	17097988640397010982	1.0
2291185528830583367	17096677919428681304	1.0
1778137715644284304	17105181696943586407	1.0
6462581598505987246	17120969790818628304	1.0
6449032274926104859	17104646599892037304	1.0
7502472162687961304	17100752142636793922	1.0
18171576410675935563	17113058186072141304	1.0
5974242951498913999	17103472368854300304	1.0
5632128894496001304	17097469851275203171	1.0
146524647713608304	17110349118267221836	1.0
6147340097368648879	17095703481467146304	1.0
