14911730210901683720	17103538262201073940	1.0
15659358832012652507	17110763299116863940	1.0
5689118609458700325	17110763299116863940	1.0
304427680859931940	17113211095503961423	1.0
3276764656298823358	17099476228072080940	1.0
4852659443416486397	17110763299116863940	1.0
7282490466731859349	17117277540470661940	1.0
9756951336653753518	17110763299116863940	1.0
2411633259712793183	17110763299116863940	1.0
5234328918484655960	17105270241972465940	1.0
13898031850125979498	17104825949157541940	1.0
1645648099130785981	17110763299116863940	1.0
12180841304234216748	17110763299116863940	1.0
5161868374285139158	17110763299116863940	1.0
3807276616473460940	17093913618286338466	1.0
777524990981941940	17095570685520958831	1.0
5747241474499108828	17110763299116863940	1.0
6038855482081965159	17110763299116863940	1.0
4644607103893281940	17105820654998872645	1.0
7838269804483876469	17098653252245282940	1.0
2817732931295000940	17104403500422480677	1.0
4933716866109862189	17104980963094132940	1.0
5115502048815030825	17110763299116863940	1.0
6098212826844519021	17104980963094132940	1.0
14371334798352318048	17110763299116863940	1.0
2714936301177261360	17110763299116863940	1.0
4338672707944360484	17110763299116863940	1.0
5859440674499366940	17104087876327565579	1.0
5859440674499366940	17099183667743450999	1.0
5859440674499366940	17095945047781980730	1.0
11418809471495334940	17114436325069479853	1.0
3206792168085029633	17110763299116863940	1.0
15531619361419743206	17116598059451228940	1.0
1044976633051627984	17110763299116863940	1.0
13787145938757618940	17095600217659943516	1.0
14378010533750580940	17091878731531365066	1.0
6766019079717774416	17094113239834962940	1.0
5389572707448668945	17110763299116863940	1.0
5273834264016920940	17116168416720898390	1.0
5273834264016920940	17115267749206992729	1.0
2123493172133984940	17111855230101614554	1.0
2123493172133984940	17112515001565369618	1.0
2123493172133984940	17100355412262791627	1.0
2123493172133984940	17094484458154172267	1.0
10660507228216307996	17099415587570059940	1.0
1541050659758190753	17093748343607972940	1.0
1389726832593474396	17110763299116863940	1.0
5968096629708445204	17110763299116863940	1.0
7028382276512473749	17108544016520802940	1.0
4983414331915238303	17110763299116863940	1.0
