3307388911648888544	17103435582488573914	1.0
3861977935568414206	17109939116286197914	1.0
2123593351843981205	17092613737823446914	1.0
17372326721524808552	17102031029343498914	1.0
3352613281392809312	17108823563117489914	1.0
2291484483153585923	17101382897278369914	1.0
12376863018252979062	17102031029343498914	1.0
12418498077508686932	17114208932385690914	1.0
13766781922962541121	17114124712299640914	1.0
15359311553604959006	17115326130595766914	1.0
13289798642396712914	17095545370837237889	1.0
13289798642396712914	17107345810798896332	1.0
4115203694121585305	17100518397635242914	1.0
4226210338263657295	17102263618974113914	1.0
1397093384705882582	17093583777684607914	1.0
5015591188094017914	17102799158508595303	1.0
4152793533036768914	17115630798461948007	1.0
13898523682454475802	17102031029343498914	1.0
3790743453090177914	17105288014580520395	1.0
3568391763304995069	17112114817924354914	1.0
3279706521866010785	17111623490932790914	1.0
7097012965531864449	17102031029343498914	1.0
6812580765972201373	17117522409522940914	1.0
13151376679060543914	17107438453255310655	1.0
6341040317903958423	17102031029343498914	1.0
16102184438229047090	17101382897278369914	1.0
6910862558337055914	17093428141018987528	1.0
1403167971252373914	17108316963022547211	1.0
12985791912065058151	17109277519573007914	1.0
2275844320896557914	17091348225768102815	1.0
2307244693606279661	17097862119253522914	1.0
7208214426800616026	17102031029343498914	1.0
4458755425175207914	10903638024044461365	1.0
3738144798809345914	17117721923593139451	1.0
3738144798809345914	17097917820697683288	1.0
7837420679558140914	17095557813394784119	1.0
6754817093266640914	17102689752682875325	1.0
13765783586202016605	17098485864437009914	1.0
568845130499726389	17107207194953560914	1.0
5333016587467686328	17102263618974113914	1.0
14001998280512047914	17103848638034757739	1.0
3398013976395898914	17108070582264386294	1.0
7835359340474069354	17108138051910386914	1.0
1999037063338232914	17111502712102414314	1.0
5799982397269933266	17121220741497591914	1.0
2805286421561669915	17110309973959220914	1.0
2653470163441457352	17102031029343498914	1.0
2859693326601808622	17119462476327100914	1.0
13807543626502979543	17104869074961327914	1.0
5983047857403883838	17104197028599742914	1.0
