14372800894055081353	17112356349707292660	1.0
4599081868226465590	17120814128361086660	1.0
7398427115838315660	17106626781725188799	1.0
7398427115838315660	17105859137987297563	1.0
13747766960322540660	17103932716319260200	1.0
10073316544045183346	17104511213960973660	1.0
2355890137337242203	17096881432215591660	1.0
3225269618033390911	17098776114005605660	1.0
13002971503985257660	17092452277204285926	1.0
14215717399117782660	17097321717868560063	1.0
16094531716342798058	17094785685715399660	1.0
2865124387135696660	17103935396345908151	1.0
2865124387135696660	17103328427321187535	1.0
4125566914507986715	17095894603297618660	1.0
1333789157534672591	17104268316446852660	1.0
11963931739406444898	17114756660928810660	1.0
5181568588341607660	17104538924926933328	1.0
5181568588341607660	17095760849342875405	1.0
4761115822649904873	17093307156119528660	1.0
3673232426231280660	17113399279404265812	1.0
3673232426231280660	17110579835218266301	1.0
5948996750399353660	17097703209719907382	1.0
3273509831857604660	17107707597490219645	1.0
3273509831857604660	17113476490044412575	1.0
3273509831857604660	17101315079768117829	1.0
3273509831857604660	17115034966293269094	1.0
5936423895481876660	10894560473086301421	1.0
10628867513538192632	17094679136143614660	1.0
13590516439366401633	17115955424970996660	1.0
3372458043864495660	17101186810493356583	1.0
3372458043864495660	17107611076620847890	1.0
11578247702395358822	17095635118450115660	1.0
12387936594869431153	17111641379492947660	1.0
5148269041092458660	17094000067397429683	1.0
3761078549257113157	17105024389611665660	1.0
5696573130974062344	17111118295338002660	1.0
15089257110024867794	17110990391254407660	1.0
1984569741980684660	17099674488117490722	1.0
10878659685459442660	17091395242737123166	1.0
10878659685459442660	17110579835218266301	1.0
2608548254149188987	17112714635956524660	1.0
2734321342161163541	17108826049792693660	1.0
3861543257941248158	17097594083258396660	1.0
8029029635085631773	17105816570479487660	1.0
2076335921372764660	17110671159129133250	1.0
4159964705619537660	17098656628176807733	1.0
11069463556461362660	17116680157701193594	1.0
6161598441825784587	17095030619163669660	1.0
4010540006323435660	17115507223643628875	1.0
4010540006323435660	17101695910208653657	1.0
