12790668420290688138	17101177237031987697	1.0
3504413097451950155	17111631913322649138	1.0
5302574428718697138	17102368592167888963	1.0
5302574428718697138	17112026041029756661	1.0
5644792481051011138	17099282340473307297	1.0
10101266988995008138	17110611201495444976	1.0
116652288335538138	17112965543613479871	1.0
2506778446469161359	17094880698858726138	1.0
10310398111677654138	17115874980281093452	1.0
5617453552141786411	17112907990990899138	1.0
4577637335695716622	17112279873606318138	1.0
17529674366746675138	17094514196510233693	1.0
17529674366746675138	17118802357002056679	1.0
17529674366746675138	17103342849736947218	1.0
18175071762381750138	17097488543089904706	1.0
1686290590647203138	17115846650683136353	1.0
1686290590647203138	17112713519351236324	1.0
1686290590647203138	17112220500013838745	1.0
1686290590647203138	17110763299116863940	1.0
2164727731506063138	17099040718436283224	1.0
11749411435469290671	17110304347423672138	1.0
5126457421953932188	17113075945761272138	1.0
13971471718978615128	17115023490042413138	1.0
5816754973898498251	17101088395637840138	1.0
1750559692781803138	17114011269402698725	1.0
4964275030035937315	17097216010135092138	1.0
7035530542620651138	17110525542649439427	1.0
877056390221568138	17119299220265068689	1.0
18237396702182958138	17106700861373883565	1.0
8497646420906347538	17109131065543441138	1.0
6237679421630065577	17112750103785572138	1.0
139659090301516138	17095456310395042028	1.0
2325033816501359722	17113816458279637138	1.0
3258836758972098091	17114136081048069138	1.0
5548781618094163521	17112317360002763138	1.0
11514554774455320104	17090553227282002138	1.0
10624449591352905979	17097216010135092138	1.0
5944176904799190219	17107674573386756138	1.0
5587991922813456760	17118178495773255138	1.0
13525523142463474286	17113075945761272138	1.0
6031672122908894138	17106361949830144691	1.0
1799636411174440138	17093490954863270750	1.0
18113753365289323138	17110334150203362194	1.0
6591906733190447138	17103150267751010120	1.0
6591906733190447138	17098623797285755349	1.0
6591906733190447138	17109577415600055895	1.0
6591906733190447138	17097878109505059998	1.0
6591906733190447138	17111333786795811899	1.0
7252243232195345138	17104633972670562297	1.0
5190587121983824138	17112223270232882223	1.0
