4828318942018509062	17118845418331336532	1.0
5386687054612110176	17095696171557755532	1.0
2375414246775251717	17097044121292242532	1.0
12921636529132560421	17098120543108936532	1.0
5783814104019534532	17113805712194617654	1.0
13815857291665337532	17114273249528446506	1.0
2765308354804235532	17114032598253673922	1.0
2765308354804235532	17110514693597350691	1.0
2765308354804235532	17120942990190672911	1.0
2765308354804235532	17099862015044375537	1.0
2765308354804235532	17099802525450620194	1.0
8948321628916599532	17110443066356612658	1.0
4141726180309152532	17099898556596666498	1.0
2927195354212502532	17115515062039579829	1.0
5544040494349564925	17096583593276552532	1.0
7378172509359496763	17093960781413806532	1.0
8798136781104732354	17097289144893181532	1.0
5838653024697952532	17102149050612064168	1.0
5838653024697952532	17112897150520357214	1.0
5838653024697952532	17102427669469033383	1.0
5528624401000330532	17100263182091173861	1.0
12353837381773869181	17102937490655654532	1.0
13677311221020093659	17098709348889917532	1.0
17159638702671326185	17094553572837015532	1.0
2288206765477852430	17111332584217494532	1.0
13129631431588222819	17111342479689827532	1.0
13865664134723058532	17094929528449873599	1.0
13865664134723058532	17100401746276940251	1.0
2801074295418926405	17096282679339671532	1.0
6611247259897320532	17102416309304500224	1.0
6611247259897320532	17109290030889908288	1.0
6611247259897320532	17107739371627775828	1.0
6611247259897320532	17111905665907733675	1.0
7229482280909776118	17104189486574628532	1.0
2146622017341459469	17104189486574628532	1.0
8943603229553449409	17103468670848018532	1.0
12682476330221823921	17118214818319473532	1.0
13081954928093244355	17108714054308492532	1.0
17051688394862861532	17115597838829356985	1.0
75175228980238922	17118845418331336532	1.0
10635177272029264532	17097138292736495152	1.0
5110635589119031532	17100647504443522962	1.0
5946723557905535532	17108389346159508799	1.0
6640474902455517532	17111634872583472487	1.0
4074349747705904694	17108861934353294532	1.0
3291193370697553532	17110674238674668079	1.0
3291193370697553532	17099014703830772196	1.0
6353809925578624272	17119295586802811532	1.0
3874160247000010134	17104854832842366532	1.0
9874349980152164532	17091996834543145793	1.0
