17506063622247358059	17100192138981620746	1.0
14021748855153265947	17107019126919709746	1.0
6282676010354842111	17107068678104946746	1.0
3349349163424019746	17106796003470312882	1.0
3349349163424019746	17101956713405240252	1.0
3349349163424019746	17103072107950317643	1.0
3349349163424019746	17100647233698390565	1.0
3349349163424019746	17104905642346829938	1.0
3349349163424019746	17096654078103499770	1.0
9610259364087488426	17102169580576802746	1.0
14489118922217778746	17115142391959972394	1.0
12677214968761981458	17100266648068532746	1.0
4482638361514224229	17111784264413591746	1.0
6167283936355541746	17110759807265144916	1.0
2682007859254726746	17117658010217885013	1.0
2682007859254726746	17094116783177193529	1.0
18356988586264695746	17101156565375261655	1.0
18356988586264695746	17091748551114086129	1.0
18356988586264695746	17118263987150168432	1.0
18356988586264695746	17099606361372916651	1.0
18356988586264695746	17093753527737524859	1.0
18356988586264695746	17096240313772846385	1.0
2348395229795425746	17108797265004375431	1.0
2481360438633452836	17097217066789645746	1.0
3871681039610241746	10892904969495447663	1.0
13845311895472476746	17099107891701671377	1.0
2878494554227297592	17100192138981620746	1.0
5674845913148157234	17097146792420808746	1.0
6500433606171866316	17114666694276202746	1.0
2705514090106385789	17100192138981620746	1.0
1862557295884128746	17111372338357237650	1.0
18348753200810542986	17108826655399514746	1.0
2868853780360212818	17110336168967572746	1.0
2239111058535440353	10902771209432503746	1.0
1730882020728331313	17103802793498231746	1.0
5884551165798190746	17110975595080026492	1.0
5884551165798190746	17108114652955984689	1.0
5884551165798190746	17107862851813876487	1.0
5884551165798190746	17112151539947692410	1.0
4102516479499693746	17108667097462260452	1.0
4102516479499693746	17115130623777563511	1.0
4102516479499693746	17098166722688395426	1.0
4102516479499693746	17099332681788458514	1.0
4048144139532532426	17099681149481347746	1.0
6001871971925580840	17104292776222875746	1.0
12947232797996901746	17100292868905239148	1.0
17217000408624713233	17114305470286365746	1.0
4625676085858999838	17101653492988298746	1.0
13162205399453850746	17097905141963441610	1.0
5613034401313970746	17118176644731477279	1.0
