4957770989488949725	17106125129527857583	1.0
11847761814300669583	17097342982200299304	1.0
3081879253105977583	17109914695264108795	1.0
12885795980260482583	17108174722342863997	1.0
12885795980260482583	17099557360100877372	1.0
6954888554657018258	17100441302975565583	1.0
4363801278731165583	17096643680071331291	1.0
18351074652049467222	17106194025052451583	1.0
5715768364515198583	17103274263411882743	1.0
3119973092891744583	17110975595080026492	1.0
2765971168412678568	17115456324142444583	1.0
2223060873412223583	17102427669469033383	1.0
2223060873412223583	17117164527028161003	1.0
10295581001768883231	17109651224718185583	1.0
7035653141705550484	17113807095219394583	1.0
6050331199545008583	17098791996990951318	1.0
5385996802149198525	17112974103543751583	1.0
10211551320722682894	17109270342782481583	1.0
3128354401981925583	17116780084549908576	1.0
3128354401981925583	17109531532620461388	1.0
4430213842470423583	17108837328533588349	1.0
5640412438420587583	17094018862215229691	1.0
1105621575811775583	17110167415349831590	1.0
7802054327299401583	17108015009587070755	1.0
5683692681762471583	17102244046765925284	1.0
1147656595911806612	17095915352232517583	1.0
4014836275509400583	17094167034355389684	1.0
11772012785726772583	17102647219610711403	1.0
11772012785726772583	17095371403280471694	1.0
6645640866951160910	17109827352713511583	1.0
5479870590373217396	17110153937802152583	1.0
2214116085411387583	17099815109640779911	1.0
7602267698543831230	17101333741313948583	1.0
1911601570104624665	17109319305302176583	1.0
10548670677307812654	17093534132237152583	1.0
6170429557814338166	17110153937802152583	1.0
4419715480492354583	17095878561553271820	1.0
15063422198138300583	17098974902203772245	1.0
1627703973930987431	17113051627565447583	1.0
5750366835214940583	17109983900013125313	1.0
5750366835214940583	17097625260383513474	1.0
6932728425660322583	17100252964309739509	1.0
4085985547865979583	17103819260347190062	1.0
6852598762829603847	17096390805160488583	1.0
7768665912320696133	17115372670923883583	1.0
4005369228280696583	17117869687669990356	1.0
3761396227496989767	17099610007778586583	1.0
1318969746413010583	17095924470499418208	1.0
4993826686122093489	17116077054258053583	1.0
8151631047529728524	17091793059777951583	1.0
