6793193202360311717	17110338758749126122	1.0
6793193202360311717	17105896186373231228	1.0
6793193202360311717	17104057158594190793	1.0
6793193202360311717	17099358683431137901	1.0
6793193202360311717	17099875002908996501	1.0
6793193202360311717	17102875209388240796	1.0
1160690864533671717	17091190295511696917	1.0
3315398193076062207	17109164218328902717	1.0
13208977399982354717	17105369855232317997	1.0
13208977399982354717	17115507223643628875	1.0
12545647403929729242	17106034247937780717	1.0
6423780857476954670	17105723898096241717	1.0
9672099085631605664	17100534568117653717	1.0
5164251636811957588	17105723898096241717	1.0
5320115242295298717	17103217307885444335	1.0
5320115242295298717	17112932128705652249	1.0
2197410336551023717	17106371965650557254	1.0
2197410336551023717	17103306913794230340	1.0
9160872522386557717	17107655808580627007	1.0
1463727487288769995	17095942801402057717	1.0
1502374908759012506	17105681974674512717	1.0
2758838119820993448	17105723898096241717	1.0
3602290768207362618	17107308582070622717	1.0
13100751800994402481	17100137227885382717	1.0
1000273429817042862	17105723898096241717	1.0
9603332280125510047	17105841975260419717	1.0
7385210635061399020	17105723898096241717	1.0
3829680623333292717	17112571811009404706	1.0
18026974783034857562	17112065919822307717	1.0
9618197539057000717	17109548390296707441	1.0
5380925564035352838	17115131375386038717	1.0
4727593429059619717	17115399669063482894	1.0
4727593429059619717	17112396048071038526	1.0
12231621517883055513	17094369048091633717	1.0
5475307702739156340	17105723898096241717	1.0
2077390015415380282	17101917792548677717	1.0
2891363017971299991	17103068461504799717	1.0
8858785067788352181	17099398927209544717	1.0
10272190885511599297	17103369701872942717	1.0
2266673882354173182	17108648186618248717	1.0
11847041740571342717	17099693622144555659	1.0
10276560666648667763	17114515154899793717	1.0
11783133678319310497	17106715296665705717	1.0
14774816798762269824	17102806004584994717	1.0
4876559476104416996	17105723898096241717	1.0
4817719991477004717	17094826187200577326	1.0
4502561905325105901	17094762930972846717	1.0
7218152244919770404	17105723898096241717	1.0
5195854070567505753	17105723898096241717	1.0
3803235889046260414	17116393442911962717	1.0
