6804703300972463809	17107865914211705483	1.0
12046643921412530047	17091213037352846483	1.0
12726916025325185836	17106074758258919483	1.0
3107194421479610590	17093487604805789483	1.0
8104841992070582483	17105356184368931981	1.0
8104841992070582483	17109333581837498455	1.0
8104841992070582483	17107150819345470898	1.0
8104841992070582483	17099058104407520901	1.0
15207013628843127483	17091802036378463275	1.0
14278629272376448483	17112479542300299712	1.0
14278629272376448483	17098865367703005418	1.0
2209356848121377446	17107865914211705483	1.0
5745617085587175728	17113775806343818483	1.0
4370038145433011047	17098537180798009483	1.0
6919585628073913630	10896299084558884483	1.0
2612422902976740483	17106360476582157367	1.0
2612422902976740483	17103166850496696549	1.0
7254070580795409483	17113875728753481189	1.0
2436301764812128935	17107865914211705483	1.0
1487582444238652076	17095733606409559483	1.0
4805317765404782483	17103670048880529709	1.0
12129406566475638140	17104196964112516483	1.0
4869077075982891483	17102465207460321814	1.0
4915237314592694483	17102564253882128216	1.0
7083489865895908483	17097494560233177275	1.0
7083489865895908483	17115395876721916616	1.0
3053730708046060376	10896299084558884483	1.0
3328096568044325483	17120395849979641971	1.0
3328096568044325483	17095789956384900152	1.0
3328096568044325483	17112223270232882223	1.0
7926947667869245275	17109581156590197483	1.0
2992435781009375360	17108361149710715483	1.0
17241020798447573483	17103005840763729518	1.0
17241020798447573483	17115383704801607203	1.0
17241020798447573483	17095366850622611542	1.0
17241020798447573483	17099264902743877424	1.0
17241020798447573483	17113831825602169634	1.0
17241020798447573483	17103939700000585649	1.0
17241020798447573483	17109598306472625348	1.0
17241020798447573483	17115338392796773832	1.0
17241020798447573483	17089219571219159481	1.0
13711150386685095532	17096380535962324483	1.0
10624786729277659483	17111710043090327598	1.0
10624786729277659483	17103190262386930479	1.0
12454628009622877277	17116254698381566483	1.0
4745707519595235933	17100435491891520483	1.0
1775677275998577483	17113340047543255944	1.0
1775677275998577483	17105462059625152645	1.0
1775677275998577483	17105330066709359787	1.0
14341825357144659433	17093487604805789483	1.0
