4449580313747143477	17100001485332150799	1.0
4089404473110516449	10908078500553795799	1.0
5037452034832239799	17105372805964636038	1.0
5037452034832239799	17107842605414224352	1.0
11957898502417913998	10908078500553795799	1.0
2017922760202043799	17106007005052651071	1.0
3555232563658477799	17111621588274466683	1.0
3555232563658477799	17120456215841561145	1.0
3555232563658477799	17103097980756783244	1.0
15367220271872904564	17103555776963637799	1.0
8575130023359354730	10909513105533845799	1.0
2913531485735421799	17105372058474995504	1.0
651068800969631794	17119380055873264799	1.0
13793074308342552799	17106318269917403086	1.0
13793074308342552799	17098688874662957606	1.0
4379630380946421799	17095900839566635842	1.0
12586910898019364925	17110002342608486799	1.0
10832012403154516770	17115116665097673799	1.0
4371710598557961799	17109078340558231375	1.0
989011241595008703	17098654231511199799	1.0
1213167440333523799	17109736793445839302	1.0
15505227110845394577	17100491167569637799	1.0
6179706876307184799	17113797019245829615	1.0
8869678049683500799	17096599364537738769	1.0
6747641899598806799	17113876003571347525	1.0
2835458660600903543	17099063614749093799	1.0
12179073635517715415	17108925740378570799	1.0
12129425370167154820	17108925740378570799	1.0
5520747009285329965	17099776446347237799	1.0
4599437919419311813	17115929229929377799	1.0
13992515876257040375	10418842932101436799	1.0
6211091876793197225	17113989523905130799	1.0
10954846401248451781	17097011380732587799	1.0
2428586074775711203	17103600844182399799	1.0
16294247356178309062	17093527754226429799	1.0
5339206798227378799	17098292664026679149	1.0
9097136623169153306	17106626781725188799	1.0
5842674487239629699	17096106641582518799	1.0
14673746391417858799	17099384917036470117	1.0
14673746391417858799	17094764563036461373	1.0
14673746391417858799	17106826089734245187	1.0
14673746391417858799	17101219379169360565	1.0
14673746391417858799	17116454989790877073	1.0
14673746391417858799	17103680799254395265	1.0
14673746391417858799	17098337640913916872	1.0
5269911615600049834	17111453779574884799	1.0
11425829037516162514	10908078500553795799	1.0
5476121142899095844	17098014616355967799	1.0
1727318567709610799	17119362644085426502	1.0
12697572512349248799	17097469851275203171	1.0
