15925975193580513436	17090262153102692231	1.0
12956299324451319231	17111230200815377126	1.0
12956299324451319231	17105981441450739857	1.0
4362524359413347457	17100431085194131231	1.0
1677501091204913503	17111124402835477231	1.0
10732060825521748231	17111170286010665955	1.0
10732060825521748231	17111340980826334485	1.0
5396900869460863321	17104826219761331231	1.0
3285214536593786863	17110502581798116231	1.0
17937098962639443231	17110310077056170526	1.0
17937098962639443231	17116207676979304737	1.0
17937098962639443231	17112641999342621106	1.0
4833517601856329231	17103998699820477733	1.0
10169658768140282231	17104455839000357689	1.0
10169658768140282231	17112042533600931202	1.0
10169658768140282231	17093609715035682857	1.0
255835585197923144	17111293869340187231	1.0
7166416037704914273	17100718083493917231	1.0
4652036283340593999	17091385076567487231	1.0
5580310559057937231	17102138622602937587	1.0
5580310559057937231	17101186462537842107	1.0
5580310559057937231	17114739274934301769	1.0
5580310559057937231	17115680585734412835	1.0
6746227055838339758	17100649797938885231	1.0
4766919745803647231	17095427723257531345	1.0
4766919745803647231	17091212234270404039	1.0
4766919745803647231	17096653627123482050	1.0
14307528931543216199	17098875533876017231	1.0
9449482998672477231	17100149013260125409	1.0
9449482998672477231	17111694362177227830	1.0
9449482998672477231	17104139712239391052	1.0
9449482998672477231	17111724048991293117	1.0
3587814039475205231	17099276181368488275	1.0
3587814039475205231	17107512185001272568	1.0
8510324472636696359	17104826219761331231	1.0
5242048969031211579	17109345925488268231	1.0
1857099251521848864	17107211498654081231	1.0
18104812274362782231	17103994885939663494	1.0
18104812274362782231	17116065801349610487	1.0
1287048960765090592	17115843339278778231	1.0
5917304728611920153	17100431085194131231	1.0
3883402095940157613	17117931986117911231	1.0
3985783080402552231	17100430969228506462	1.0
3603460167096407231	17110145060091597783	1.0
12267121286192705040	17119771104042514231	1.0
4402085186620698796	17100431085194131231	1.0
2151011649546400231	17105955315118645468	1.0
2151011649546400231	17119437264872708410	1.0
2399692047391870231	17118834500543440670	1.0
2367765643955455231	17098829998775555821	1.0
