4454166175892360862	17103770143225445637	1.0
6532285268363700826	17103770143225445637	1.0
7947496868904056637	17106629470362118892	1.0
4685649022388018044	17099946093221709637	1.0
5088030010304851516	17103770143225445637	1.0
1435246661084656812	17103770143225445637	1.0
13403506041802954439	17112902755428256637	1.0
1116939819025337762	17103770143225445637	1.0
3796431309849848236	17103770143225445637	1.0
13967158957710785310	17103770143225445637	1.0
14028573206205938637	17098604186543387644	1.0
3167954641069892485	17103770143225445637	1.0
17986715787254890818	17103770143225445637	1.0
6913531748134174262	17103770143225445637	1.0
3674131398203232284	17103770143225445637	1.0
3952338526461687083	17103770143225445637	1.0
4464628500940310889	17112902755428256637	1.0
13578594717736167185	17103770143225445637	1.0
5552943574382598089	17103770143225445637	1.0
1823494989908126249	17103770143225445637	1.0
2966856949200900627	17110946668483977637	1.0
2006853881456990360	17103770143225445637	1.0
6065538948870951572	17103770143225445637	1.0
17546971093785904703	17090301619476471637	1.0
11830556143937436613	17103294368175462637	1.0
10451826363604995129	17099996503176184637	1.0
889501067043950556	17103428907946530637	1.0
8133327761269923637	17107422063749765486	1.0
546472791986881637	17115531516085379669	1.0
6044463033477750637	17102060600191939432	1.0
6044463033477750637	17099557360100877372	1.0
6044463033477750637	17099468299658681511	1.0
4313213649361499099	17110617270352259637	1.0
13150035150507375135	17103770143225445637	1.0
5882085455886950519	17103770143225445637	1.0
4222514736795228983	17103770143225445637	1.0
5974984760721793475	17103770143225445637	1.0
4409470520811061169	17103770143225445637	1.0
7231318736574981506	17107804058049322637	1.0
4427715489378528191	17103770143225445637	1.0
1547741870602070316	17103770143225445637	1.0
5220147720096628185	17114642204347451637	1.0
463696244077682987	17103770143225445637	1.0
7402796133138133711	17103770143225445637	1.0
16663875287936266913	17103770143225445637	1.0
1647364442449541180	17103770143225445637	1.0
3253048010309072637	17100752142636793922	1.0
4905274974270799131	17103770143225445637	1.0
7757874498506049600	17103770143225445637	1.0
3884306138975315601	17103770143225445637	1.0
