8414338690586882521	10885335605033651278	1.0
8559440690463286521	17105727290917780019	1.0
6987554615361946424	17095685008837001521	1.0
4626881494000084521	17101358540588386788	1.0
16738863995192808880	17096126587323730521	1.0
13382935554644543657	17092005497522840521	1.0
949702334774760521	17117387311265870493	1.0
949702334774760521	17101838859574697745	1.0
949702334774760521	17114677457497532200	1.0
5033179302397075521	17101993929428066586	1.0
14541997531391504299	17098988019249142521	1.0
3298350871977012463	17099689121113552521	1.0
6525192491045617940	17099938903429276521	1.0
7970333669552173521	17113932503983017101	1.0
13419670852046019521	17108087835156430776	1.0
6480795348248476521	17099862246912711340	1.0
6480795348248476521	17118382708660849235	1.0
5503544273546358521	17109763709980395784	1.0
6308071488203699521	17098524944381000550	1.0
13027354883685572521	17097312144336994915	1.0
1569544739932458755	17116587798845402521	1.0
4917843895396274521	17098426817261943599	1.0
1664267610802904833	17103827356432356521	1.0
11538898758743630291	17102329009830213521	1.0
13025985636424830521	17102951307517407510	1.0
8740620923985594521	17091921264606372200	1.0
10442568021806778214	17109432537887983521	1.0
5816802355750568521	17107359584868972536	1.0
5816802355750568521	17109830574012676507	1.0
5588949548549153521	17094971129569914317	1.0
5588949548549153521	17093600785837360741	1.0
5588949548549153521	17115507223643628875	1.0
5588949548549153521	17109958211789439315	1.0
6342018870107328915	17104853514252832521	1.0
2989720131827511521	17094107274136168437	1.0
6000427515586052521	17100007640163427472	1.0
6132237042250989716	17104361865124445521	1.0
10808730114717029093	17108270212416086521	1.0
3104094365982280109	17114684608609116521	1.0
6785859940745451651	17095030515986966521	1.0
6754097584038245521	17098426701356112733	1.0
6754097584038245521	17100074620218270867	1.0
6754097584038245521	17115210600429529805	1.0
7318787956669738681	17095030515986966521	1.0
6265808614308006615	17091000831600924521	1.0
2735167182040491390	17099636795459250521	1.0
9348818027806235919	17101982547655347521	1.0
750215620640621874	17109432537887983521	1.0
1538034051225041955	17091870429352577521	1.0
5340997761703417233	17116121245088126521	1.0
