15949542061950859497	17103935628277157689	1.0
15949542061950859497	17120723620385848970	1.0
15949542061950859497	17110849705308234921	1.0
15949542061950859497	17111545696175651857	1.0
4600394543933107497	17108899081399281917	1.0
1217153123320361110	17110949516007367497	1.0
4677881682938885196	17108854611378499497	1.0
5417977401411607053	17117661660908020497	1.0
5076679932138164909	17103127371196551497	1.0
4932054792101441175	17121209849380768497	1.0
5727724661157043497	17096667362496511113	1.0
3300064282617097497	17093571876331734311	1.0
3571809685449922497	17119847292499041238	1.0
7410561915863685450	17108131158494508497	1.0
7449416672021435497	17095331911015711151	1.0
7449416672021435497	17100555093750466274	1.0
4321733775422601477	17105546876506474497	1.0
14687848774076961842	17096709908330022497	1.0
6059956620946596843	17107405115753149497	1.0
5504791813709693573	17105421549471563497	1.0
13214684479853423517	17105421549471563497	1.0
18189139282899377442	17105421549471563497	1.0
5378766467711202568	17107405115753149497	1.0
18222776411311188976	17107405115753149497	1.0
3204733709431350497	17109058858516352940	1.0
4363770432455176264	17105421549471563497	1.0
3413979833645033902	17119482271764434497	1.0
5673110106850635494	17107405115753149497	1.0
5964934636270103733	17108956075789849497	1.0
823366636154696497	17108302901257679360	1.0
10510238605427709387	17105421549471563497	1.0
10681430024600265210	17099067703587009497	1.0
3358979744479231118	17099718975301843497	1.0
12138118983982294593	17096709908330022497	1.0
6931594790524970445	17116400130207039497	1.0
9079154815161956497	17102236315862562302	1.0
9079154815161956497	17100810983783803267	1.0
6354969691086972702	17119482271764434497	1.0
14129291266846953497	17105770232121099540	1.0
14129291266846953497	17104157325898124517	1.0
14129291266846953497	17118070369881057858	1.0
14129291266846953497	17106176793722817806	1.0
4601323398409661904	17101216020546033497	1.0
4765321969054174228	17091947884770740497	1.0
16572001866917433497	17102726706693795047	1.0
16572001866917433497	17115705226055694526	1.0
2741834631325741407	17105421549471563497	1.0
6420546489078138497	17100856321402962881	1.0
6631292404056759335	17109512299762465497	1.0
16138217913187597281	17116765713531817497	1.0
