4657395543714257511	17094546975762848272	1.0
3506587469274542272	17097557090760658266	1.0
5014849889031984435	17120510104733235272	1.0
14006345642614613899	17099140219979759272	1.0
6340728442948056514	17112959410459919272	1.0
8430783572174888272	17107994522667780916	1.0
5280011154382629280	17099258537780718272	1.0
11210027004217425998	17107366014353773272	1.0
16803275554931888272	17105003627684701769	1.0
16803275554931888272	17107813451217841718	1.0
16803275554931888272	17105041865677369756	1.0
16803275554931888272	17099086421187883127	1.0
4685727322637265272	17104965234997203311	1.0
7514201670461032399	17093382167653560272	1.0
12055736087975704272	17097977413396987367	1.0
12055736087975704272	17106806182501824871	1.0
3649691483522620845	17099140219979759272	1.0
15127480407900196468	17109740040379535272	1.0
5113230992865128175	17110258919736370272	1.0
14093779997100033749	17113945118352182272	1.0
5732810665583792961	17107366014353773272	1.0
6940666030640415812	17099140219979759272	1.0
279183066563500335	17104316097888082272	1.0
1563581753369994886	17099140219979759272	1.0
5904090327053229272	17113340047543255944	1.0
17316721057176119169	17120380753103738272	1.0
5150349032300568686	17103277291255157272	1.0
1499668731319126048	17099360143743449272	1.0
4018326315719419303	17113803100870699272	1.0
3672126373150397272	17096500588854412595	1.0
14366572864110744892	17119257168264789272	1.0
10682040808069390775	17099140219979759272	1.0
5067161460219983397	17104625928171834272	1.0
2330898624073535272	17100950866500830316	1.0
2330898624073535272	17092743402922295843	1.0
3102210503127071272	17106700861373883565	1.0
3102210503127071272	17101223287702914189	1.0
6593875248069652272	17092196000798117738	1.0
3688175489993266272	17100185816849825394	1.0
11342468059391169272	17107520826392073090	1.0
11658863265482496272	17104541214338138415	1.0
4223396692138530272	17110627797254396719	1.0
4436380810163867635	17103206574757571272	1.0
2504420465448532722	17099140219979759272	1.0
6157035934627639272	17091878731531365066	1.0
15050533513038165272	17106799997878153422	1.0
15050533513038165272	17097289144893181532	1.0
7043452755494627272	17112924135827526564	1.0
7043452755494627272	17105922999796267346	1.0
4878376906747806698	17099140219979759272	1.0
