6989291433595330081	17117040746109158482	1.0
6989291433595330081	17118958732444893993	1.0
6989291433595330081	17102316807892801064	1.0
6989291433595330081	17110479401831550769	1.0
6989291433595330081	17094034500145058779	1.0
6989291433595330081	17105494954800514840	1.0
6989291433595330081	17106312862678144427	1.0
6989291433595330081	17102465125997502730	1.0
6989291433595330081	17094683727432600613	1.0
6989291433595330081	17102560384009528928	1.0
5481418547815526403	17115399913877225081	1.0
5243801192028865081	17115688630237374642	1.0
5243801192028865081	17095574151589586848	1.0
13319449833269697081	17109405067227907047	1.0
13319449833269697081	17096600154762098051	1.0
13319449833269697081	17106783311811833377	1.0
13319449833269697081	17101945769834107962	1.0
7223141460291536468	17096491337463339081	1.0
2637796328554338844	17095219258253785081	1.0
5940252029827121570	17098673674765343081	1.0
7438444199412726077	17100610292649055081	1.0
5337245099329748737	17115064962353158081	1.0
1429657310447874081	17115320942411256977	1.0
6730958094811682081	17109827352713511583	1.0
6730958094811682081	17103399221132465350	1.0
6730958094811682081	17096490405531966585	1.0
6730958094811682081	17096540948684918455	1.0
6730958094811682081	17103372485096339506	1.0
13262930749188599952	17101775865271326081	1.0
11757183406443766681	17108806116892265081	1.0
15670122567639369065	17108806116892265081	1.0
14725528185927283090	17116939745620378081	1.0
8771311905475443081	17096963135356245030	1.0
8771311905475443081	17101157626242508036	1.0
15510967970016056081	17103544472717697843	1.0
15510967970016056081	17099503432410123089	1.0
15510967970016056081	17104454507515945329	1.0
11081068574212936882	17109392465919209081	1.0
680740217743028081	17113469661088231065	1.0
2695519748824064081	17115870320353158397	1.0
2324586970407876081	17101663998565131897	1.0
6686379618137008866	17107746252052271081	1.0
10176392463249485081	17103177313098496017	1.0
6239108718242010613	17105918485797061081	1.0
14318473226138621081	17112664805720444304	1.0
5966846485144353163	17105518379506107081	1.0
5489692381526015081	17110305060487477432	1.0
5489692381526015081	17092319713051126417	1.0
13730803161451575081	17096464562623536604	1.0
13730803161451575081	17103279245636917982	1.0
