12625434311630407362	17106110037036053565	1.0
6860522706965949565	17103904597040645051	1.0
6860522706965949565	17116793523450362857	1.0
6860522706965949565	17102633703385280314	1.0
11773909919991766565	17091195200366878210	1.0
11773909919991766565	17091781197195293479	1.0
11773909919991766565	17096545509933764863	1.0
11773909919991766565	17097937156475994097	1.0
11773909919991766565	17110879430721455206	1.0
1968815809034990565	17114660951954083607	1.0
2217756950928633578	17106700861373883565	1.0
12777417299234004016	17113558631366772565	1.0
15622907548485310985	17106700861373883565	1.0
14943361823828672565	17101812355358915385	1.0
11743306068791714565	17106345255196815288	1.0
13850806992065085963	17107896146461906565	1.0
6428482890995411753	17099117336370972565	1.0
14385993517386326565	17119151537837884168	1.0
5580483762300042273	17106700861373883565	1.0
1943396148363912377	17099459915765753565	1.0
3252959779444657338	17106700861373883565	1.0
4974824059153070565	17107506468253382438	1.0
4975095045262748565	17110763299116863940	1.0
4910570727266637660	17106700861373883565	1.0
5925101666116443128	10906446915582855565	1.0
5441312448404012678	17106700861373883565	1.0
5514154140805393047	17096050940162028565	1.0
6428251626329117569	17106700861373883565	1.0
6808418985886092565	17100969364934417068	1.0
6808418985886092565	17115350590420550537	1.0
6808418985886092565	17110562706949685630	1.0
1479226366858988373	17106700861373883565	1.0
6711945435218378565	10902197083949255085	1.0
6711945435218378565	17108114197730619557	1.0
4006006497021018222	17114309932810722565	1.0
4523970943290660009	17106700861373883565	1.0
1592791770524584780	17106700861373883565	1.0
2008671100782844424	17106700861373883565	1.0
11169456963286847912	17098103908717962565	1.0
2352534955841143625	17116358091075287565	1.0
4272180426880145565	17098644945687415741	1.0
9625731112842223565	17106669843149643471	1.0
2515807146215200565	17093992211944970455	1.0
6725126425573629212	17113519383978659565	1.0
6414503685210937622	17099687166796698565	1.0
6079616486396528656	17106700861373883565	1.0
4659086785363325565	17091878731531365066	1.0
15180190041914583565	10899078143186122493	1.0
3483886528775051331	17114803458906676565	1.0
9513590105193802565	17097736620284270304	1.0
