10143899552623858284	17113707816974714530	1.0
15401763522204958530	17107395572401081770	1.0
13742038762620446432	17102617326728947530	1.0
7330612345352137530	17099599880258996376	1.0
7330612345352137530	17099789756442806831	1.0
7330612345352137530	17094361987145178989	1.0
7330612345352137530	17105012011484246081	1.0
4683645413067375530	17115383704801607203	1.0
3581328786019169132	17108746352437419530	1.0
9524875234361429558	17112126719327832530	1.0
12602374143816237530	17106415804340894976	1.0
6768140468657389530	17105582086727118477	1.0
17715049008138937530	17094573660381781190	1.0
6899642428781523805	17113352868066615530	1.0
13042371589334321001	17100451134166087530	1.0
2226738709240504643	17095385383411790530	1.0
10909802874826085530	17094480773030371769	1.0
10909802874826085530	17094981257062065960	1.0
10909802874826085530	17094329336748340307	1.0
10909802874826085530	17095944107051812511	1.0
14985022844246388768	17111240396985304530	1.0
13376969458197818665	17113352868066615530	1.0
8178299678866786445	17117416508478172530	1.0
6694443545908681530	17097934545354886336	1.0
6694443545908681530	17108001506306911184	1.0
13178174019046463530	17116549019570344872	1.0
2496497158928143530	17100322787650553973	1.0
6667282189481425277	17119916991158884530	1.0
4065778569304377530	17112223270232882223	1.0
4065778569304377530	17108316963022547211	1.0
5165291774609142530	17110064967579349845	1.0
17351894434574001343	17114455407667405530	1.0
6570503635778817530	17093861683595253994	1.0
6570503635778817530	17106091796328664826	1.0
3674076292853643530	17119192035139361864	1.0
3272622280315612494	17104594364568572530	1.0
4271772666628450530	17116518323408326375	1.0
12394085832695157530	17110303041806831529	1.0
3302398795336746530	17110026209772184378	1.0
743681021720075530	17113349286052286812	1.0
4387606073127253428	17098321470268841530	1.0
6655871627998670140	17101873253695412530	1.0
7855207161632326530	17101616564937585207	1.0
16486485625155087530	17109510903852340676	1.0
15519882551222876530	17102621205015073433	1.0
4003701421696994234	17106766484125530530	1.0
13726380749613927912	17100915527486500530	1.0
5335488611531181530	17108587623348035276	1.0
5335488611531181530	17116966198327051200	1.0
1976173719866493483	17090838709488239530	1.0
