13729277860687617149	17109833318447889631	1.0
4619597737392601337	17114892716882890631	1.0
6606069276704347631	17106900482727071942	1.0
4346180007471167631	17098924625365511223	1.0
5175648244638105930	17104985245281170631	1.0
9188154017607842633	17113680509675573631	1.0
14553620248322224631	17091878731531365066	1.0
14553620248322224631	17094209464299632845	1.0
1012096124261636631	17112063475878337859	1.0
18339243455906227168	17111161670223485631	1.0
6448995914981788631	17115183374476894994	1.0
13530709035785654609	17110337139583388631	1.0
12310790245268311554	17114634198476629631	1.0
4260721677746497631	17118412743389189618	1.0
4260721677746497631	17111977340391290538	1.0
5516707068104436660	17113280931606289631	1.0
13795744595691287489	17095613424664214631	1.0
776817357094489631	17100692756056112744	1.0
776817357094489631	17098199063682702086	1.0
5269781019819770631	17106392611477709995	1.0
9054310372844646236	17094689134775241631	1.0
4593910313538860595	17110289886330162631	1.0
5467819555954979348	17106425051464486631	1.0
1877959886273475631	17108004353778452255	1.0
6006102326993857157	17105670979785341631	1.0
1903782659864443684	17109833318447889631	1.0
2796625722481304631	17113255630007537825	1.0
5133156077750666631	17111250782229200504	1.0
4277281057186051998	17100951270200346631	1.0
5792231153285875330	17101407369892823631	1.0
1890811618061729631	17113359452256803992	1.0
1890811618061729631	17097469851275203171	1.0
4414175041664773631	17097309374127762121	1.0
4414175041664773631	17107581415549718038	1.0
4414175041664773631	17111151113307083164	1.0
11511339128354838631	17101593333430982139	1.0
11511339128354838631	17101356070849709381	1.0
2013171529684540631	17114674983562273836	1.0
5294150603216676237	17111359814235891631	1.0
15356935822246009423	17121468105825141631	1.0
5029857886563618309	17107984661467966631	1.0
6436488969738042631	17103770143225445637	1.0
6436488969738042631	17116300852097739219	1.0
2308031450659895212	17094689134775241631	1.0
5224695214442267631	17091878731531365066	1.0
5823461857176907631	17118412743389189618	1.0
5823461857176907631	17114802969298113556	1.0
4033688746565681353	17109833318447889631	1.0
6345862556203242631	17110587235412875893	1.0
6345862556203242631	17112349490674529996	1.0
