2903639011587144479	17094728953480145670	1.0
2903639011587144479	17091878731531365066	1.0
14882556993601122479	17105508200364236800	1.0
14882556993601122479	17107876213494817892	1.0
5653666342946520194	17114524908820702479	1.0
4194700729060232479	17102593240504375496	1.0
7287271865542953653	17105163641079196479	1.0
1889857164967849943	17115417128143841479	1.0
3575314846991161322	17111204048607057479	1.0
3058462688699788479	17119362644085426502	1.0
1980969969327808144	17091781197195293479	1.0
8484780425166350599	17096538113915315479	1.0
13904030605654258479	17100249910611193440	1.0
13904030605654258479	17108687743196159569	1.0
13904030605654258479	17098035064848211110	1.0
7746626152941422479	17104154778955762546	1.0
7519801282467052415	17113468394182632479	1.0
2715807267004561479	17109293728841321311	1.0
2715807267004561479	17100382277244309316	1.0
2715807267004561479	10903009038994883833	1.0
14813233898131832469	17101898323404756479	1.0
3696412295944923598	17109373413326275479	1.0
4284086045702292479	17110733612302798653	1.0
7497314624474268071	10905604470473906479	1.0
3769862043474269418	17111544768426696479	1.0
6106919966868769785	17097907822039655479	1.0
11477514101057703619	17105055742915532479	1.0
6401111684797735479	17103105252052517237	1.0
191749566178823479	17116439197292373455	1.0
191749566178823479	17111097924274293170	1.0
191749566178823479	17093364562628227038	1.0
4835504967953735201	17097142248352648479	1.0
5856075205836308262	17111721721029723479	1.0
8213036618385444479	17115656125938258262	1.0
8213036618385444479	17113672864691282539	1.0
11540286096483059479	17106657190097661568	1.0
14628776445308965479	17104492590994689203	1.0
6247260535095674958	17117949874690152479	1.0
4284523838651877065	17092925479400647479	1.0
6527874804368095479	17098614056336605922	1.0
5948719965843608102	17108691479819977479	1.0
2828269664752062624	17096059787735456479	1.0
5465491371918245355	17110061187947295479	1.0
2440091974496877852	17102181335955282479	1.0
6835140548893436987	17091781197195293479	1.0
10600574640834198056	17113256665119545479	1.0
11458851973424244055	17091898277985197479	1.0
4664721401977170253	17111237613920519479	1.0
5255440325032922540	17117132301960787479	1.0
7202901191702441479	17105918176541704748	1.0
