13997103006482264432	17105005027789023391	1.0
17692246314126665551	17118263987150168432	1.0
4453524486474386213	10887816932023276432	1.0
14737881961911875155	17096746179422942432	1.0
10311287830189846432	17117210912696301749	1.0
5583960071751397093	17102060600191939432	1.0
12275443301582888885	17113302393587289432	1.0
5307780291529163432	17114730362808947499	1.0
4913093682968705432	17102513676161321645	1.0
4913093682968705432	17098617509555018933	1.0
4913093682968705432	17102286927719160709	1.0
4913093682968705432	17096090277644711974	1.0
6230954104626222390	17110940019840682432	1.0
10805075137683220432	17091878731531365066	1.0
6976558296767794660	17112830703127208432	1.0
13688369495387438432	17108386399800335749	1.0
13688369495387438432	17097011200245035098	1.0
6748835960447032432	17098531773315723503	1.0
3579870695468778432	17096081026425146056	1.0
3579870695468778432	17112223270232882223	1.0
18386335302390858326	17110575020681425432	1.0
10960845456090967432	17118947028585563967	1.0
3177525425988881432	17104025152580649363	1.0
6129091236157565998	17113528905876829432	1.0
6228991690731618610	17111585072426243432	1.0
2072007419120825766	17092216088322098432	1.0
4596603865629053785	17102060600191939432	1.0
12424346149789969432	17110269291971197745	1.0
1442562596834340060	17109246192085955432	1.0
9264352973216202397	17098640521896564432	1.0
7366446223200343493	17117797493571792432	1.0
4742197802034805042	17112200296415484432	1.0
4027621377186742432	17110763299116863940	1.0
664606122686467432	17111401986517102360	1.0
3440857792477347432	17104632821722432784	1.0
1397888121445635432	17103778578534761497	1.0
5932609396030388370	17092815764409908432	1.0
6953229824744525682	17096231363136142432	1.0
3551473444737190432	17111257289087135904	1.0
3551473444737190432	17095306270047497879	1.0
3551473444737190432	17105588078245019670	1.0
3040610217995406797	17114032057049490432	1.0
4452042247764142477	17099073459034478432	1.0
256118701027491432	17107965067784965167	1.0
256118701027491432	17091473338107476038	1.0
256118701027491432	17108106827552827219	1.0
256118701027491432	17105835000249786367	1.0
256118701027491432	17116579337697842357	1.0
11731910764091066432	17099296114371038657	1.0
11731910764091066432	17099147564335087453	1.0
