8575603311851735768	17117286701693617228	1.0
12527564079938400228	17090939877389654797	1.0
4319944425224451336	17095336983315220228	1.0
7319479762432942590	17105896186373231228	1.0
8209206659608800493	17095494509956702228	1.0
4535580616078149838	17097015070112020228	1.0
12484936971916094228	17094762905156791772	1.0
12484936971916094228	17092891811230680365	1.0
8848258346147484549	17096023774425564228	1.0
13025529227688424228	17095892739280677906	1.0
4021855458763779736	17108191034558128228	1.0
931394200267563442	17105896186373231228	1.0
15889488028923055274	17092107339780125228	1.0
6289790478761398228	17098496653319492673	1.0
6634096509034498158	17105896186373231228	1.0
21557522534384046	17108191034558128228	1.0
6443216123637170693	17097015070112020228	1.0
11737307248902011756	17091869183806704228	1.0
13849065064504464942	17105896186373231228	1.0
4092955015132792228	10889858660816392262	1.0
112481139130794547	17107185123226191228	1.0
13191294250858064080	17103773222649791228	1.0
7051763427136156172	17108191034558128228	1.0
13177854783075790043	17108191034558128228	1.0
6493723867253244416	17114651906685975228	1.0
3623731257168716076	17105471401238222228	1.0
11468570472198577946	10892388117480181228	1.0
4180316369395329036	17097015070112020228	1.0
6838292493122703614	17119112006954625228	1.0
1791124052700856228	17108035062867700031	1.0
1791124052700856228	17108466183120931353	1.0
1791124052700856228	17104008934671328050	1.0
1791124052700856228	17096133051373270699	1.0
1791124052700856228	17105773427584211620	1.0
13645414006728383228	17107057983573722898	1.0
6432911717260175228	17115475612738137378	1.0
10602429153411817228	17095715627782838937	1.0
4376907229838274680	17111518646423279228	1.0
6745638830559632750	17099056395091038228	1.0
12837551463042679741	17113002604861812228	1.0
13701891697044646228	17096535047404541773	1.0
12087764792588252666	17097015070112020228	1.0
13232161861015196420	17100162568133180228	1.0
13445694805818182391	17097015070112020228	1.0
4880572042590151678	17096776020850676228	1.0
1364209040474262519	17115644559634656228	1.0
18361030840896247228	17090149989918724405	1.0
18361030840896247228	17089963863228629870	1.0
18361030840896247228	17108706903121124037	1.0
18361030840896247228	17109233461867900007	1.0
