5511228913508196241	17113731576762957656	1.0
4082540922761995656	17091463674531173902	1.0
3589628258970995656	17120395849979641971	1.0
873407120518429045	17111778990204161656	1.0
13439742664431625296	17111793296756250656	1.0
16217534073640884168	17109468654267647656	1.0
2433729775889198143	17115100614810904656	1.0
5383639692167532656	17089517190898562770	1.0
5383639692167532656	17108230668526336067	1.0
5383639692167532656	17104584898407896774	1.0
1459452187305745805	17113633578497073656	1.0
11617860508107247639	17106238976256823656	1.0
4554202363771309656	17107335928086544756	1.0
4554202363771309656	17104581234897158876	1.0
4554202363771309656	17110844959382636349	1.0
4554202363771309656	17101955768593752432	1.0
4554202363771309656	17097265526782830409	1.0
4554202363771309656	17105783001139107303	1.0
4554202363771309656	17110465434506586543	1.0
4554202363771309656	17112908781220720866	1.0
14488028402003186656	17118879155309845951	1.0
14488028402003186656	17110733612302798653	1.0
14488028402003186656	17092680017845018957	1.0
11116304602704594542	17109506209458018656	1.0
13163253257998354335	17113034645350453656	1.0
1680457918642509068	17107233514577976656	1.0
9386551589407850656	17109793010110012440	1.0
15230893338020163656	17113386072602443056	1.0
15230893338020163656	17113340047543255944	1.0
7246558554905844291	17112644666625451656	1.0
13143327269795847656	17097980982475408831	1.0
2104487543782018656	17107531757119783167	1.0
5489507465485954959	17121161767250343656	1.0
5273520518342988656	17099443320038702075	1.0
1873206626068839656	17117877981243304452	1.0
4358112914766801656	17091963887842971712	1.0
6562589955176126656	17108815415427360246	1.0
554234781282260938	17108008605861897656	1.0
11742825781909452656	10905542545728135025	1.0
11742825781909452656	17115383704801607203	1.0
3355613639419530656	10902211725448577492	1.0
6220664994511609656	17101560992363645733	1.0
8479092823742533097	17096293064665731656	1.0
3975627489405794875	17119861225292275656	1.0
14964180137666572656	17105827578532629561	1.0
770058030372406656	17103246427742882592	1.0
2667908645307608656	17106081720248865621	1.0
12224739266203489788	17111093088164952656	1.0
4249536233860428656	17119145121131149793	1.0
14516132284512594656	17096464871929430827	1.0
