5379369886518923868	17108038099515553567	1.0
7494365300444935374	17110601396051326567	1.0
3972726716912221567	17113617631428124574	1.0
165568729472266567	17101650233208861486	1.0
2237557565711737567	17110464837512279669	1.0
8745380945443834567	17104177456370904186	1.0
8745380945443834567	17101310501222275028	1.0
944438788169308752	17096337367113880567	1.0
5907839900298075785	17096294864209802567	1.0
7524658703786647567	17103193032627659605	1.0
780752770853030374	17093365090927591567	1.0
6804302027666070567	17097027126050447269	1.0
15115881698186641567	17099544359113303857	1.0
4297595062861093567	17105394293642250402	1.0
6506222054738374719	17111525466799518567	1.0
12526264357899958607	17115077898750158567	1.0
5596507907012525098	17096337367113880567	1.0
2172265475603993567	17102156901920318728	1.0
13056109109248479512	17095441136351001567	1.0
2111604212471722567	17097172648133448164	1.0
15220936407519451567	17091999097989542302	1.0
15220936407519451567	17098338882138646409	1.0
12972808752457186180	17110601396051326567	1.0
7539060803558674567	17097793249455678116	1.0
4197538192406373421	17099027923739323567	1.0
12457800341197787439	17100203756861925567	1.0
14020071863117777619	17104888866159774567	1.0
4522975169590531800	17107807292235068567	1.0
12507237288164172497	17114906710039060567	1.0
18415833520838056567	17108096931833530757	1.0
5950260806044439567	17111412371783798379	1.0
5950260806044439567	17106727790818064502	1.0
5436582026129559567	17107784464469917917	1.0
5436582026129559567	17113283405638002670	1.0
1750549941112470664	17105690719369369567	1.0
6092088778925116193	17096607280055235567	1.0
7570110333906955567	17115073397562694469	1.0
5846084176003960567	17102244046765925284	1.0
15944960785842396744	17118403311572849567	1.0
5532036760476777417	17096438135747508567	1.0
3113466688708986619	17119866761588446567	1.0
11555664050912267727	17103699817394807567	1.0
4844527753036073567	17110671159129133250	1.0
672136646097389762	17105690719369369567	1.0
12963076803562892160	17105753198300393567	1.0
8484302247631762567	17102832959740617753	1.0
1632290010614520578	17096103587791063567	1.0
4432692300725803567	17117048416862998438	1.0
4432692300725803567	17102244046765925284	1.0
4432692300725803567	17116969509829003004	1.0
