5017800171169525643	17101971423784118802	1.0
7671595480738094802	17112992421563599531	1.0
2646381947402544674	17110301422633144802	1.0
3512549174278039802	17112768589230585804	1.0
3512549174278039802	17095397765748010573	1.0
15174238660847440261	17091047835768249802	1.0
5051701729773813776	17094630886494406802	1.0
4946101589250904678	17092448085220783802	1.0
3950986076601265853	17112723715486075802	1.0
11456914536764905971	17108262842168543802	1.0
10812268699747490489	17119796680559273802	1.0
11380319825687502468	17100554127424151802	1.0
1645236778226756170	17096319066274218802	1.0
5764565716519797802	17109753663932419460	1.0
5854778284799839802	17096772722277180760	1.0
5854778284799839802	17112244066411435946	1.0
5854778284799839802	17107087232210236414	1.0
5854778284799839802	17108386734827786517	1.0
1538413895421924019	17093712704079972802	1.0
2276788843724508802	17108131596535995607	1.0
3032715909123835185	17104322579002565802	1.0
13934212791055920438	17106041154353638802	1.0
9145699840066913802	17115950782245469465	1.0
5312703857301700411	17100961887392013802	1.0
3436816501713143727	17118040567101367802	1.0
10169596237150402802	17116505554494557064	1.0
10169596237150402802	17115332452851327753	1.0
2695554571882996449	17100961887392013802	1.0
6911861375079955172	17100961887392013802	1.0
4697120203381705802	17098580955125613107	1.0
9309862298346153802	17095634431279433750	1.0
6234395168002980802	17111444983533719831	1.0
3364209440796693425	17100961887392013802	1.0
2895441220722071913	17101971423784118802	1.0
18369802585771119158	17101153876758092802	1.0
6739162693327367387	17100961887392013802	1.0
641951268312835802	17096990880916502349	1.0
641951268312835802	17107821843578318052	1.0
641951268312835802	17120145092640925523	1.0
641951268312835802	17106201163280494243	1.0
641951268312835802	17101516277385771318	1.0
641951268312835802	17118704281373426829	1.0
641951268312835802	17099468299658681511	1.0
12984672053522817908	17107891426300008802	1.0
6731412325660280802	17103582362904870177	1.0
11488570705901863802	17112264725151810949	1.0
4480398607480992034	17100961887392013802	1.0
17519210100061030969	17110545411170617802	1.0
11203384515908707298	17112945657823812802	1.0
1743818068424417702	17096713516185807802	1.0
