8948672988548521675	17102060716157564201	1.0
7938662886574020201	17094358688661344731	1.0
7938662886574020201	17094060824092909757	1.0
12399157900696933860	17103150795911853201	1.0
4860869242961596201	17111680266143671775	1.0
2244923576066891201	17091103228009591636	1.0
3039852723233165201	17108135724007077904	1.0
3039852723233165201	17102317830033639335	1.0
3631601407913379201	17103156864744080889	1.0
3631601407913379201	17106323028758000435	1.0
3631601407913379201	17106750249187531587	1.0
3631601407913379201	17109585434431612536	1.0
3631601407913379201	17106459058973976342	1.0
3631601407913379201	17110243397713984992	1.0
2520992670921951201	17113399279404265812	1.0
2520992670921951201	17118499359903707484	1.0
17751487446256427201	17097057469977614799	1.0
11345144144408192201	17103601376752113927	1.0
11345144144408192201	17102905772359124945	1.0
7045565007703821932	17102060716157564201	1.0
1197775050725673201	17111753323498156606	1.0
1197775050725673201	17106077721706180555	1.0
1197775050725673201	17098782719581727344	1.0
1197775050725673201	17098897459755275458	1.0
8404420307828090201	17106992592644534657	1.0
3427779142595445201	17101838859574697745	1.0
6988100123941584201	17107756585812832557	1.0
11254558053664226201	17111867062838019700	1.0
6129131717011716282	17113455599436069201	1.0
4015127946163426201	17098408434894750023	1.0
6986534487452842201	17102736344537939608	1.0
6986534487452842201	17092573468301103902	1.0
6986534487452842201	17115383704801607203	1.0
6450035738376495509	17098505698618639201	1.0
4072729666114897201	17114680923490804145	1.0
4072729666114897201	17099793145145486450	1.0
15789683308570014130	17093103304090284201	1.0
7093970779748803612	17118575277776689201	1.0
2296041318180075743	17107981921170410201	1.0
951828773880183523	17106065833283735201	1.0
13862388281104910201	17100527855075634612	1.0
13862388281104910201	17113399279404265812	1.0
13862388281104910201	17111077432993110671	1.0
10167003703479789489	17118129859474813201	1.0
3671318798908614188	17094445159196279201	1.0
5662988637654136201	17111431673331167647	1.0
18441555761098357201	17097416271671589381	1.0
18441555761098357201	17099391849144953658	1.0
18441555761098357201	17114465071340820018	1.0
18441555761098357201	17094717863906468237	1.0
