2367413199598835822	17097014408605029404	1.0
1643294396787751073	17097014408605029404	1.0
11286232304023327404	17097113768478248961	1.0
5107306840835824236	17094703415686353404	1.0
5194670326544953404	17104694329890936919	1.0
17205487366132059404	17099299103717689158	1.0
13471716636197055404	17112938987801240602	1.0
13471716636197055404	10894886817669201332	1.0
13471716636197055404	17108329354112967557	1.0
13471716636197055404	17102994214419038023	1.0
13471716636197055404	17117986107041315930	1.0
13471716636197055404	17109018387008504538	1.0
13471716636197055404	17107206168529599406	1.0
13471716636197055404	17100431291481968309	1.0
13471716636197055404	17102618735378961707	1.0
13471716636197055404	17110353877118324998	1.0
13471716636197055404	17119761195531962847	1.0
13471716636197055404	17111065467275325647	1.0
13471716636197055404	17107382249239965308	1.0
2288036745119225404	17115507223643628875	1.0
6325174644467473192	17101152519559100404	1.0
4596033570113562842	17093059903437678404	1.0
3107012061130705838	17106633413130569404	1.0
3069878655079708278	17109980704535800404	1.0
14121294969969012404	17104950413091542591	1.0
14121294969969012404	17094566367502789815	1.0
14121294969969012404	17099642722448466744	1.0
3392956737890154538	17094703415686353404	1.0
3896850819199552449	17111962333684743404	1.0
4772273203160076489	17097380339866280404	1.0
2195332177698630404	17120723620385848970	1.0
2718307501506100972	17097380339866280404	1.0
1535151526394683983	17110356737505285404	1.0
5865570201977570404	17102014871641050918	1.0
3935410511743954134	17097380339866280404	1.0
11670959127287909881	17107399205777556404	1.0
15274423066634506037	17113191149620073404	1.0
12665938476403071778	17097567218255244404	1.0
2145709039912771464	17103275921337139404	1.0
4788216499622610808	17092904730551682404	1.0
6832070678559859077	17093789476575627404	1.0
13269430227749904082	17104728895782848404	1.0
3230762224321254404	17104269660801966551	1.0
5110523992880136654	17097034638016339404	1.0
665396799077821404	17098292664026679149	1.0
4768234567872904702	17091604579528836404	1.0
5152282943734584370	17097380339866280404	1.0
936531792237434404	17109693422803121863	1.0
8070695313868637489	17099410918822675404	1.0
10696558088837073079	17113191149620073404	1.0
