14507552851731068799	17094189260726485390	1.0
1478086422404286390	17118055608251049762	1.0
1478086422404286390	17096461380082986048	1.0
1478086422404286390	17097973766902904672	1.0
4849060601799201176	17089728683772006390	1.0
5627440929102797524	17110979177154085390	1.0
6609708501378385572	17098172598167881390	1.0
6073570331886170390	17101044015839285383	1.0
10806296744967165133	17092762726037203390	1.0
1519197419582036390	17104326186885160662	1.0
13647065486593520390	17104114251674577803	1.0
18240093633642734390	17104553089917794438	1.0
5716691874700176467	17099412624028821390	1.0
6211651415178146390	17108661805954017190	1.0
6211651415178146390	17095289081585914633	1.0
4310334575711494520	17092971220928935390	1.0
5552845237093050390	17099063434506197075	1.0
14279594910198307390	17097424758522477986	1.0
14215358997110308395	17092595836458471390	1.0
14568415741705555829	17092166262435159390	1.0
13459318398705766390	17103552658864824511	1.0
423731314349348390	17107540617609139210	1.0
3128723180842707794	17109746495798370390	1.0
5539813348195495930	17107145540773841390	1.0
730925900558630813	17101941126947982390	1.0
5828016249138417390	17094989885665188566	1.0
13515030628024291658	17107983991482723390	1.0
4869835364734116390	17109121118350906070	1.0
4869835364734116390	17094007712465499141	1.0
6053594476761178236	17110647953445291390	1.0
12891890027045254390	17099952213567877244	1.0
17528240341078115390	17120395849979641971	1.0
4918653089336323489	17095378167834997390	1.0
18261396997010373677	17099053410045209390	1.0
729536337626017473	17111335496259574390	1.0
6664223790253411390	17097508243984202146	1.0
5261457174851833612	17103247333851365390	1.0
1549371252101208390	17106349069148599459	1.0
12245687634477770696	17100027538629112390	1.0
806858538845898390	17095892739280677906	1.0
6058329825383464390	17095900839566635842	1.0
13081560830360902221	17110647953445291390	1.0
7551465571483578458	17102318843556327390	1.0
14882113895055388853	17115872845734632390	1.0
825136863117931390	17109439083393719481	1.0
645921003728247017	17103603111892039390	1.0
2839780497965088390	17102149428702885755	1.0
2839780497965088390	17100163903867543648	1.0
4875323890954184312	17107418442946074390	1.0
6666344971117252594	17108677177638565390	1.0
