2784778203505125784	17091878731531365066	1.0
7894388870232883495	17104632821722432784	1.0
4468763716723099784	17104998662739884845	1.0
6872818249485864079	17104632821722432784	1.0
6043792597668446027	17105699193434007784	1.0
12126229282271265784	17093575939403288736	1.0
3544865448430571443	17102762810141386784	1.0
5489794219712103779	17092510035923425784	1.0
5770609686434503784	17112181329843421760	1.0
6697066834686090784	17105005878263054299	1.0
5618445765215265784	17097488620333961853	1.0
5618445765215265784	17106051668389383680	1.0
5618445765215265784	17104557887440011338	1.0
5618445765215265784	17109664251417012336	1.0
11475868408103169323	17102123143372144784	1.0
1456945589414478080	17104632821722432784	1.0
8611070605419843327	17115349606898674784	1.0
7913511111641555784	17112763671647772128	1.0
10525586598889119073	17112801832356940784	1.0
3243346589094574784	17099821736688922934	1.0
3243346589094574784	17118766463938642663	1.0
3243346589094574784	17115383704801607203	1.0
6160869798017677784	17099809835427581397	1.0
6160869798017677784	17106084786853589883	1.0
14863831937409484688	17110812674132843784	1.0
4908677627770617784	17118062347000858919	1.0
10008936157503784784	17113340047543255944	1.0
6201520042364448784	17091023844052221062	1.0
6201520042364448784	17095508322518268388	1.0
6201520042364448784	17099068244778650270	1.0
12362312060712681019	17115502529330900784	1.0
4901770339203970087	17099650818509750784	1.0
10829267236576810261	17107618537048023784	1.0
17846902807346854784	17091087886247861339	1.0
13829823500078133784	17093020157766977038	1.0
12779204620533066356	17109565333999075784	1.0
5879970833014928784	17113539849444619429	1.0
6898015768990732784	17118615659053220725	1.0
6898015768990732784	17107139901519169140	1.0
13862522786116556784	17098775633020711943	1.0
13862522786116556784	17103606925860085421	1.0
8121706867799457784	17114975425129283764	1.0
6400813175668143784	17092387831191340392	1.0
159020386802624784	17106723783599184095	1.0
11609827621708903250	17104632821722432784	1.0
6792954644361816784	17117873707757764550	1.0
6792954644361816784	17103793194324002520	1.0
3694025872327315784	17109293728841321311	1.0
3694025872327315784	17100381929347435009	1.0
5004308665198499784	17090023236856760444	1.0
