17009909023184843571	17109317076282590112	1.0
10469492662980493517	17114557258454388112	1.0
10690937510291570639	17105733020501016112	1.0
5435719292456505650	17100233727208358112	1.0
14603858555601969747	17102709621308215112	1.0
5949047754187722112	17107863354323973334	1.0
2150236495026796316	17093936823966358112	1.0
182423186292966735	17114619763103796112	1.0
1354327059447875050	17107522505795083112	1.0
5264896524867798447	17096559017593785112	1.0
14045102620031503112	17102030913377874145	1.0
2966322964043530112	17096337758090669193	1.0
2966322964043530112	17098140695165424716	1.0
2966322964043530112	17101457990493021397	1.0
4889905627886108112	17096299764770566111	1.0
4889905627886108112	17110474982316809679	1.0
10059752376589762997	17114518814230902112	1.0
7860355153341691684	17115415019294839112	1.0
4479454224530612290	17101047365868513112	1.0
4569950485835730112	17105922999796267346	1.0
5069730745326968606	17110193829398423112	1.0
4846070008505351112	17102312336808271611	1.0
5295703249316642910	17116203321852622112	1.0
3601136470394441331	17116203321852622112	1.0
11233446540717608112	17113896078266172088	1.0
11233446540717608112	17111564984880143845	1.0
4716764180507584077	17104715607048676112	1.0
6821361994327405491	17109317076282590112	1.0
3814785831327632112	17110313311171697902	1.0
6142429549634736335	17097750149510970112	1.0
14910407168440698793	17097196657048846112	1.0
7326972209856263111	17099046890311201112	1.0
5597630324855871459	17108383655320636112	1.0
5427851719628368546	17090857920884507112	1.0
5788693522188549484	17114564091807087112	1.0
1229484493145899112	17103847031642415325	1.0
1229484493145899112	17094627626567003429	1.0
12407928332431351112	17102244046765925284	1.0
5766740080048516112	17091878731531365066	1.0
7549595380321454927	17110489353307248112	1.0
5314545650622949567	17102332162332386112	1.0
272854637299028343	17116151537460047112	1.0
3928735972338709791	17109834104462839112	1.0
4118028726905749563	17109317076282590112	1.0
5033415781420705319	17114518814230902112	1.0
4691957172480841464	17110489353307248112	1.0
17940089767896509112	17115426053163753363	1.0
3970951940003024940	17109317076282590112	1.0
14069444428856678112	17115158124406043784	1.0
14069444428856678112	17111161064541906804	1.0
