10249760220826469031	17117549107009094167	1.0
17700452960700464624	17115290078703691167	1.0
4137626907599863167	17109293728841321311	1.0
3802305489751135514	17101263359607057167	1.0
6085277853605097189	17113106693450238167	1.0
1378688199818638542	17107965067784965167	1.0
5803448568598862736	17107965067784965167	1.0
1000154804867205783	17107965067784965167	1.0
3593026640121682167	17097809020581548078	1.0
3593026640121682167	17105468089769217520	1.0
9998351214434383268	17105035642496948167	1.0
10301599287103583167	10892020665686325401	1.0
4653874797567677535	17107965067784965167	1.0
2382348488809517167	17107954240143215248	1.0
13772330047821324385	17107965067784965167	1.0
1614766192377988084	17104435777235435167	1.0
9363253665185185167	17100113236148712176	1.0
9363253665185185167	17110376760727751631	1.0
2523272452557149236	17105503480260327167	1.0
7283807106152401091	17107965067784965167	1.0
1818017728956045167	17112515297949792391	1.0
6881481318711564167	17110703925488733366	1.0
5745333726960847167	17110455423005198604	1.0
5745333726960847167	17107538972712708079	1.0
2537463390184702996	17107965067784965167	1.0
5318055737731276167	17091969913644515657	1.0
3811555180497161240	17103177029693919167	1.0
18100936069642613722	17107965067784965167	1.0
1491623944102343525	17121056020872232167	1.0
6891759376077412167	17101719609706368080	1.0
3420849367583509597	17107965067784965167	1.0
8304614770545114348	17107965067784965167	1.0
555016418375535167	17096826044313874369	1.0
16027907802733554483	17104686723579062167	1.0
4439714379016723876	17104140111547970167	1.0
7537995291972750182	17110908653708156167	1.0
4300397673846459343	17107965067784965167	1.0
264222385047916551	17103691111475861167	1.0
6973475050789348167	17099709870020157004	1.0
11546536788698610289	17107965067784965167	1.0
4960329401962882167	17119089419748190422	1.0
12330653858068564144	17095663521130358167	1.0
6837508692223332167	17107981934193961408	1.0
3072886432800186167	17110524576237962399	1.0
15244961497302851167	17117051767008187832	1.0
7262918158697900167	17093845654805797913	1.0
7262918158697900167	17118834333028368702	1.0
7262918158697900167	17097982030473012883	1.0
7262918158697900167	17103428379647342938	1.0
7262918158697900167	17103255988294504654	1.0
