6841969324277670564	17112544804319790729	1.0
3146435557357257682	17099311069441348729	1.0
3587915688994817175	17110544599415697729	1.0
6986092252637372023	17111924254530002729	1.0
14788687249933112729	17104700823913460012	1.0
13735927322945351909	17096309196553349729	1.0
5726718299920323068	17097049013164058729	1.0
11064449873490262729	17114879883556604005	1.0
11064449873490262729	17107827044773002590	1.0
5111074109526908637	17106570990085137729	1.0
9739288957574409729	17107830278859145878	1.0
2801064871951507613	17093686212622153729	1.0
13969796123983909434	17094215296826810729	1.0
3245687090964530460	17097049013164058729	1.0
8914193676525657190	17097049013164058729	1.0
1862858433481149173	17115644778571336729	1.0
5631445453462982466	17117880330654982729	1.0
5411156344396644729	17094346113035432830	1.0
5939506233052738582	17097049013164058729	1.0
4474265105779405729	17093318511974962093	1.0
4474265105779405729	17107028850867470056	1.0
4474265105779405729	17098725987545780345	1.0
4474265105779405729	17096835927021772635	1.0
5761773148013043729	17120575830654774980	1.0
1775561775629779701	17099311069441348729	1.0
10103596162295485652	17097049013164058729	1.0
324317778127060358	17106803103059530729	1.0
5313407925513772201	17099311069441348729	1.0
7789791778259551729	17099137101804027461	1.0
7789791778259551729	17109577415600055895	1.0
2456511987136233869	17097145418141872729	1.0
7757380104022133858	17109512892445841729	1.0
2340187397694157427	17097049013164058729	1.0
4603642133652701166	17107704638117081729	1.0
4928083492729817729	17113902065482844701	1.0
3072032734922270440	17111835606495721729	1.0
3404832897649287003	17100800465279133729	1.0
10813639102138612551	17109867012458968729	1.0
10270481592441145729	17110224018697375927	1.0
3707837795022062345	17117336888418030729	1.0
4588419360830169156	17099311069441348729	1.0
4958747362944381362	17115303247167817729	1.0
4595222178751489729	17100878419019159266	1.0
1286931901783470729	17110314904547588455	1.0
2871366820441381729	17116727849140532782	1.0
6184075174142035729	17099310734366766620	1.0
2563479340897098504	17099311069441348729	1.0
6395071246405400267	17097049013164058729	1.0
6708329453841862729	17111100578617037745	1.0
1719247388443866729	17113754640845201521	1.0
