7419749087507023125	17095901999252790176	1.0
5615858798623267972	17103213661530303176	1.0
5766123107774705176	17099363923283484604	1.0
5766123107774705176	17118190951209786720	1.0
6781697207135493176	17116793523450362857	1.0
6129145276510869446	17091199972058939176	1.0
3172889519932271176	17094444321684051243	1.0
9807204825021948176	17106388080345974233	1.0
4501081164394380176	17113667148015913953	1.0
4501081164394380176	17100025399873749360	1.0
4501081164394380176	17091969913644515657	1.0
4501081164394380176	17098671230912683581	1.0
4501081164394380176	17113323335833991534	1.0
5990399577827011176	17102295934391372516	1.0
13535108053846904176	17102001393986221046	1.0
13349384009128024798	10895171217571400176	1.0
7341280318041392541	17107177478241977176	1.0
637125223565840176	17104531834213624137	1.0
5922327749420215117	17110418580718253176	1.0
7339385928590421575	17095901999252790176	1.0
4632534016156665176	17098238723431766319	1.0
4632534016156665176	17112514834002307507	1.0
4632534016156665176	17105951630096033324	1.0
4632534016156665176	17101004639507664547	1.0
5678943530312475176	17110901343588580754	1.0
3552201720180880223	17100629942286479176	1.0
6845490655979270669	17117772453872222176	1.0
5730467027967790418	17099203523526687176	1.0
12659931948074290176	17108848091625576230	1.0
4806309779329228759	17095901999252790176	1.0
7094687850368428012	10895463142097334176	1.0
2594849273056304176	17111209245586301700	1.0
4471714694069535176	17101872424736089270	1.0
254098339557634259	17110179368222914176	1.0
11124337154983070082	17104347919246427176	1.0
17462069523923788176	17113667289775726844	1.0
856962326567904795	17099384311460172176	1.0
10922885496932143561	17098769499861575176	1.0
5427072359396251836	17113646669666543176	1.0
1253304502519704493	17106234058557009176	1.0
5581979326990771850	17095901999252790176	1.0
4747603705304313176	17102626341694468604	1.0
1815994352898729176	17102070366816759495	1.0
14404451386950512979	17107177478241977176	1.0
2808184368928149178	17094833819396901176	1.0
4288088563128320526	17095901999252790176	1.0
12887675273567192641	17095901999252790176	1.0
736538838713913176	17108587610430727874	1.0
736538838713913176	17103220657910294381	1.0
1738691637341541620	17117360794116351176	1.0
