1013274061590928740	17097785737498183807	1.0
7379908776477685150	17115716895357067740	1.0
9390466054273959740	17108144288209617498	1.0
9006416585804400438	17106707819230890740	1.0
10801561990999010765	17105011959843399740	1.0
7084414589517300347	17098076742973015740	1.0
6106131462667768740	17104365331095484056	1.0
5102823571794517827	17094176131046850740	1.0
16127476454476670740	17094562098257941964	1.0
3714738807203525233	17094729005067288740	1.0
16222879905025659740	17107684250013445822	1.0
16222879905025659740	17108953163671119574	1.0
16222879905025659740	17106947023119762783	1.0
6426120259612702740	17103190365533117637	1.0
4102479475989058866	17111184150114115740	1.0
5949017313650987264	17107540578960106740	1.0
12741812905410166740	17113591887259162235	1.0
968633850420654114	17110628677720565740	1.0
1829000746751044086	17099031922289731740	1.0
10107273999270165740	17107183907654583696	1.0
5214477018782749640	17107129606429926740	1.0
5401672219102988370	17107992113107173740	1.0
18349082628531097814	17110416149751393740	1.0
9365931340733369629	10901048249012521740	1.0
3907456403550894740	17118042697532472991	1.0
3907456403550894740	17108405946154980613	1.0
3907456403550894740	17106835908052842750	1.0
12058159625937439318	17115194326772587740	1.0
6598699368853588749	17114187706698338740	1.0
3879589973366946740	17107504398190960212	1.0
6359037229340162740	17106156796289177268	1.0
505938028983521907	17102858403215181740	1.0
4366774073783170740	17100282651123804796	1.0
837800050153140740	17100879840629722131	1.0
3888931456670986740	17112359412152690581	1.0
3888931456670986740	17093067071779364368	1.0
3888931456670986740	17106286435574198608	1.0
3888931456670986740	17103896007149799936	1.0
3888931456670986740	17098390829813642951	1.0
3888931456670986740	17110469274282062297	1.0
3888931456670986740	17113149406844389664	1.0
6804494677902358108	17110416149751393740	1.0
15287242458542391740	17113313556255236595	1.0
568245600267335740	17109558775640731609	1.0
4404547867892589740	17099311069441348729	1.0
10888528829323037393	17089668846281376740	1.0
5135416308506296740	17117922786308386467	1.0
5135416308506296740	17107656813629345529	1.0
5620328694886674015	17096673727659255740	1.0
3801232842068613740	17110729935852783246	1.0
