817127359340953651	17111527043127149878	1.0
13860599148789917522	17098464677441863651	1.0
13281716949571141166	17113611652766599651	1.0
3333208988181297360	17096352206281735651	1.0
2653832838793254014	17117054691864192651	1.0
5723238318711237962	17098464677441863651	1.0
6633292635069280050	17089823044247667651	1.0
4586200409582759651	17093391195699489830	1.0
17673013097760742651	17093785181541978410	1.0
2252801190164814673	17091595371076694651	1.0
6175240835473074548	17104371524422414651	1.0
10543707887638111651	17104299927401011478	1.0
10543707887638111651	17115366825437078101	1.0
6278430741687192651	17114336230913719606	1.0
4238521711123999651	17114478999937578200	1.0
4238521711123999651	17120584665294654060	1.0
4238521711123999651	17120465802072768143	1.0
12945160321780954651	17114399319707397325	1.0
12945160321780954651	17091819877519743044	1.0
1547598411385032651	17103593345106565751	1.0
1547598411385032651	17100256172673405158	1.0
1547598411385032651	17111474112079594781	1.0
4694546923038756367	17096650521837283651	1.0
14211087974912977651	17095828465054311198	1.0
6040174470173237651	17114725707125579962	1.0
9683795386212009877	17120903601049168651	1.0
1462243713293742651	17091878731531365066	1.0
10445766911158107651	17113191149620073404	1.0
5180113222257040185	17113611652766599651	1.0
3431220349587221651	17109100631425258096	1.0
3431220349587221651	17099685848340539732	1.0
3354462291116078300	17104204282777554651	1.0
7307663145322768875	17093000714461885651	1.0
3437029720430276651	17096074094340253726	1.0
3437029720430276651	17093550663589965269	1.0
3437029720430276651	17107078187065666431	1.0
4053399192614023979	17109362959380492651	1.0
5160109575084984837	17104371524422414651	1.0
5657243488047178515	17111390780910313651	1.0
3633565998915832875	17113174373557611651	1.0
3841000010117558091	17113611652766599651	1.0
12877035869908274799	17096103884186142651	1.0
6092214857700452327	17105786595863698651	1.0
3129149585748311557	17104371524422414651	1.0
10622180337176923651	17100633665955987078	1.0
10622180337176923651	17108782932715057830	1.0
3044166652252948789	17100169994113479651	1.0
1253070091355020193	17109362959380492651	1.0
5587038171485117651	17105825276312463496	1.0
2690452667675223929	17110189199380884651	1.0
