6395957494484255980	17099317108123047401	1.0
6395957494484255980	17112515890620296015	1.0
6395957494484255980	17112865823077261571	1.0
6395957494484255980	17112602636105045462	1.0
11634620968777132430	17094403652640268980	1.0
5840871192837432012	17103697072886277980	1.0
6920394670978563527	17106372339321576980	1.0
4812722412921346565	17099040769888100980	1.0
11802119429024243980	17103044478361096540	1.0
11802119429024243980	17108690681008709094	1.0
12319978586319659980	17113875728753481189	1.0
12319978586319659980	17119313062985779813	1.0
12319978586319659980	17105166707607163555	1.0
4747635538806014980	17096394984194508690	1.0
4497569348773057075	17106739511743101980	1.0
316070847533862037	17117530844751012980	1.0
12805311516624707966	17115234789616772980	1.0
2399278605762662456	17111883701471576980	1.0
484554400733422531	17097072940574022980	1.0
11235389258080293196	17101127823462817980	1.0
2185465714430461980	17099752931292886252	1.0
6279375797866360250	17102305555028468980	1.0
682522718755817907	17096079149507518980	1.0
9558270172068313353	17103395729361939980	1.0
3502965528050364206	17099266079686263980	1.0
13289559331305738980	17091078222636766742	1.0
13289559331305738980	17096228051704354125	1.0
6624582071653715493	17102524800180034980	1.0
3786209810151670886	17108040766541845980	1.0
2247234477782713192	17103249855126872980	1.0
6850349089044434371	17109918874251204980	1.0
4237962778310424375	17114569172709615980	1.0
18214929750317411980	17102325440642484070	1.0
11480129986635362980	17097505254744779468	1.0
5180592638941214033	17096680118512567980	1.0
527724207592403619	17118643434512188980	1.0
12728367509746298980	17103661484829825344	1.0
12728367509746298980	17116968410187205323	1.0
6355464394282013980	17102584032109768874	1.0
11304127143640288980	17095126727531003655	1.0
11304127143640288980	17111359930201516400	1.0
3991488253602369142	17101541368745661980	1.0
5882070559917432639	17092613347025574980	1.0
14396207264773529529	17104214762426929980	1.0
13279029093559590980	17102744028195072216	1.0
1928377588046447980	17100055086687814647	1.0
12557942416099408550	17100071815454524980	1.0
11390023905273143035	17100358710697639980	1.0
4002126316482452980	17117966882844634121	1.0
9335167177503898459	17096259198711312980	1.0
