2690161077097860560	17113899815027897848	1.0
5632447851914966685	17106475332600094848	1.0
10720045864055347848	17108289861746821096	1.0
5997944419136007697	17110447335465276848	1.0
3664580901472603848	17106937410832002929	1.0
2646933447832365848	17099771713157281058	1.0
1534235432269093286	17106701119098802848	1.0
9678640767843350848	17095708304819493186	1.0
5621302759253387848	17119847292499041238	1.0
5621302759253387848	17116022559623864502	1.0
5621302759253387848	17108972800246204404	1.0
1083313442487338848	17105802431500125579	1.0
12280140315131888848	17101203058362136615	1.0
3264084293956677848	17095130262286801763	1.0
7008739490969300781	17102311714064877848	1.0
11283404532706879848	17098025143344183614	1.0
5813111614188835848	17100494852660146658	1.0
5813111614188835848	17100376105403885510	1.0
12576920665680796070	17118850915870646848	1.0
3110985340178418470	17114008928607498848	1.0
13513823209150653848	17114651030538764261	1.0
5516326105378845848	17115640603890701200	1.0
5516326105378845848	17095318871506453130	1.0
5026450930869145157	17103114679476167848	1.0
94494777743070990	17104705376412536848	1.0
2233451532775375848	17107943399686709241	1.0
2983335794426439926	17111452482496081848	1.0
1882934050837122385	17095975370112010848	1.0
5035385592841820848	17101670337974242158	1.0
3673313145133926714	17096752518700878848	1.0
7399141858829277653	17096721436019700848	1.0
5064823240606064848	17104479487069902737	1.0
8520894177422698715	17107958431996500848	1.0
1703682654585710848	17093093562990762746	1.0
12989224981227376453	17109224253477518848	1.0
3887247747624793030	17106701119098802848	1.0
54827167510068848	17099094233530635397	1.0
54827167510068848	17098821035099158256	1.0
7249786441831586909	17108518276800535848	1.0
11400589845751992848	17095345027911428623	1.0
5671796705516215848	17115953612559255184	1.0
8015564632328662110	17110647721551421848	1.0
4796459444179304848	17097108850654688379	1.0
17978942750906556203	17103114679476167848	1.0
6721321717271270575	17103114679476167848	1.0
11242337927747377080	17095574151589586848	1.0
617651502643749848	17116104052322354197	1.0
16003933131196796848	17102291819687599581	1.0
13682617008751836556	17120990449567768848	1.0
4395006812914273793	17095975370112010848	1.0
