12995165093890648014	17110846007357086774	1.0
3468983577463110369	17097087521826705014	1.0
8720254777527938014	17093043634057133931	1.0
5317655610728036257	17116585664265993014	1.0
13996433153918877202	17093799269137736014	1.0
4937586095455684014	17099077002307644652	1.0
4455130721811015014	17115052141901450317	1.0
1041407141496385831	17116115395385407014	1.0
3588646975392875286	17098232925287406014	1.0
6275038546370173422	17110322287694365014	1.0
4928490590730944014	17105986866016042833	1.0
6867374248842274014	17098604186543387644	1.0
5694015434848651014	17113476193759335947	1.0
12106424347466604683	17096880551728268014	1.0
7861431140591354014	17099002639241241556	1.0
12393086875020668903	17093620473950254014	1.0
4313006910861238014	17099137166198737357	1.0
3117560784387097014	17095634431279433750	1.0
4571196645398775014	17112333968616837258	1.0
4031144538399917014	17120031250205501129	1.0
2345996662513377999	17091259603425383014	1.0
14187156223616568425	17091919065466336014	1.0
14256767218542417014	17110217747974151045	1.0
14256767218542417014	17103948242499975302	1.0
2687729747286697014	17107210789831377667	1.0
2687729747286697014	17091878731531365066	1.0
2687729747286697014	17099363884595043535	1.0
5406738471859909800	17111729082673129014	1.0
8202496650121935215	17100773368385320014	1.0
3000523711466975014	17090315599703828052	1.0
2360890922840824157	17111757077266530014	1.0
15820381313636982014	17112072439494058273	1.0
15820381313636982014	17109224846154667693	1.0
1714576918019593465	17097685733580256014	1.0
2215821702251529014	17110577507414636973	1.0
6469205994463898512	17116115395385407014	1.0
1672277951644295173	17113674432259357014	1.0
10402256617622439014	17107347206565865898	1.0
10402256617622439014	17105012127406163390	1.0
13634332732543750072	17115912080148774014	1.0
5617245835755717014	17118587926454903480	1.0
905433462910772679	17113562161745414014	1.0
2606964686845861014	17091878731531365066	1.0
18391720709583899621	17105872048567441014	1.0
6567509069327731818	17107431856178024014	1.0
12412911530371568014	17098671230912683581	1.0
1343005908563457014	17111687327051919196	1.0
4814920156135249525	17102786406720581014	1.0
6906633583239827765	17099743306361164014	1.0
3085518894571639866	17116115395385407014	1.0
