3495239268248533226	17102090244061046131	1.0
6745787439617366538	17118772811896256131	1.0
2024233438309348589	17096253069867266131	1.0
9991482748681537787	17099312697276828131	1.0
11047834155156046442	17109754815013322131	1.0
12897350403268923855	17110607567906256131	1.0
4179303187296781746	17097822627096825131	1.0
6793489535647252131	17097623396444763256	1.0
6793489535647252131	10417452165831718298	1.0
6793489535647252131	17116883709104342513	1.0
2829452986168406276	17115928843448411131	1.0
1820630782720437809	17107905926088084131	1.0
5978397211463726834	17107905926088084131	1.0
6420717259623958131	17119190690684195246	1.0
6420717259623958131	17112780370425381236	1.0
4514726728026026131	10905558793472915905	1.0
4514726728026026131	17091931662694574988	1.0
4514726728026026131	17107160689079506900	1.0
4514726728026026131	17112098299521023794	1.0
6246371490113115131	17099166814429803290	1.0
3367287852404887187	17101030486591017131	1.0
3484371106282782131	17092513592219195707	1.0
15209160179817547131	10892061940361325513	1.0
7360132819706325131	17118089654351725563	1.0
14895003714655190131	17099819692252148626	1.0
2507889248898450131	17120084696845959474	1.0
2507889248898450131	17115378477842634381	1.0
2507889248898450131	17101706050624534333	1.0
2507889248898450131	17119018780396333252	1.0
2507889248898450131	17097805593227191161	1.0
6779701743491679468	17106224407725360131	1.0
2166987721761706131	17119320433142416095	1.0
7376510736036545258	17107905926088084131	1.0
17536957057204231131	17102011830818353015	1.0
9358606450079664290	17102600885578324131	1.0
5261120269188609306	17111312290422371131	1.0
7781808654498030657	17095397392067911131	1.0
3454804412174181131	17095629904474008803	1.0
3685598978484074898	17112158381840143131	1.0
13427535374590373831	17095733413227316131	1.0
634784642511969131	10891732748236000389	1.0
10117892359613566549	17099312697276828131	1.0
6446829768763070660	17098905774844509131	1.0
11832708228195207131	17119389019523661038	1.0
1523134894723206131	17106905834334565216	1.0
1523134894723206131	17092828155543726853	1.0
8232983009051628131	17115820481483850153	1.0
10888412833181902523	17106145878514163131	1.0
3600188346894525131	17105478011138856207	1.0
13114168255487001907	17104039463368943131	1.0
