4878444329242349929	17101616564937585207	1.0
6398344089691307297	17118595300844507207	1.0
3300240613760540207	17115507223643628875	1.0
8081784247868007407	17120018829231562207	1.0
5254297898385289769	17101616564937585207	1.0
3741444564194806891	17096541335139435207	1.0
9874038385217918666	17110183792139630207	1.0
4150845563236235207	17109293728841321311	1.0
18159254480514476782	17093583893701388207	1.0
5300248155854148207	17100620368690776620	1.0
5660841424986915147	17099094504330144207	1.0
5534653321268540266	17102975441153851207	1.0
7231044871783635207	17103994654008413956	1.0
4501351721232015207	17110312873036243493	1.0
3081010265821268207	17112041112039184378	1.0
3081010265821268207	17114829615221564553	1.0
3081010265821268207	17101047700843782001	1.0
3748811691011189629	17106848960452629207	1.0
13819452354817683051	17103610636765470207	1.0
1741423749014929207	17091681081392998353	1.0
10121405515639352207	17104800140855573631	1.0
10121405515639352207	17096706803058714105	1.0
10121405515639352207	17105523567803108333	1.0
10121405515639352207	17105809350688769404	1.0
10121405515639352207	17112124765185698592	1.0
10121405515639352207	17093838697001854001	1.0
10121405515639352207	17111455007894362786	1.0
10121405515639352207	17110965995885365142	1.0
10121405515639352207	17116843624206626260	1.0
10121405515639352207	17100260270160234262	1.0
15253643537438831207	17115111038714884051	1.0
2698394679829925724	17104340351548556207	1.0
13075419971358525207	17115972939855603560	1.0
12728400177577918207	17102342358610027636	1.0
8424764554231302207	17111077432993110671	1.0
6488544951082822207	17092597361129062423	1.0
6488544951082822207	17095859028142680477	1.0
6488544951082822207	17091878731531365066	1.0
6488544951082822207	17107836227397640196	1.0
5623636425382464809	17101616564937585207	1.0
4820253940426155207	17110038888466787657	1.0
5546827259564718120	17120682251234583207	1.0
4998251092891145207	17100752142636793922	1.0
8371502526558426978	17093714452041559207	1.0
6615090889566479207	17117040746109158482	1.0
6615090889566479207	17113462986800951028	1.0
2678223936422184207	17097927368373307878	1.0
2678223936422184207	17102086404206556279	1.0
5905406431828173371	17098170085561577207	1.0
2683990350270189997	17110352429625488207	1.0
