13430937341659339580	17098599178597610465	1.0
13430937341659339580	17108019291727901952	1.0
6449980874871681580	17102826298219401106	1.0
2765027044232636858	17114704180768188580	1.0
2591232809975782810	17104927684019664580	1.0
1210856134154059580	17100930431051839368	1.0
4423562539257173580	17091878731531365066	1.0
4423562539257173580	17107091832319781147	1.0
5264216002618175065	17099037638976420580	1.0
6009218411521491709	17113928402328063580	1.0
5843953242039297900	17113124285752066580	1.0
3256845900393827580	17105895709556187939	1.0
5247111752412595289	17108557317942337580	1.0
5913090169514287580	17101923040982888996	1.0
5860491000492928580	17092448085220783802	1.0
154516637332617580	17113062167502586505	1.0
154516637332617580	17102515535911848859	1.0
17929716468479934556	17098345852791210580	1.0
13950805276478842045	17109809842172983580	1.0
8021652573061309608	17116208806521451580	1.0
5902869364932244580	17093958049841504274	1.0
13144459969248251518	17093205932332969580	1.0
11195465277663491580	17104196843902693492	1.0
2403517194944758580	17118330576309908250	1.0
2403517194944758580	17108316963022547211	1.0
5248902242621378942	17095311771900121580	1.0
1268552526174176317	17096569716373193580	1.0
9348840187825117296	17100352642033445580	1.0
2628960635546845580	17103838884046274506	1.0
5598901824409960607	17095311771900121580	1.0
5724616189971397171	17113114647714792580	1.0
7135652761681591361	17095803292238160580	1.0
1073870544176442812	17103799250095202580	1.0
2500776740094767025	17104538508481904580	1.0
7031979974646991483	17113124285752066580	1.0
3984701368903187932	17100759100465997580	1.0
1867264812024120580	17115870320353158397	1.0
13860622340595930580	17098961038199832260	1.0
13860622340595930580	17097049013164058729	1.0
8535546341524770580	17114454398341856909	1.0
3644404275979804580	17102303343157360987	1.0
6407280701064956580	17110703925488733366	1.0
6407280701064956580	17105988261843671398	1.0
6407280701064956580	17091969913644515657	1.0
6407280701064956580	17114324071867688133	1.0
5307646533191550580	17108816566561736392	1.0
1919734829603779451	17096349423195871580	1.0
13792632231254508580	17104574586247922632	1.0
4580219832170415226	17113124285752066580	1.0
7660878583382724875	17098935371429648580	1.0
