4939592904138949239	17113161398408799322	1.0
4939592904138949239	17101527620461014115	1.0
13435376139180607031	17111823885452923239	1.0
5848027064916658554	17098577991474636239	1.0
14616855838971950239	17108316963022547211	1.0
14616855838971950239	17092672012021268176	1.0
1997888348373458239	17093077006026879477	1.0
6170650542962402392	17113267737516173239	1.0
4425921459530271239	17102308986719637817	1.0
16815185153922200239	17108413939123221097	1.0
13090142221611598239	17094762454119547028	1.0
2669630325827401239	17116432535658496062	1.0
959956243172160983	17093232788781711239	1.0
4972032080832687451	17116029092308730239	1.0
3652552682859458280	17103379094924772239	1.0
9540634641623586018	17097527674428643239	1.0
12590986062327714239	17109293728841321311	1.0
4531222241864402239	17091878731531365066	1.0
11823579670443174239	17107087292462371125	1.0
5065137915445821239	17105488332013429783	1.0
5065137915445821239	17104617492956986592	1.0
5065137915445821239	17093729845270448235	1.0
5065137915445821239	17101902863158967188	1.0
5065137915445821239	17110368458509018929	1.0
4907684261660971239	17114069788193051618	1.0
6015262824535555564	17114037567495481239	1.0
3693419319587989239	17092336609371382229	1.0
1413172879406541119	17113141993765439239	1.0
7181826358700823977	17107759652376547239	1.0
9609514260540400239	17114879883556604005	1.0
7325547552446863329	17114336230818607239	1.0
9468504725229015715	17098180110023304239	1.0
7283367837985329960	17092817379418534239	1.0
11921064066974435643	17110416742525853239	1.0
4012011123181439365	17109964989183402239	1.0
6110330330061225811	17106396829187915239	1.0
1730558738997894239	17100752142636793922	1.0
5322854484302329239	10889239828992733021	1.0
3697041487180449468	17113141993765439239	1.0
8694326906583868330	17117309791359678239	1.0
9536103722985952552	17116034108830047239	1.0
1118868925403755496	17103415778273263239	1.0
10697229971171729615	17096935647593857239	1.0
2797780665266962239	17111097924274293170	1.0
2976561727983908239	17097333992900102467	1.0
10808766661377102806	17113141993765439239	1.0
17372655825032078239	17091885689397869053	1.0
4219067201595773239	17103812714909526909	1.0
4497676964413131239	17103770143225445637	1.0
3017049040373325148	17110852372417961239	1.0
