4183434877597693893	17116385243861098560	1.0
13281769665972409560	17097399602831362797	1.0
13281769665972409560	17092861733541423068	1.0
13281769665972409560	17092578123972218351	1.0
13281769665972409560	17120733073666094067	1.0
13281769665972409560	17120762644514534585	1.0
13281769665972409560	17113682219035174628	1.0
13281769665972409560	17117054769139490371	1.0
6234267967821180314	17116385243861098560	1.0
5601328335687319323	17112346750509633560	1.0
3885790297151400820	17097440254701748560	1.0
4762248010890223089	17097440254701748560	1.0
14163110161518859024	17097440254701748560	1.0
10340424202223964560	17102484998704718407	1.0
3069443286402125423	17091315433686451560	1.0
13705753885408483948	17097440254701748560	1.0
5036261766440856560	17109746882234901544	1.0
13045764248418499643	17096974439772876560	1.0
1942598065734319104	17097875339114744560	1.0
5314107945291041610	17116336684865055560	1.0
2490389207440193877	17096748794951320560	1.0
12876371011145684192	17113642722511184560	1.0
6170300559096159762	17107525031170647560	1.0
8253339373998795260	17100613874836013560	1.0
12333120230585049066	17105922690610438560	1.0
13237125296740661268	17096822148791105560	1.0
1645836806866579560	17109722641412564944	1.0
13585931681005741930	17113642722511184560	1.0
4929316143919416516	17093808855537720560	1.0
6211828636493581560	17097793120588737934	1.0
3947673903378479323	17108964729957771560	1.0
7281397289678789560	17108697638861101455	1.0
4861545863607522379	17100418509575493560	1.0
4377886907786172560	17103203662717101594	1.0
7199411095039832092	17096822148791105560	1.0
14172866776170124560	17095501622371799749	1.0
14172866776170124560	17093789682739787041	1.0
18064756342908906560	17107746148963244742	1.0
2989900895715951657	17118058429932267560	1.0
792350448557641560	17113646953008789669	1.0
2424190747341766838	17110564403525367560	1.0
13536461354889259844	17117111608744764560	1.0
3827507594394369560	17107728659891412442	1.0
11772408515224384560	17103908385244204127	1.0
7172463967044353086	17101988174116184560	1.0
4060368481211565560	17098255396618977972	1.0
1476221942016504560	17096352309382919123	1.0
2250190557968380249	17096974439772876560	1.0
106684298811843560	17096594549877738758	1.0
6437133528946245560	17096235400333502993	1.0
