12019635120663069240	17100391322384815410	1.0
11713301500861588410	17101731378064500142	1.0
8113699211291999888	17108647838721374410	1.0
2138905069827335251	17115336283993268410	1.0
3999589493291152410	17112127818887310785	1.0
2542185968733505349	17113387274973450410	1.0
9038233704091945976	17107790773701647410	1.0
4500295859361294410	17091963849242908916	1.0
17540059589467760267	17107020793372460410	1.0
6585551612599063410	17104514293462101643	1.0
2859610039774291164	17098219074037509410	1.0
5210946928068078575	17114436247763424410	1.0
4358055063401733863	17098060589668098410	1.0
13229441600240291604	17105681626777638410	1.0
3203698841659817976	17100489007116539410	1.0
1052229885365128410	17116188143571030603	1.0
11183768726957591356	17102014356183759410	1.0
7180300986449717229	17105329499736585410	1.0
1045778069415917410	17106422465884252070	1.0
12294073250372852410	17115328690525932423	1.0
11807066709885726410	17109435656070338261	1.0
2559241015964124756	17102014356183759410	1.0
1173665088718960410	17108323053348275857	1.0
5458450690647294410	17109456482243800756	1.0
13143337677181587954	17100500586354702410	1.0
5715654801245244410	17113104842253189454	1.0
5715654801245244410	17102427901400282921	1.0
12416905604150959410	17108174722342863997	1.0
4812720374829812905	17097865134353300410	1.0
5556969752386981164	17097315494486162410	1.0
5796919438757437659	17116781428782603410	1.0
4548985051893754406	17095443270954746410	1.0
17332862244705102410	17119362644085426502	1.0
3034016523594348789	17104425065543006410	1.0
12342308798993054438	17112517290786811410	1.0
14224582641467662992	17116597243424351410	1.0
4532559334817247196	17119437264872708410	1.0
10568193616310393140	17096615676647909410	1.0
5293512184533672551	17116871043354385410	1.0
7523255032623014816	17098060589668098410	1.0
3448907410928693410	17113653889475929285	1.0
5476341693071762091	17098051274011513410	1.0
1558499755220137406	17096911458369509410	1.0
10888824469271906600	17113387274973450410	1.0
10597456073391621243	17090762108749316410	1.0
3916675970040796171	17096248336818606410	1.0
1188430856670815087	17097857656735523410	1.0
10772267663295698366	17102014356183759410	1.0
10191867732879643815	17105681626777638410	1.0
11430382232646541410	17115022506571745961	1.0
