3866786529943299471	17108193633118122161	1.0
1995428749853024106	17091154153326210161	1.0
401453608837280669	17097805593227191161	1.0
5089102898796373190	17105002996250533161	1.0
12423120146435825225	17097805593227191161	1.0
336240091608142588	17099143724540341161	1.0
4074442176248607020	17117928945332496161	1.0
1984676890562442736	17114602832353053161	1.0
11876494427404283048	17115831128521541161	1.0
13714935788223543813	17120271265887351161	1.0
13111478683830144152	17120795071557857161	1.0
5174626809148385198	17115831128521541161	1.0
6355032202490078161	17116723506885969318	1.0
6045681103625267406	17111155979336341161	1.0
9190354495585129584	17099422248924607161	1.0
15062019753274916934	17100329049785808161	1.0
872778535066885679	17120795071557857161	1.0
1815511746670993372	17105501693605403161	1.0
3593045897586176469	17115618806942047161	1.0
3458933858183633161	17110627797254396719	1.0
3458933858183633161	17100726733660326924	1.0
1489714380542416806	17117928945332496161	1.0
6313452811066232838	17112577776865080161	1.0
3220705686720697983	17120271265887351161	1.0
5216260849757510148	17115831128521541161	1.0
4755002679633730267	17120795071557857161	1.0
3594530380715561797	17109729186935726161	1.0
1058139126812162426	17097805593227191161	1.0
12443673333815617662	17110510136522573161	1.0
17670376735185856596	17107621062427778161	1.0
3138482232111172161	17105286331053987294	1.0
3138482232111172161	17117793976007639199	1.0
3138482232111172161	17107581995377841883	1.0
5439831831229940161	17096446180102185365	1.0
4415887377927296161	17108312900076722642	1.0
13396310086517717161	17110652042206131400	1.0
13396310086517717161	17120694848390779734	1.0
13396310086517717161	17110622471357690882	1.0
13396310086517717161	17096064340509412346	1.0
7414188663385548195	17103209409326110161	1.0
5594609913843673754	17117928945332496161	1.0
15505635698890433932	17097805593227191161	1.0
4051955058066832218	17101595442249929161	1.0
6231423006857945889	17099422248924607161	1.0
2980813492972797161	17103461944890082673	1.0
3087251188124324161	17118412743389189618	1.0
3087251188124324161	17109293728841321311	1.0
3087251188124324161	10408680137485148240	1.0
3087251188124324161	17109644614792370705	1.0
3087251188124324161	17094641353292263092	1.0
