7203705261806937000	17099041066388291156	1.0
5161907512706050440	17110888978556119156	1.0
3154007864399764522	17116707439470570156	1.0
4736946158632561156	17101527672011980452	1.0
12290262118528705304	17100405019124448156	1.0
8499458617376603020	17102190935248076156	1.0
2726540918775694156	17102653224029108708	1.0
12509962903841853156	17111415979598731549	1.0
12509962903841853156	17118543391880201177	1.0
12435917813469928314	17100299762257433156	1.0
4760595664356281156	17112501562627278926	1.0
9347729399350988784	17096050008065563156	1.0
5814353129629274156	17106637373119139750	1.0
12075262738572384802	17093470708499156156	1.0
5780152021542250156	17100269907960443534	1.0
12066363816792318156	17119114850168977978	1.0
10616059836647227156	17117293672436730938	1.0
4027247476078651633	17101176682966668156	1.0
3904564786427776672	17116940651785840156	1.0
5170668419378925034	17113623515504328156	1.0
12503287085710420219	17116330075010316156	1.0
1310731779748609024	17100948654565329156	1.0
12162190731381512850	17101176682966668156	1.0
3017567211334513156	17108191034558128228	1.0
4695614502991855156	17095394969791312281	1.0
12968975971590289377	17116763063564783156	1.0
5783099215662942156	17099700528562173148	1.0
10988041666114799692	17113597646809520156	1.0
6463489976340803156	17113611691422930961	1.0
6463489976340803156	17100634310274147719	1.0
7351412452833071003	17090845190623883156	1.0
7143146062731845271	17112501665630668156	1.0
6358795154539633156	17098415963913313347	1.0
18443131747975462076	17116707439470570156	1.0
13307952057722109156	17115557633751407161	1.0
12220061644087015653	17107720301887725156	1.0
17974152685180059156	17099425032120099212	1.0
2354358861781363156	17094365698082111184	1.0
14929906354357623156	17101577188684545962	1.0
2379853455559542156	17098663250901493970	1.0
5590826384499160226	17114952515689754156	1.0
4795506441817992550	17097819109521852156	1.0
7062524850158032512	17105296978325419156	1.0
4571600968568535907	17102342603377409156	1.0
10011241183101302856	17099557656491923156	1.0
2088866935086742015	17111767488339440156	1.0
8247073626417512156	17111983911586733871	1.0
2242099613203773836	17120711289674295156	1.0
3967332600891029810	17097862016178040156	1.0
3257676864237215156	17116469167597557503	1.0
