6895101342809046975	17112223270232882223	1.0
12400065251565422223	17099989493870189825	1.0
12400065251565422223	17108462201623539650	1.0
12400065251565422223	17103593113107482401	1.0
12400065251565422223	17110589627819119514	1.0
12400065251565422223	17100401913831218111	1.0
7694749858885342468	17101397671990182223	1.0
5280471037807982674	17112223270232882223	1.0
9839647199148913223	17093769414832150264	1.0
4837520898806486903	17112223270232882223	1.0
5312439475794716985	17113299314059047223	1.0
11097925162485974972	17098924625365511223	1.0
1602169483580614109	17112223270232882223	1.0
6063305214331278195	17112223270232882223	1.0
5552581925336633517	17112223270232882223	1.0
2943377264135670367	17100623083093343223	1.0
3737779533587988823	17112223270232882223	1.0
1747198585157219575	17112223270232882223	1.0
6812380470387431327	17093451071867772223	1.0
4657626720306721239	17112223270232882223	1.0
5602821809926319193	17093516269439398223	1.0
6975824492731977693	17099953845726649223	1.0
6987785764461969673	17108521433600683223	1.0
1729804083230170168	17117178030434600223	1.0
11805125071300772968	17112223270232882223	1.0
6753633190372580223	17102244046765925284	1.0
16517452887323691513	17112223270232882223	1.0
5169816213788663765	17112223270232882223	1.0
5225041290424790971	17098924625365511223	1.0
5151276381562248927	17098924625365511223	1.0
4636704323737049635	17112351925963063223	1.0
4491535887450164223	17111575382989717144	1.0
2646316251858860243	17093516269439398223	1.0
9886374042319498223	17090173118423212628	1.0
9886374042319498223	17111727450568585858	1.0
7416997533819036612	17096004670416721223	1.0
6765947930724663879	17112223270232882223	1.0
2465474600132203153	17094483461721411223	1.0
2617149709530563865	17112223270232882223	1.0
2190916070874388114	17112223270232882223	1.0
9260053537795894078	17111154192662267223	1.0
5279392228256205752	17112223270232882223	1.0
17014805320290601831	17112223270232882223	1.0
5350502713668227184	17112223270232882223	1.0
4366654877364200188	17112223270232882223	1.0
1255262432279583039	17088681532094026223	1.0
3545183624447285416	17098924625365511223	1.0
3198877052841037362	17095896866779481223	1.0
3431869632711893100	17112223270232882223	1.0
3916989240719325583	17112223270232882223	1.0
