3308340192980383781	17100382277244309316	1.0
12691896713210770316	17100271875156686624	1.0
5293246046975402785	17107805522591375316	1.0
1835756635478253316	17093733401519954572	1.0
3699535072601201221	17116494718244331316	1.0
3522772528137258755	17097634649118956316	1.0
5145913951693741316	17105820654998872645	1.0
3876495962637357316	17107175137342271344	1.0
3876495962637357316	17100724977007038666	1.0
3876495962637357316	17090704594856098082	1.0
11534941649492500010	17104543632375533316	1.0
11455806989628493316	17101569337391614658	1.0
4812900437087890440	17101374449030739316	1.0
5042057794728038450	17096541476911201316	1.0
18317522972163418372	17111727532094535316	1.0
6446665280534113316	17091878731531365066	1.0
2792912436889005316	17104388523986759640	1.0
2792912436889005316	17110682888732448015	1.0
10334342387269474160	17098980777815686316	1.0
3107449727280789269	17116465259245758316	1.0
6818694487129392265	17100382277244309316	1.0
2138006360228393066	17112317656386976316	1.0
1980507413810102316	17108325501422337344	1.0
5581967409111667531	17111855655319502316	1.0
5587207264286524316	17094858639995214453	1.0
14269307265217517316	17107047014354705993	1.0
4857253115437790316	17111270753793695770	1.0
4203841580897983299	17101259094773723316	1.0
1232061158174878316	17099858652056519278	1.0
4640322293593242166	17110206001280712316	1.0
15152959618753463382	17107805522591375316	1.0
6672154211688230525	17097475387477447316	1.0
14772683796694575417	17091072712130483316	1.0
5190407845656785316	17104617492956986592	1.0
7789796545573998757	17111855655319502316	1.0
6398767770403471529	17110206001280712316	1.0
7322261331165177316	17089822631935276192	1.0
12951083700370439316	17104007263949081799	1.0
5461437651434295654	17115193708252704316	1.0
4433908605925159846	17111949178226985316	1.0
18238891390260548628	17111855655319502316	1.0
3310511524684667316	17094368841951144220	1.0
3310511524684667316	17110541352449845009	1.0
214622720262303589	17107805522591375316	1.0
3708947381246585002	17118366782825699316	1.0
6213939045691595567	17102064001787293316	1.0
1909411616603131316	17112055521601033900	1.0
9289129977746161316	17091878731531365066	1.0
9289129977746161316	17097513329313012719	1.0
9289129977746161316	17102021481547043009	1.0
