5549421528182628762	17107991249990313001	1.0
5874682474084224582	17112995771655825001	1.0
7348085096790492001	10893178425624703697	1.0
7348085096790492001	17102307676661415532	1.0
7348085096790492001	17098158368854756670	1.0
7090097320565122001	17115142872949573597	1.0
5663262202231470021	17096733139815563001	1.0
3463365500102281001	17104557887440011338	1.0
2852729304581925001	17110608963761489457	1.0
12952804191032604001	17101298471100386520	1.0
8082487885364743087	17116380081308046001	1.0
7163184225045179313	17118921520872644001	1.0
4190454236795690001	17115955154389528686	1.0
4190454236795690001	17118736777124577376	1.0
4190454236795690001	17106700861373883565	1.0
14519063212829246001	17111983911586733871	1.0
4036061724928308726	17099491879006348001	1.0
4313673014918012001	17100243352205453048	1.0
5597176317367813001	17103275560577552533	1.0
3432818122199336497	17101366365889818001	1.0
3411840935942080852	17097354844992330001	1.0
15316015999340188916	17107219470032979001	1.0
2693618667005559001	17094221923947563715	1.0
4958645263047956001	17101895763470873258	1.0
2966462053556024338	17110356286535991001	1.0
7972009604777908795	17096733139815563001	1.0
5712603176817788013	17115632997446155001	1.0
6408722271717553936	17103779613523613001	1.0
13579260695573618842	17108633905914871001	1.0
12160631562913562001	17097052801475527440	1.0
7792819574687346001	17103935396345908151	1.0
7792819574687346001	17102439789856912137	1.0
7792819574687346001	17107107122383566371	1.0
7792819574687346001	17098548137119842201	1.0
5000909512515278367	10895125901287326001	1.0
12977040088588807255	17105447585568553001	1.0
689190276678310001	17108323053348275857	1.0
689190276678310001	17096637443774261947	1.0
4017030600205949001	17104883497296928570	1.0
6690826983728881057	17106051475272017001	1.0
3452309453000041001	17106112571087272313	1.0
3452309453000041001	17108190699601439146	1.0
6595659748606642001	17097023608452883844	1.0
4887510154740654001	17101561095367564633	1.0
4887510154740654001	10884156400092278793	1.0
3054588820050380001	17121510793400151936	1.0
3054588820050380001	17099070186154756484	1.0
3054588820050380001	17113787948362555799	1.0
3054588820050380001	17111545696175651857	1.0
8321133443286300098	17095483214192671001	1.0
