12754176320598467706	17097595414631997900	1.0
14004275957147000758	17104937751499350706	1.0
13782663466333982161	17108342277625885706	1.0
4335477052504943889	17117264616986162706	1.0
4559337318530956621	17110508818040868706	1.0
5728966783805566318	17105601658927173706	1.0
12590122795275368706	10912881180309038325	1.0
4283887917574065706	17108043919130472436	1.0
4283887917574065706	17098181355470374150	1.0
4283887917574065706	17098152016553183170	1.0
4283887917574065706	17115507223643628875	1.0
3878608502816703669	17095226924918558706	1.0
6579000410290024414	17106826721064042706	1.0
7743565067101212441	17118519099548302706	1.0
10458269970199740548	17116105293716063706	1.0
12642921742675266889	17113783953884043706	1.0
12002268898119861706	17108681674581939722	1.0
12002268898119861706	17100697136990015720	1.0
12002268898119861706	17101474586120273005	1.0
12002268898119861706	17102292803297408091	1.0
4923665670956520703	17090385092167480706	1.0
5992124488921302319	17102149282543313706	1.0
4432821110960287706	17114373859143272342	1.0
6059072728018539706	10891772292035361292	1.0
11348580953323165260	17104760584060091706	1.0
4104126856227660706	17106103684875830055	1.0
4104126856227660706	17099831748270111138	1.0
4341522501606768706	17108518238109250740	1.0
4341522501606768706	17091471525700222132	1.0
4341522501606768706	17115892971859324185	1.0
4341522501606768706	17115383704801607203	1.0
2753330223304770706	17110926361928321588	1.0
17980565260803149706	17098054830158248901	1.0
5620757835070284561	17092859405645579706	1.0
9645958040826697291	17114285786473793706	1.0
2481297564023031706	17098296606731104156	1.0
3271569678541648098	17100351233180704706	1.0
11600039774286789265	17101484533293425706	1.0
11529205075405028892	17107640956702020706	1.0
3948483407680038041	17109591928427959706	1.0
7857962614648376674	17097573815279646706	1.0
13513461766360068551	17103449034264712706	1.0
2519281701202861048	17106298246774076706	1.0
13808294413732897706	17109790450347438513	1.0
11258985770853285706	17099606361372916651	1.0
11258985770853285706	17112687521673425274	1.0
11258985770853285706	17095965603457720909	1.0
11258985770853285706	17099064817516078920	1.0
10417608240049289230	17097612465638076706	1.0
3918488115601328706	17105107900888625751	1.0
