5545905475910601359	17120235291290422413	1.0
5545905475910601359	17109422333008623225	1.0
5545905475910601359	17100945265879533973	1.0
1932358348499407359	17089771912641168235	1.0
10776154399098272468	17094923137555569359	1.0
4326063229298278359	17099315196991349534	1.0
4326063229298278359	17111097924274293170	1.0
312074579371494359	17109955725017317429	1.0
13466460689727178681	17099364168134285359	1.0
5992477453628039870	17109945893835511359	1.0
12129961505840787359	17110859536536907538	1.0
1401046198589462057	17097126056364094359	1.0
6831962827424003359	17105096699558333686	1.0
12751834145910458486	17096377830001949359	1.0
2214418810300069359	17121045811816561534	1.0
2214418810300069359	17098140012238278639	1.0
1390233488945071370	17104286501322891359	1.0
4553681811978896359	17098673661953234899	1.0
7145498207137163286	17110583211220681359	1.0
1058042649269180359	10888990373085230632	1.0
6472868064832583359	17095827687742643155	1.0
5494696619605064359	17100415249750511573	1.0
12222276050664082359	17093779954671541026	1.0
2463374774763471915	17101944528648721359	1.0
5574797278403344359	17106574855543125555	1.0
6953843781458500221	17118560412866108359	1.0
7060680853007136313	17109945893835511359	1.0
4758104414987946359	17097980982475408831	1.0
4613181587851211080	10885015466615866359	1.0
9852049594897424359	17115412794635151692	1.0
9852049594897424359	17098686417935415400	1.0
9852049594897424359	17117825565477757139	1.0
9852049594897424359	17117933588124502136	1.0
9852049594897424359	17115143740639804281	1.0
5542150321362517788	17096713129563882359	1.0
4843631215386862192	17109850391057231359	1.0
2936164988213510359	17108421429636325651	1.0
11571105459258365359	17103537385972173294	1.0
269488723501231110	17095587435802840359	1.0
579263062943967359	17111605185769407200	1.0
14551043272199811359	17101409015003984341	1.0
8986433596427379363	17097946382227631359	1.0
4417247478657629359	17118091647318541323	1.0
4417247478657629359	17114034436438181253	1.0
8480257145581176359	17101855584134240679	1.0
1849839699958040694	17095220018571643359	1.0
5530151985386983359	17099536288939633455	1.0
6959824116572698567	17113287090733977359	1.0
7497490662373781359	17108299358002903397	1.0
4976249162564457359	17106648226494219840	1.0
