5084622784625302861	17099445003772191611	1.0
8508085430050524122	17096934870170732611	1.0
3292283281471502824	17098682238908446611	1.0
6564552703516740305	17119383315717523611	1.0
4836552417927215461	17107772962578064611	1.0
4271823939442691611	17102673234314842546	1.0
12733185256220612343	17099448186296363611	1.0
4179924801948173735	17090538804748527611	1.0
7859860013148293611	17104807618269009718	1.0
7859860013148293611	17115507223643628875	1.0
7859860013148293611	17116502513654778305	1.0
6771226445336981611	17097233469251551907	1.0
6771226445336981611	17100331970216662493	1.0
6771226445336981611	17104515019404445272	1.0
5601163554500898611	17114776864442448220	1.0
5601163554500898611	17111077432993110671	1.0
6338459726219839611	17115607889121775919	1.0
8161215284768228611	17115870320353158397	1.0
5956165854317729645	17101852959915894611	1.0
7876359743460911368	17105445360776752611	1.0
11840288613979647611	17094494083243260189	1.0
4549556320591074611	17102720886940312032	1.0
8233706047252270611	17101805341602770362	1.0
8233706047252270611	17097015070112020228	1.0
8233706047252270611	17100381929347435009	1.0
8233706047252270611	17111079644929492850	1.0
5865748155930000611	17106912044868304704	1.0
5364802437748250921	17096934870170732611	1.0
6455448151509948500	17100460733304623611	1.0
1443659244545221611	10897958621170036636	1.0
18062445160912469464	17105611232485332611	1.0
8484548269601798611	17101188970810645992	1.0
8484548269601798611	17097092955033797664	1.0
6014396351247525307	17097119098427004611	1.0
4300418943340869611	17117899142552806105	1.0
2921888370774470091	17100460733304623611	1.0
1300206554235846611	17104515380148712927	1.0
7383623369675994335	17116336556127810611	1.0
6040185433387461521	17100460733304623611	1.0
11960141651654631779	17102191076901767611	1.0
2910410858045665611	17117609193589544647	1.0
4915188840734376611	17116668372355084350	1.0
6738989206346719611	17118802357002056679	1.0
4098230190496984611	17091878731531365066	1.0
4286739465810658634	17103334985628472611	1.0
3381620764367229365	17102014523744176611	1.0
3970325021238805986	17099445003772191611	1.0
10551648311091430646	17096915478472127611	1.0
5847038827702495611	17118023344459889919	1.0
5847038827702495611	17100236312798423029	1.0
