3243720372668247164	17100497043112525126	1.0
4332569064800988126	17107468101396430010	1.0
11549859003099405126	17099636228576402312	1.0
4696764950524507485	17117584836875328126	1.0
4574492769824144910	17112028098218600126	1.0
1261468265133297277	17099631091716035126	1.0
15808937850318567126	17107846449441896412	1.0
15808937850318567126	17101713450761239719	1.0
15808937850318567126	17096184419048438847	1.0
15808937850318567126	17103965495361470218	1.0
15808937850318567126	17096850104611547491	1.0
8611529918407388126	17102316395504095392	1.0
5631283675223830126	17095610486861491791	1.0
5631283675223830126	17112203530487165303	1.0
8134076155291076650	17104710848340785126	1.0
11156248619132628813	17114671285583402126	1.0
2905807511375109456	17119953584332250126	1.0
8783582669547180126	17105566826698291516	1.0
8783582669547180126	17099361217529404066	1.0
6820752479072733342	17119953584332250126	1.0
6258263654131729656	17113343165764887126	1.0
10483119539185578282	17095548579180690126	1.0
4636480794295865126	17097489487851292142	1.0
11431051633489435159	17109219339954355126	1.0
6554722212402228565	17103031868357208126	1.0
17864178910446592923	17110498883739926126	1.0
945835266460939126	17094413754441490315	1.0
945835266460939126	17113856715055030867	1.0
12574264779280311638	17109091354283195126	1.0
3678272841066135126	17119049128588523674	1.0
3678272841066135126	17107829660407249391	1.0
3678272841066135126	17120505126907530650	1.0
2042192520844960876	17103117900799592126	1.0
4085766551640069490	17111494031867035126	1.0
3432097416317715126	17115737863470912388	1.0
2652417681009538220	17096558837248555126	1.0
2505196096032412821	17119953584332250126	1.0
5626835310575146318	17095326061383742126	1.0
8360001342225396076	17106512355194304126	1.0
13310890436833853126	17115064949433978701	1.0
13310890436833853126	17099721045500824516	1.0
6225001472788551761	17103031868357208126	1.0
14929536806945050803	17096212967741559126	1.0
322295183167588437	17098037448400399126	1.0
13584780918216148126	17111889611369500377	1.0
7182190675206590073	17092402331019233126	1.0
4086761059891495955	17106326623654561126	1.0
5721488255832586126	17094362103070611221	1.0
5721488255832586126	17103873900975546665	1.0
12229357933028279775	17099564292110721126	1.0
