5752013795025466780	17111317427231675617	1.0
6561799426239963617	10911794317393374176	1.0
10893107070901017617	17111611370478947049	1.0
2367361009162895144	17112489180278583617	1.0
4746260245963014626	17097295119183446617	1.0
5440496911323697617	17108332523724461557	1.0
3478534978319530110	17097854878002341617	1.0
15671034520254057211	17111194629813208617	1.0
16340151688607478617	17104800243797934279	1.0
16340151688607478617	17113728084914309673	1.0
5395463326698792617	17112094588690897921	1.0
6487524197607169966	17099680827458230617	1.0
2284720051067079717	17096225710800888617	1.0
17506696638695826617	17120251281446809427	1.0
4834477397154809617	17106763572136070135	1.0
4834477397154809617	17112680963321132394	1.0
3241545016198413199	17099190406641561617	1.0
1166085905293830617	17113593841461022153	1.0
5686741521411830429	17113214432681725617	1.0
14485160716614633617	17107876007342769306	1.0
14485160716614633617	17096053955174126347	1.0
11849241150060594131	17108296562053081617	1.0
2073671771871752955	17115863169130831617	1.0
4117013576578888310	17106422298303268617	1.0
5795749204235501617	17110596907726259158	1.0
12872015538485207934	17099659056347322617	1.0
1250315566196173617	17105522893469291294	1.0
13597926902588372337	17095367859976234617	1.0
7024445566821644094	17121158726507606617	1.0
1617715698460878834	17115637846521828617	1.0
1909975778812745936	17108232790280152617	1.0
6028250271018319573	17111779621561393617	1.0
6059884753873581644	17110313405495380617	1.0
6471393421724734617	17105002463764214645	1.0
6471393421724734617	17104806905362513843	1.0
6471393421724734617	17095306270047497879	1.0
6756535084801588617	17097960817549214144	1.0
6756535084801588617	17100243249124612916	1.0
6756535084801588617	17109833460150915713	1.0
10003754192614842364	17104983205122510617	1.0
1239980075112655742	17090077860287950617	1.0
5690865205728282947	17094641134249230617	1.0
6454888638925132617	17096437929537295021	1.0
6454888638925132617	17105360582472831821	1.0
6454888638925132617	17096487188582978812	1.0
6454888638925132617	17114095025585838687	1.0
6454888638925132617	17106422358552325989	1.0
6454888638925132617	17117796900809910076	1.0
6454888638925132617	17099043888186037914	1.0
6454888638925132617	17107204154184718502	1.0
