7264339930346991270	17095266571702961284	1.0
10873983497543744046	17114788091508547284	1.0
18137701914041749129	17108465925350146284	1.0
11432498546321173731	17102244046765925284	1.0
7959564869710711605	17114788091508547284	1.0
2297644693572109284	17100352474464619260	1.0
2571390739704874931	17101965264812796284	1.0
4773095180864075321	17102244046765925284	1.0
4108510126179587887	17102244046765925284	1.0
3641138038972515949	17102244046765925284	1.0
1580343589656835284	17107110644196620437	1.0
1580343589656835284	17118412743389189618	1.0
1580343589656835284	17106523401857371632	1.0
1580343589656835284	17095325391335099304	1.0
12190368130240803434	17102244046765925284	1.0
5629171964785344662	17102244046765925284	1.0
2435738372754167271	17102244046765925284	1.0
1275568232297073789	17101487454005899284	1.0
12993601845448560630	17102244046765925284	1.0
4290714881259226550	17102244046765925284	1.0
12802483119496114682	17102244046765925284	1.0
5071348581433413284	17100180409386526899	1.0
5071348581433413284	17106098341837462710	1.0
452614197269988531	17102244046765925284	1.0
5780112057710229036	17106362250399347284	1.0
6590679863113011244	17102244046765925284	1.0
2992276429600877368	17102244046765925284	1.0
3706346559573640473	17102244046765925284	1.0
16162307345232662284	17095182802632597394	1.0
12017479722547366550	17102244046765925284	1.0
2439715594378652198	17099310407955185284	1.0
13332744291877293284	17113737387823155048	1.0
13332744291877293284	17104852479234276424	1.0
5305149334159497284	17104120204396304135	1.0
5305149334159497284	17099740407143853551	1.0
6236300101922402034	17102244046765925284	1.0
2618562787142376249	17108659933331712284	1.0
3167398180349331509	17102244046765925284	1.0
5416012878851522551	17102244046765925284	1.0
14183078513109069531	17102244046765925284	1.0
10750690404306058284	17107730352226712914	1.0
1012975035247346208	17102244046765925284	1.0
13441747774048239775	17093004837608501284	1.0
4744491779112223505	17102244046765925284	1.0
5757905671474544619	17102244046765925284	1.0
620102735124451272	17102244046765925284	1.0
8667107657378755284	17106099660404389425	1.0
8667107657378755284	17111419123428421651	1.0
11984666774622819866	17102244046765925284	1.0
3684437627607447894	17099310407955185284	1.0
