6057865706941755918	17105611438481134622	1.0
2966280109659219110	17112233642485425622	1.0
5837701887914868758	17105611438481134622	1.0
3822099602234500622	17103312024721388652	1.0
4626495191177191872	17106478528091758622	1.0
5223345766214900805	17112233642485425622	1.0
12072746580282046247	17105611438481134622	1.0
11849940469855066622	17115394386340424749	1.0
11849940469855066622	17105657798608759872	1.0
11849940469855066622	10894335408305306775	1.0
7437830499812041053	17108613753853437622	1.0
402392720039039911	17096415419569662622	1.0
15565668867429006117	17112233642485425622	1.0
4869543510170168177	17118294305247988622	1.0
3735748733681016284	17096415419569662622	1.0
394881763224270669	17104773391685407622	1.0
5931943472045184622	17106378446722152338	1.0
1886812354918988622	17120674387242928317	1.0
10795624271765883212	17108613753853437622	1.0
5700249172015333406	17105611438481134622	1.0
1628363952333297622	17112459119649102691	1.0
1219463166232667622	17108482224865260779	1.0
4767893564813161750	17112167839382236622	1.0
12761630515442290329	17112233642485425622	1.0
6427694513282151622	17112038771209863382	1.0
2035531621524869142	17111627953423788622	1.0
1586110136420163712	17112233642485425622	1.0
5419460976301005005	17112233642485425622	1.0
3367364590936964693	17112233642485425622	1.0
6991014022773534622	17094346113035432830	1.0
10196108448425371537	17105611438481134622	1.0
13122023948831668992	17112233642485425622	1.0
5537026107973136903	17112233642485425622	1.0
7811783566088023260	17096415419569662622	1.0
5132616671495873367	17112233642485425622	1.0
4877043570339980322	17112233642485425622	1.0
179233404404010	17112233642485425622	1.0
5959081506419137804	17112233642485425622	1.0
1117284687691109417	17105611438481134622	1.0
5921122043599698548	17112233642485425622	1.0
5380749070643548038	17117762609816420622	1.0
8015037404099709715	17112233642485425622	1.0
6936819289908354570	17112233642485425622	1.0
13400613480683467350	17096415419569662622	1.0
4018861911368512622	17108617219917270782	1.0
1132197616785905939	17106252157525773622	1.0
551325607701689622	17099471456508120811	1.0
5644321314322346990	17112233642485425622	1.0
6285562998049831622	17099577035337083431	1.0
4203832502388635003	17095110587014846622	1.0
