7621804423897994777	17111071484425579435	1.0
6386668302321541011	17096305275106588435	1.0
262800651836438583	17120930895581224435	1.0
3456257743803308676	17109754978233086435	1.0
6928348327999497845	17101207353212137435	1.0
11259512484818613012	17097087053756008435	1.0
6344542224534288705	17100322555719304435	1.0
3264874902738684435	17111342728854596555	1.0
2981565309496605215	10896009058306393435	1.0
2294128773710480436	17108632471429319435	1.0
5301886629037883548	17104395146758437435	1.0
3620196391844355132	17113760735313616435	1.0
7255347170812966435	17106828920100994912	1.0
7255347170812966435	17103147342879853880	1.0
4549020704189768016	10907510246344697435	1.0
5395570964607989435	17113055338524167385	1.0
5395570964607989435	17092914600390245915	1.0
5395570964607989435	17111919710467441127	1.0
5395570964607989435	17112203530487165303	1.0
5395570964607989435	17106578776831922834	1.0
5395570964607989435	17099203136813373884	1.0
5395570964607989435	17101340407114145128	1.0
5395570964607989435	17100051685033900261	1.0
2131897345968174395	17100322555719304435	1.0
4600358494441390435	17094447229314659061	1.0
4600358494441390435	17094357820975588893	1.0
6908296178300198228	17113674870371822435	1.0
12227214497062666151	17110577275483387435	1.0
2593332683930682643	17119343187816900435	1.0
4449070293764460384	17101317575006632435	1.0
2826478624767418880	17097599804128843435	1.0
4915559853619694435	17102436319610867396	1.0
6654923254279817597	17096260740576472435	1.0
6029536050986448435	17102099963417315241	1.0
6029536050986448435	17102247087621607986	1.0
7324639445242769435	17094822033977959057	1.0
8380397022120367297	17113538904507725435	1.0
11457842963548564435	17110664806837953279	1.0
3777780254242726427	17097208661395642435	1.0
6062205926110023748	17100322555719304435	1.0
9633511016958454357	17111905223587776435	1.0
2346574868501100128	17109613648071044435	1.0
4051714126623606711	17100322555719304435	1.0
6841443929269339435	17114074237791257775	1.0
6841443929269339435	17092762481152940070	1.0
4867241951021320435	17108651876062464995	1.0
4871583039318515817	10892948833939656435	1.0
6386098991710037413	17112823599304435435	1.0
6063593631844963141	17100322555719304435	1.0
397468185051029744	17106323028758000435	1.0
