10742948769624447755	10904481830504132326	1.0
11839759311121673710	17098457745360532326	1.0
6366908829012246646	17098457745360532326	1.0
3844247900751495326	17090463763158633317	1.0
3844247900751495326	17091786359696754421	1.0
1795441804804138540	17117791115558908326	1.0
5777663822609751326	17102112921414320141	1.0
5777663822609751326	17109591374378985732	1.0
5777663822609751326	17111408493417014229	1.0
5777663822609751326	17118300176586326759	1.0
6095246146652176326	17117426790597600579	1.0
18279676506701605598	17097580077334959326	1.0
4795080351479380326	17101087764294613043	1.0
3027847495378523326	17120390000288735054	1.0
13637139043497218159	17115628908650633326	1.0
5323787255019694802	17109720326498426326	1.0
1645848571139041326	17103312372618262959	1.0
4303154919590369324	17098457745360532326	1.0
6268914803104569326	17094865267086073214	1.0
6268914803104569326	17093328819938358573	1.0
2475330596275023703	17113330516998422326	1.0
1014920606588323178	17104018156049815326	1.0
1512105960520025326	17100850012125137437	1.0
3344375937590104326	17095034501619397839	1.0
10316080121373023326	17092217900836814001	1.0
10735147112419057139	17091352284501066326	1.0
14824894771383965326	17101649730686275915	1.0
14824894771383965326	17114423478841215309	1.0
4545485991690511083	17098457745360532326	1.0
9574251484749601326	17091430246675164242	1.0
6984909471949062326	17103519716454220892	1.0
3055741571910902195	17099631804697894326	1.0
7127866579795259326	17107807279259077619	1.0
1326888022868929993	17103886150138407326	1.0
3854656908889017256	17111076982021612326	1.0
3318102509853396130	17110856860596290326	1.0
5553072302837194293	17105815187612871326	1.0
1022726241067490326	17111790178598521857	1.0
4840971602580950441	17097875416448494326	1.0
6058239180066200326	17102727587141510965	1.0
7182897797761088183	17109368869295219326	1.0
2551993778862375326	17106421078630221081	1.0
4508341612140968326	17094322185666221744	1.0
15105403631171917326	17103610963109121981	1.0
4177175740166015326	17105844973093222580	1.0
11881367751381439382	17109617530576603326	1.0
12565524245771286555	17115132290249834326	1.0
4418642363632119914	17112850962484184326	1.0
10660569849628892522	17098457745360532326	1.0
3337059851133976326	17109515143019441157	1.0
