5587311337574719132	17114674983562273836	1.0
5587311337574719132	17112561606323821770	1.0
362280569398496132	17093371146854230276	1.0
6772246187214026015	17099743448034989132	1.0
6166098275456704132	17098292664026679149	1.0
3306816740097837132	17112655180644149323	1.0
3306816740097837132	17099596994080081045	1.0
3306816740097837132	17107558519145131013	1.0
3306816740097837132	17117221620025074402	1.0
3306816740097837132	17103097181859163628	1.0
7135779369256188132	17101325658291055553	1.0
7135779369256188132	17099749658605300895	1.0
735678824085477132	17094592936205025674	1.0
735678824085477132	17116085038528484750	1.0
3832344404896047507	17110392557479258132	1.0
4904784768374812041	17115117777560969132	1.0
13083802948954192132	17110911617221565606	1.0
2457162996463160905	17092524209306832132	1.0
1059205622574731536	17091471525700222132	1.0
4637199837967017132	17105009099541954812	1.0
4637199837967017132	17108316963022547211	1.0
10369307561686569132	10902741329416337531	1.0
10369307561686569132	17112490034758220787	1.0
10369307561686569132	17109749184189011662	1.0
9794815553787218132	17095652749393726841	1.0
15129357355388431132	17096219964349292103	1.0
5024397372839938132	17104902021752034038	1.0
10435616178199908169	17091471525700222132	1.0
6866518287616831132	17097603038212942115	1.0
13521906276398878113	17114439688078339132	1.0
4318542033021099078	17112757216298078132	1.0
1641295338492496132	17106332653790351748	1.0
3557256948330871902	10904459384999419132	1.0
6474463636057699191	17091471525700222132	1.0
4258754455755093132	10897125603686616604	1.0
4972004884903445568	10892889859793635132	1.0
9894806170933536132	17112739521002216374	1.0
13126304609694189132	17112946422445456237	1.0
13407912050588747132	17109846551285228564	1.0
4205631768254540277	17118046099201408132	1.0
3563867771132490132	17112252957046947510	1.0
1651593179019073360	17108438828463527132	1.0
13756259235784863132	17116163309984860002	1.0
13756259235784863132	17101216974066123369	1.0
7348421448127137132	17099172376395154830	1.0
5627503687167607274	17116803964474062132	1.0
2857155164155245653	17107313096088386132	1.0
13330105523165023929	17112558269049171132	1.0
6780682936759441437	17107968894586039132	1.0
378627471824597657	17115652659740275132	1.0
