4698287009692193236	17103756021299180368	1.0
12364428809344393168	17109746122025615368	1.0
5199777562464222368	17115519047716146229	1.0
5199777562464222368	17108235208289116572	1.0
3576703501452383498	17109280457362506368	1.0
4349843351367926368	17095050062348839533	1.0
4918364640506072050	17106110436503275368	1.0
14850306742124640954	17114395849391290368	1.0
6273728374735794916	17113667650528030368	1.0
7597868600863868188	17100322890697010368	1.0
6321398715724954884	17097014460129890368	1.0
13312893021828287109	17094136458421709368	1.0
12163912680993812386	17109422152733274368	1.0
966596907636289140	17110708280685288368	1.0
13429202917956578900	17110708280685288368	1.0
7921368926267492614	17105038348273549368	1.0
1824785167679822368	17109293728841321311	1.0
2040515851467815368	17102432089060830120	1.0
2040515851467815368	17094613178350798774	1.0
2040515851467815368	17108151477986138292	1.0
2040515851467815368	17107166886782681457	1.0
2040515851467815368	17101902863158967188	1.0
4467114152970120727	17100930431051839368	1.0
17501406228163875656	17096199606070969368	1.0
1089325047549107473	17097014460129890368	1.0
10469661422604368	17119075826122304293	1.0
10469661422604368	17098256766715265640	1.0
10469661422604368	17097577307098813438	1.0
4944060332486460353	17107882720294546368	1.0
8434279165036125066	17109422152733274368	1.0
12419297402342863368	17094403313357921797	1.0
1279809067339269368	17116079021328702663	1.0
3716901267338842368	17100352706395868798	1.0
5887582927769305368	17098586426809218048	1.0
3974998273293887219	17107439007254378368	1.0
6032807063305378368	17094832290460299196	1.0
3354105642287647729	17092003199696150368	1.0
1646651441625993368	17112445680810526677	1.0
1646651441625993368	17100757210661539210	1.0
2103419789002296836	17095097040716938368	1.0
4394134204840403046	17114879376724559368	1.0
3174233459511738766	17113012676566009368	1.0
10594350254550725916	17096474445343025368	1.0
3887622157543452368	17099050382109046411	1.0
3887622157543452368	17107540578960106740	1.0
3887622157543452368	17114959550896335373	1.0
3124091612918734936	17103379249651702368	1.0
13833334176435771368	17110353464736250634	1.0
2147674169040167373	17112413094827388368	1.0
12728356317705956084	17113640695305783368	1.0
