6194101159038869110	17097819019153785067	1.0
4476978597905883110	17113048213230310194	1.0
4476978597905883110	17093594137223389253	1.0
14684002636180819760	17117966753984010110	1.0
4265635939494669118	17111643320676495110	1.0
3276886565738679839	17111738359774838110	1.0
11028827809735785110	17108736443988439573	1.0
11028827809735785110	17111653190596410871	1.0
1502424829234706561	17105342887176773110	1.0
9676709186920066707	17094293972129272110	1.0
11240355975824963741	17100441015246496110	1.0
1428960217454448110	17105269503442510849	1.0
1428960217454448110	17097753074267098296	1.0
1428960217454448110	17119041728413773834	1.0
1428960217454448110	17102039889812434126	1.0
1428960217454448110	17117128500832426195	1.0
2306506337678188365	17105943684381260110	1.0
2375947511901655110	17091625057890759938	1.0
6509614880943063764	17099339656726314110	1.0
3424001495888294806	17107891903007475110	1.0
13650131508082031054	17112312287685772110	1.0
241363666610798953	17097704386508595110	1.0
4963893536624032110	17100411590335651591	1.0
12908318989518056110	3624480234226237412	1.0
343652995505800110	17119038197932955465	1.0
343652995505800110	17103997123615773312	1.0
6014140298731648110	17114925040777565222	1.0
3052517293571523110	17102779745128968983	1.0
6394103581490937152	17113994570540755110	1.0
13719113982506636110	17095974425274219066	1.0
17962874647190625110	17118253894004618519	1.0
17962874647190625110	17100509069021493319	1.0
12523608787100909110	17095454755735353359	1.0
2654848215093386388	17107130602940576110	1.0
10245670482519519561	17107130602940576110	1.0
10650488654196185014	17095928619470290110	1.0
3917599906955911566	10885299815036531110	1.0
2747746710117439352	10887597377782707110	1.0
1819253583676217110	17118949073104213247	1.0
4496308882049371110	17097425071965158812	1.0
3801242883553608900	17104087914818669110	1.0
401879466642327438	17106935211970173110	1.0
3667247788764353110	17110128687531955184	1.0
4786306235425565110	17110671159129133250	1.0
6178122545026486110	17091878731531365066	1.0
6178122545026486110	17104643687964038080	1.0
8452630348987526110	17119362644085426502	1.0
5652433541710052110	17108700950292591383	1.0
3536837321818548699	17114529770650568110	1.0
9558678933750428855	17107794059267513110	1.0
