12689565453398607154	17099047160830037442	1.0
4950023070926343769	17120690141165828442	1.0
4815956314297384596	17115836523067824442	1.0
9365889259483954966	17113164293350264442	1.0
13890504743466333805	17115836523067824442	1.0
12236822551964593564	17103902488291238442	1.0
4656311014401110075	17116986337460083442	1.0
4583674625210473442	17104610921706241921	1.0
4583674625210473442	17097709639289573033	1.0
1439452049996504790	17111507488112268442	1.0
3073310313060073283	17105091240763349442	1.0
11873388543216982442	17096917909274461650	1.0
4717347818939825442	17097538072548980485	1.0
4717347818939825442	17108838028533920984	1.0
3474341940135960744	17099305108029931442	1.0
3133000951661097076	17106270900733744442	1.0
11918159914569564415	17115939576608049442	1.0
4454989743432566518	17114562730333893442	1.0
5042613692574071482	17107329859247667442	1.0
11456531137496859442	17101984695200437106	1.0
4807872031856815891	17110939504433356442	1.0
11293134831166269741	17098265382404255442	1.0
5420105615638132442	17119459233588520836	1.0
6002641722077188089	17111373888808593442	1.0
3458845981588923753	17107367448800258442	1.0
12120793688293048855	17100087865892141442	1.0
9942197820293710606	17110989317526614442	1.0
1226319451224763732	17106285829944380442	1.0
12546733394302946923	17097019326349993442	1.0
2609005313134729442	17113356810914200422	1.0
2609005313134729442	17103660956474940765	1.0
5867283250595518883	17103353625837968442	1.0
10814511854773705676	17098374414390834442	1.0
913424579686134442	17102427669469033383	1.0
913424579686134442	17107038037792566019	1.0
14959517422048735442	17094885393393355792	1.0
6656505331090687245	17108262709025467442	1.0
7052356491041058226	17114568940778366442	1.0
12726035522590510442	17100246560607545454	1.0
4732887043083338486	17111348406904724442	1.0
13227394443262383442	10885561653397374546	1.0
4156193179447825065	17107498419633036442	1.0
2936045871415649442	17111277608582092499	1.0
2936045871415649442	17110810264545753189	1.0
2936045871415649442	17096143827382663063	1.0
2936045871415649442	17100332219421027500	1.0
2936045871415649442	17096925335334914260	1.0
2936045871415649442	17107497010831317046	1.0
2936045871415649442	17100313446153187477	1.0
1989523084730759358	17096196487976708442	1.0
