6182946038213173943	14362050863542771608	0.00243815429411
11982653344365514954	14126936393931997608	0.0065795169496
4373152954689720813	4864432023786617608	0.0367359179185
13736092775413806608	13424645819604709298	0.0067868787162
13736092775413806608	17812516892714239011	0.00332926671321
13736092775413806608	14598627929036059795	0.0025593114945
1267095484459611324	12200850624776568608	0.00735831387956
4275141178155680925	9426283302576350608	0.00260901033062
4113984474532351608	12571931875390030196	0.00481526663881
4113984474532351608	15235242958584052415	0.0178856823397
4507451391696072757	9407070138975097608	0.00204397710238
1281053255725979817	8735167534453769608	0.00203948315604
8826931138007245336	6806299766052271608	0.00396059017191
3107561452265863736	251980934609078608	0.00398754640191
6168291805311941608	17762462925605310937	0.00828144925455
6168291805311941608	10873012198466457062	0.0274928699614
6168291805311941608	10658873846957921772	0.00852214266103
6168291805311941608	14267105193317229337	0.00203924142745
6168291805311941608	16476915356999641051	0.0121734159916
12234188839708318608	9241255803484241110	0.00692576578963
12234188839708318608	11431315922750384836	0.0125948180465
12234188839708318608	16186498774787464620	0.00340680404995
12234188839708318608	14378746377153034834	0.00432321539916
12234188839708318608	7938514894106671330	0.0224960635333
12234188839708318608	10987001687526661328	0.0086232534291
1938952876230006973	15774709095676520608	0.00318506874225
2518276842911708788	8337375226879331608	0.0175682092232
876008290922329623	9956841960509662608	0.00287877380217
830482856462513156	16539648836423905608	0.00221214035768
14409252616667457675	15546894796533980608	0.00279935286442
3588836117417989468	8739242359708573608	0.00312037163093
3998480615143865933	9967715062216426608	0.00978747241848
6533600052887361044	7557605352366008608	0.00224585314097
5231656033631540701	2815260771937688608	0.00237052031947
3659236811632223308	13466107695150929608	0.00352016671904
1270486750928113865	9031755678811139608	0.00229803097142
11174617368216118773	9197618832947563608	0.0159821100495
6165318529226599302	8507025690879012608	0.0027823220839
5675609253720115948	10181291424902785608	0.00378002275127
3980914426069454912	60609330350732608	0.00350104346645
1968906836634095608	16051434709650248811	0.00233596407203
1968906836634095608	15428894837426174922	0.0116153498381
1968906836634095608	1620380727048124503	0.00313582873163
1968906836634095608	15917785446492562812	0.00558180350861
1968906836634095608	15928474782589263604	0.00211613791926
1968906836634095608	15921752097917116557	0.00443250915533
1968906836634095608	12446462751026754104	0.00347331115268
1968906836634095608	12888792579016235994	0.00344238668224
1968906836634095608	12881720309828947307	0.00250050015005
1968906836634095608	12432386751465485363	0.00601102229854
