4791175089462949682	16818643817166839785	0.00635975861867
2214356615018125173	7346110767068154785	0.00287835638894
10934969018685328574	2480410649685323785	0.00792304480903
11420085016594040891	7703084395709609785	0.0238365647311
10966935930595965678	11024273731880525785	0.0302337027578
4953806617248339720	9674461453727384785	0.00560507825935
3853821823521679160	12202480191166354785	0.00265884110101
2510239356115131487	12131528206560972785	0.00250156396637
2405034340825098733	7627293692381735785	0.00326722374677
5757674761640708347	18124317265622516785	0.0453609211627
9798903361014596325	8133253269721392785	0.00365440841378
10194790442264029676	11333043856616172785	0.0133440128171
10994506267685437778	12623341426899817785	0.010082510067
3258757676684876560	12217765717870766785	0.00214641701454
5727633727106400805	7346110767068154785	0.00287835638894
12434942501914463596	8594570268444626785	0.00341497870887
5533005331864712424	4489653110653467785	0.00238463220409
12190628730426282059	18129870557423005785	0.00746601366789
15933204598779393123	1765503934268073785	0.00499201914894
5639600806044378774	7520037887831315785	0.00236372935184
4954693997606442785	9492834550748576929	0.0308901031608
4954693997606442785	9218026928989805797	0.0105152529217
4954693997606442785	12725892588386045015	0.00785771216099
4954693997606442785	12450037698085532802	0.00539949247156
3726312183627432961	8070731819815483785	0.0114534688791
12745878554980382785	16924885503446951376	0.0180775381516
12745878554980382785	1129752961789556045	0.0167789013804
12745878554980382785	1137462024494429270	0.0102901572327
12745878554980382785	4450174283931848850	0.00588520459622
12745878554980382785	1129262476516539230	0.029617443888
12745878554980382785	1666152582854763044	0.00398219953024
12745878554980382785	14241911807638751292	0.0430331482912
12745878554980382785	7778032263636457475	0.00254956074852
12745878554980382785	1205769514444040544	0.00356633743759
12745878554980382785	1122749034047083579	0.00517641613764
12745878554980382785	7785956688876935466	0.00826813433565
11158254519172476150	6116020220051665785	0.00849841306953
4677636858495502018	13058221828457635785	0.0228575160441
8097573226632310485	6600298578830686785	0.00364396063057
4302221487523043822	8085594095579314785	0.00575979150854
2710457687674930257	10676045723582853785	0.00828599669082
246849035815332603	17658339821608366785	0.0101015254455
3236583987843516044	7647789055415600785	0.00668526270465
1986903741539710934	7441310810756378785	0.00623831410632
4004053435138437856	10590189503537292785	0.0108792096237
3602409686470128944	6403670745405040785	0.00898896831621
5674978155935066256	16594175076891616785	0.00639059179428
3899697887139722389	12202480191166354785	0.00265884110101
7064760275252841437	13155554775844575785	0.00669349440752
2204245690636909884	9144584179709628785	0.0104370715181
