11486153321961788669	8534962719346212871	0.0158910431541
17050525270065639980	14609274222656685871	0.00229313169337
11879950695839193419	10549709078355311871	0.00412796917442
1651943920337302942	7902547202740417871	0.00512611601286
3344977555140038641	10545303404785107871	0.00411491276056
8295387713285936246	11164885348557957871	0.0052970143847
13225640370377791871	6399228898537359244	0.00499637893743
14378446851210222246	8743725064363638871	0.00322105045019
2038325065564127871	16016914152027161287	0.00270253490991
2038325065564127871	2387034411381191850	0.00493750405994
2249479277442104969	15310044682528858871	0.0733235575107
2022682987866144488	6826176437064828871	0.00280223101565
2022682987866144488	8524449111648857871	0.00449013255067
14390198701767482168	16606434541258994871	0.00203232723038
12192060582149780066	10175238407188952871	0.00831890330808
2219588830546221317	8592474145784668871	0.0410997468263
10665363617330391724	974166539171623871	0.00290741902315
11335645310694574871	8201759339142482414	0.00252883506356
11335645310694574871	13951318609846962164	0.032075014955
11335645310694574871	14534349782828700894	0.00346371370093
11335645310694574871	12660660430086508499	0.00200090461337
14498899935162852868	6944508185705609871	0.00700621025465
11489633323172614323	11565300328971469871	0.0224733287488
12871744138471471434	9191490074160178871	0.00302083097331
14096090770783588884	12200967095584362871	0.00360386686135
10785292057309640347	12079266250251947871	0.00967822506788
9319044234956541901	6397609362157260871	0.0131830248651
9808213268877136871	16801270510298968191	0.0258976989622
9808213268877136871	10728286782113471098	0.00563892839416
9808213268877136871	6890551860259385984	0.00919678757134
12263202767361638157	10271829769411575871	0.00208069350252
3339308211008131161	14432919600067069871	0.00236837193075
7729404580561606593	7640858890285917871	0.00263831121083
11264703115169671812	12700907198994029871	0.00760022375388
6471286481490312871	7960519721542223996	0.00293706339667
2896436020706010114	8480447697240312871	0.0231682682286
4117280458017124052	10024485208392954871	0.00346990119684
10676597301059513080	5727287386541954871	0.00999250842697
13348371809425892378	11600860454730470871	0.00384285813259
5598274880055878651	13053858630531211871	0.00647117044291
1730713821974260606	10130918629787725871	0.00452799369066
1640166642733404408	11565300328971469871	0.0343807082086
6584677144061555791	8549966132266625871	0.00551359744649
12691222146653921740	10545303404785107871	0.00617236914083
3466583395204078375	8246526302427086871	0.00621790036435
2437352593228698045	7077150115746069871	0.00336822549596
3715431403179624696	12072003035266758871	0.00579849003786
3490611276312102871	8070109264440484202	0.0458349248514
12521986131371241136	16153969590459743871	0.00269269987516
11060314447984708871	8134474685399321089	0.0167600380788
