4249985453963161354	7701560551688132745	0.00464338429166
6229303144757604568	7346091119717558745	0.0860662965824
10736455491145773576	11041515568164580745	0.00436518934856
11427608750213678697	17191198717415087745	0.0138595113389
10179776928470396069	8978264878420594745	0.00914855267622
14571272387486366760	18166849522020713745	0.00202635181227
5823390781030417659	8624646000467235745	0.00964306255212
7778843507285767745	16705655812524470612	0.0100341743885
7778843507285767745	8188290565255421477	0.0169127522873
7412164956738611969	6248611827410961745	0.00228895887219
738433916050694205	10395386760387531745	0.00504786618163
5289212353961627528	2625945942850648745	0.0180246023479
7880630795957094745	6947054572187865633	0.00942306612001
7880630795957094745	6976763643161101877	0.00328251933664
7880630795957094745	8276943439316226193	0.00381890855304
10870902861783081738	11765890832021111745	0.00330904582761
17749798746611359911	16932544856056425745	0.00214926073309
2967347176842068179	10524795617431323745	0.00338495253467
15183619365511106438	13440543975714313745	0.00336123535463
7283878599067530745	6129860421709972101	0.00241444489058
7283878599067530745	14375981624580329695	0.00904542256882
7283878599067530745	16669807110846120093	0.00822606560672
9523591937287491745	13430125364542216465	0.0287361067569
6321963465036492538	11602178484940925745	0.00244339618086
15212893010850540504	16702445565027651745	0.021790681682
4083386148061263522	13067467914119091745	0.00341745058684
12436151218699423745	10425760785204888791	0.00576620345411
4031027101396663582	16935386329246312745	0.00203386091184
6846844464265647220	18182188327896627745	0.0050737894035
12343319616164912993	12212596540400737745	0.00322095019807
5560598593106932981	12219133497517701745	0.0057273918914
7490846330891897968	446828947526950745	0.00376632473338
4354308872207869983	12212596540400737745	0.00212655278431
2931827329453955942	9240217588860073745	0.0442373955204
9971311717896518260	6613538468432261745	0.00525733581564
5489641911227700838	12886129910328581745	0.0087810561629
3358190604606209416	14370531176122074745	0.00320913619417
5716357244548436909	16921918836413972745	0.00443068147793
18155616019751197723	12212596540400737745	0.00939060283032
7263935521034874434	11280565436358694745	0.00210733297995
2801120849220213380	13902130008745995745	0.0144730076834
9570636350657759478	6872044505902721745	0.0180775381516
10664965912545010749	8667571540520323745	0.0114768287201
10497215143994556594	8299310375039752745	0.00524365753537
4886816820272577165	7004820646359196745	0.00962517851864
9943522038139878305	11012065038169064745	0.00475996231648
5310654109889109789	10528128758916425745	0.0145478593491
2110471454408484468	10029910590662732745	0.00244260154845
3289158630736008635	4492723428160045745	0.0190312273168
8758108892365326251	9483192650666448745	0.00386862392897
