14064546975816471093	7635497617250082565	0.0217597069945
2264338240271014731	12211782046727831565	0.00446990156268
17735601044864925565	2408012693787737941	0.00483775329628
17735601044864925565	16678630684158296992	0.00335691456046
17735601044864925565	13783583025400624768	0.0127041114617
17735601044864925565	6560932415606075379	0.00471593195812
4767685310644223502	4824408754888014565	0.00312329241625
8085179803455228565	10279437028449841837	0.00609620117757
14149286852327609238	1355235567699630565	0.0171448166625
6469850051323154926	10658259539749878565	0.00506317756178
4642928362460199490	7862695153731166565	0.00364173690507
10183639694396152358	8228636310783601565	0.00318755964279
4929142885502668016	15302000610620740565	0.00926442348603
5386797482719865078	13843223999531048565	0.00807371035552
5669837519694309280	13099424217563887565	0.0194183909345
2443125029763628624	16952639130223577565	0.00450999847472
17973109486113052542	12216653166749203565	0.00219688447857
7631487093048198687	981783526284847565	0.00220039179264
10346709217315925536	6572927838989984565	0.00584605422194
6352730742512462625	8276291411676374565	0.00354284858219
15621867941935330449	13572962426169573565	0.00357507847383
11909919628262336067	8986392443109133565	0.0191811779216
7467564386595904938	7810006097179562565	0.00290403336693
3895723948952826378	15567453369967406565	0.00321080649534
3516900049371833019	9349731529826827565	0.004669431789
11776473528777806049	15206872451401546565	0.00269088599831
7343107818443282565	8063539471979824408	0.00578131273944
7343107818443282565	18167496140873771160	0.00457983777036
8997793777064942522	17140607938896615565	0.00287927493784
6141971653209379947	15697043702170859565	0.00299684747617
6514947958319533565	11410357652086984514	0.00470745937165
6514947958319533565	14298261745204333618	0.0448110714948
6514947958319533565	11183208137633937020	0.0462250163521
6514947958319533565	6921363781683372154	0.0106262785511
6514947958319533565	6502005034605021335	0.0162908803113
6514947958319533565	8821520136848274402	0.0851256530759
5624354521253355989	9590157063660773565	0.00550999731718
4334220121409142222	13821970264307819565	0.0268510806771
8399999118150430896	11723706578233454565	0.0068199433947
15023054097105840296	15921732912208498565	0.0183493960854
12774156313567994274	12833100887137165565	0.0022169352514
5352189604634543478	10423475239595796565	0.00228214760767
1580473911340989924	8939455472969547565	0.0033453985246
5843204679928200173	15687959029214961565	0.00363585885794
2854087227348770307	5259054604193237565	0.0109718003113
6463987777157426565	16801732812051634787	0.019641855033
14800399527602944321	8202172293447704565	0.0024946577974
14550538460387491117	8011584455959578565	0.00710669054519
10179816571432861579	8357981427212884565	0.00350931203172
4008951792272384574	13425688693467723565	0.00603132359555
