17239967268798510710	13434658341832863174	0.0165634665
5861132986684847442	9539584338985543174	0.00351494391688
10826876381289268888	280716816154757174	0.00366076944281
16508921420322683174	6944285164250614527	0.00289019755262
16508921420322683174	6667243701711722746	0.00266233472677
16508921420322683174	6936223033458958038	0.00261093045951
16508921420322683174	16100745849281622473	0.00337115255001
16508921420322683174	11820219126106345607	0.00245663172636
16508921420322683174	1619449481330847627	0.0374240594283
16508921420322683174	9014371935165650220	0.0130956928147
16508921420322683174	6806034693562169468	0.0324101861776
16508921420322683174	6822726851230174313	0.0207972582702
16508921420322683174	10256901982754135352	0.00552216559066
3842873335253379787	10682474119309211174	0.00477949445564
3157083099602556877	16172484171391063174	0.00677829809489
6608185900312675112	11762125906073922174	0.00392585756598
1297566611225250434	13438392072786157174	0.00415639660283
12115601510676178592	6951580733203653174	0.0058050322416
14842919552765327539	11051152692850696174	0.00318050649337
5016215443977142188	93876149397666174	0.00715894632646
5055685702665496805	6657894868988574174	0.0103362278824
12307361015610399174	17283894904442311821	0.00364740091277
12307361015610399174	11158528430410995453	0.00481459687503
12307361015610399174	11783985452627833452	0.00218875504656
12307361015610399174	12204341028709506618	0.00382560957337
12307361015610399174	6945193086079798151	0.00342763364437
12307361015610399174	10987679489124766747	0.00237876879957
12307361015610399174	10984046323809480406	0.00370278954752
13549499505937556429	5664319127813525174	0.00690839074206
4431853098898873577	15923287910666924174	0.007900757719
3689658597182077174	12036746371821817712	0.00478211694936
2896538885706539174	8360584074537942266	0.00862004906891
2896538885706539174	10842630165522287505	0.00459654745088
1176142386820376385	6943323100224452174	0.00299326077677
6955354726364527024	12342649449723017174	0.00210212105917
10491511806411423174	14855944859688485050	0.00418718030627
3651979373796105528	2780068836370807174	0.00645901038749
7234045637106505132	9195056377102236174	0.00211089818174
10740515033739007432	10440585321108670174	0.0245736593591
1930416301699953171	15174945129477396174	0.0109632252413
3991597568078033221	13638412166736492174	0.0124659598668
5632777004431261742	7832522041820389174	0.00339359567656
2568378992977069114	11087561651154174174	0.034794450032
4974839480019913672	13419843302984544174	0.00275090932582
5930474669862895851	16013572113548051174	0.00271478650007
3749913643047374631	4405555566955478174	0.0237624228261
10595455133267835192	11741824098986584174	0.0138488747208
3115951748279569637	6956409397486017174	0.00855670275882
5470923421436407742	13654135376394676174	0.0041139724598
3458032052733475646	12195049833286783174	0.00615073154232
