4283489084690917299	16923531639557429534	0.00636181745933
4829120372361980534	12318591895246690372	0.0309789105404
4829120372361980534	7724043119370459997	0.0355334527259
5290458690968225488	15196534071697054534	0.00617955391781
7126804533391649534	7886631399221200669	0.00362285550799
7126804533391649534	6053157717889086145	0.022388683142
7126804533391649534	8587768208276601769	0.0121223253335
7126804533391649534	11043197607784830654	0.00382122200438
5245479390367106326	8088894970351981534	0.00451440815407
4905851118635488567	6819180874591949534	0.0049623055861
3419319286480446534	13395923810092432892	0.00361154418798
17276393531355922151	9180168315147022534	0.00782924296994
5906034777522182474	17036443893327663534	0.00201371581349
52965978552316534	7274817316425114156	0.00248545603286
52965978552316534	10680488539191896176	0.00857808354425
3623326147730048537	7963263036969542534	0.00517808138334
1555810904018288534	6609759700484528775	0.0314502731861
2834857339808798534	15650137940450049383	0.00457131214439
2834857339808798534	7813027038477744741	0.00988984715162
2834857339808798534	6074433542727659875	0.00847701184424
2834857339808798534	6924795220386022430	0.00284345755821
2834857339808798534	7631768596334774875	0.00591912891985
2834857339808798534	6500577597794250450	0.00209664340286
2834857339808798534	2998519384926786588	0.00264975280947
2834857339808798534	7058569656507236858	0.00289890389975
2834857339808798534	7818816031608241327	0.00321339149939
2834857339808798534	12453906889009758931	0.00418026009886
2834857339808798534	5610719467425386749	0.00352112676056
2834857339808798534	17759033254854698624	0.00373430803195
2834857339808798534	8935136909292015199	0.0024336879989
2834857339808798534	15924160633879675563	0.00495353093406
2834857339808798534	11234466192248622071	0.00719592078129
2834857339808798534	8345804385702073379	0.00348751870786
2834857339808798534	15447188314532282979	0.00276669900649
2834857339808798534	8984383086330694966	0.00344030815532
2834857339808798534	16247422866592753361	0.00556984230162
2834857339808798534	9025616871742868052	0.00240750772232
2834857339808798534	8972655715966245181	0.00243779202879
2834857339808798534	11627023127989863894	0.00223722044286
2834857339808798534	13298496926981777208	0.00252449601101
2834857339808798534	16427592877770043195	0.00545106869138
2834857339808798534	7907060590873747567	0.00237737015655
2834857339808798534	6912287442145543840	0.0023976610237
2834857339808798534	9127585584737889914	0.00286826283377
2834857339808798534	13606477884685818144	0.00317862605357
2834857339808798534	6857649472764844643	0.0101765687627
2834857339808798534	13783319066494849056	0.00430490953543
2834857339808798534	18386542324326703099	0.0136133192529
2834857339808798534	16808409805030464243	0.00899696853232
2834857339808798534	9146341307659862831	0.0028450912599
