14004330873044222944	12431468143892789652	0.00308911348476
4960971318138800784	14598916155710890652	0.00389323214522
5743687213066939652	8943283593842650507	0.00302129971035
5743687213066939652	10218845793620080046	0.0111282976815
5743687213066939652	10237393687234592121	0.0162757691754
6840418266012051105	12449615437405658652	0.0029687317354
6409679208470639836	16008594744355857652	0.00338784568191
13506442243660452210	16681137235704784652	0.00222564851144
17667650878758185809	6056191995811240652	0.0197104131996
13283120088526266843	6950944932065653652	0.00285015979513
7739449345589078338	9590315571510378652	0.0597614304667
3683539937244116423	6563793557088733652	0.00806032350274
660550087777102872	14759055557641757652	0.0039708810814
5931291761733764227	10718411964989481652	0.00207108151472
3241544236871364254	7997475380020548652	0.00286388383993
10244526034932892580	10661838875253840652	0.00506350208908
3784538492113891762	12598844152997758652	0.00398941813952
1586160587332064564	12199678635636765652	0.00644772263133
6629706474908092959	17077874256943961652	0.00248412132085
2486256216144891483	16071631863332200652	0.00343746139591
7489867353011650117	4860834507459390652	0.00602180226151
7280095146028004555	7467943361625253652	0.00762182724114
12574882125188877796	18055620180637021652	0.00859200387781
7286387822602090518	15560264878841756652	0.00549998762504
8223189500730039978	14566197799592100652	0.00244510471186
4284182620674592201	8211801279728182652	0.0100534251068
3221900478310457122	14689941011724332652	0.00618558015854
3221900478310457122	16942286635504856652	0.00526461643928
3654764822467579652	7470852788115047019	0.0025744823526
3654764822467579652	13517779109711927965	0.0146947637926
3654764822467579652	5462799320391370208	0.0045269728376
3654764822467579652	9207916569411074253	0.00701189173437
3654764822467579652	10721057463055180997	0.00436058027137
3654764822467579652	17812570142608857680	0.00472846273018
3654764822467579652	9826900567999971746	0.00250055487218
3654764822467579652	11455230152347952900	0.0095156136584
8336914093149203800	3620778250641327652	0.0132453235707
10461520258884962274	15789537693242204652	0.00333987103537
11237601996574943652	15159114770919033662	0.00281719202845
8452816546996598222	10743043592618297652	0.00762049928099
2872052076049197321	13869879047913270652	0.00237279478901
8375821589051826516	3474001994402982652	0.00223205388993
10449537136523892221	7160458721044089652	0.0128927655782
5623298720656568652	12210725738121456130	0.00597166597546
5623298720656568652	11562270886650540475	0.00267187775374
5623298720656568652	8358713127604716704	0.0374240594283
5623298720656568652	494468826849578784	0.00244643605
5623298720656568652	13433261055759552232	0.0113857116995
13176062282553287951	16281421674365665652	0.00329919826027
13595644453619049946	9959749996380110652	0.0148823365912
