7730692515279162805	1999177106759592588	0.017766726363
15969304308336125029	13442254820504902588	0.00227349071132
10291325346447930101	11059966459690761588	0.00227553817011
6190418511851851588	17400847566853062887	0.010934350421
6190418511851851588	9592486781819993209	0.00217376409027
6190418511851851588	6247542840107304536	0.00304264955369
14191996848962854003	16117380679184389588	0.011616917256
13758736866822387400	12985889479329310588	0.0256494588021
1294737124690721096	10463928932998556588	0.00360947329428
1930171947669449294	7451043832809623588	0.00363696483727
938011356597413372	5580241111903123588	0.00800256122946
2787799015116256892	15909431936811656588	0.00439472352252
4646804839322387880	12374835226449259588	0.00305372339989
2220179398227328882	6943779049753027588	0.00261801634747
4202083086254530588	6518473492881693655	0.00498568669663
4202083086254530588	1985409300390939541	0.0117810230967
4202083086254530588	13417909725865972654	0.0150075056297
12499849891590801555	12213083168349507588	0.0228039645858
3484019369178973407	12217265324162134588	0.00491117433834
5009869976512933944	10326330099262461588	0.00986671297455
4115265470025786588	9491350585434609461	0.00279468108231
4115265470025786588	16597866953541696493	0.00220216244011
4115265470025786588	6735824571789668293	0.0041501994115
4115265470025786588	8245908014179859970	0.00202910731701
4115265470025786588	787986801903445291	0.00351583449925
4115265470025786588	10588388589039724694	0.00331331147888
4115265470025786588	13232666012270126483	0.00218868165135
4115265470025786588	7687633574860485085	0.00361048476305
4115265470025786588	14749514564341623895	0.0129034943523
4115265470025786588	16473927405910139872	0.0151306883167
4115265470025786588	9498326110478347960	0.027066598098
4115265470025786588	549435079584045097	0.00495268032344
4115265470025786588	10216450370455109131	0.00266092997233
4115265470025786588	15872253602259215045	0.00356221688458
4115265470025786588	15553060173931664866	0.00557945720882
4115265470025786588	714337049895865483	0.00770714340077
4115265470025786588	12818684425154935011	0.0037249179689
4115265470025786588	15743060048860260923	0.0104828483672
4115265470025786588	10927798466586600352	0.00314077415427
4115265470025786588	18117538827982593545	0.0043830990946
4115265470025786588	18126320975206617103	0.00919406622565
4115265470025786588	567053160163951597	0.0247083105554
4115265470025786588	9493992260781021559	0.00299022151798
4115265470025786588	12887071358955889013	0.00230350550452
4115265470025786588	8041279159105416458	0.00223749483541
4115265470025786588	11332017311679835338	0.00251741466183
4115265470025786588	12834157861011413065	0.004345280449
4115265470025786588	9502065055616181639	0.0117941258652
4115265470025786588	17047506755086262720	0.00206101470059
4115265470025786588	15810067156050819571	0.00616638139248
