7626897920043227719	10833810288660787029	0.00214899768603
13082309159693966088	13894267547643606029	0.00339148719815
3766749579823505879	98587389166392029	0.00594869366902
15071900692695849486	10031520816861903029	0.00373887296323
11996537490628945705	6943057535918830029	0.00531313927553
8117584974187087309	13648909991877484029	0.0034083471748
6214415675508402722	13648909991877484029	0.0034083471748
18310368498396610029	13185901262050083877	0.0138289968941
6193598140684713865	8590489190383833029	0.00666844515587
12987530750016602644	14256624695354431029	0.0072990756306
14559296653096917228	5914563448596145029	0.00533851777199
3455115437593865029	6010751797007666882	0.00440524359853
3455115437593865029	12639388658708833764	0.0166090959707
3455115437593865029	13069491470920759119	0.00509184506647
3455115437593865029	5364998966656591174	0.00405486866392
3455115437593865029	12659991501809168122	0.00663212221575
3017342068813119876	12442680263448022029	0.00388893149933
7161364652986557451	13883066245855058029	0.00409512907897
726470698379395269	12686535513633245029	0.00225078559093
15319819411307532029	10416404420553151981	0.00327599558506
15319819411307532029	7549404033068437959	0.0352234976838
5042901253104852525	9502811506384100029	0.00358540412875
9042394745092429029	11038929277881957480	0.0033634781171
9042394745092429029	6793315529993901948	0.00491841612369
5363878095326298148	11545547442231131029	0.0175790638484
6401276585695747770	6934755847015843029	0.0368105086916
2533854677039858029	10360679077634995772	0.00586876289364
2533854677039858029	15078834022120200515	0.0182940433316
2533854677039858029	8241066436850680162	0.0026911490756
2533854677039858029	15904725588911925555	0.00264700364003
2533854677039858029	15927606984421143453	0.0020530808035
2533854677039858029	12680544519052956509	0.0103263035135
2533854677039858029	15996578574550002615	0.0104268541182
2533854677039858029	82438754602948619	0.00673160326435
2533854677039858029	14667803354280442198	0.00955113758435
2533854677039858029	8822265907208140313	0.0117121394821
2533854677039858029	6771094425817307168	0.00279648356339
2533854677039858029	15977474746402787212	0.0104990131391
2533854677039858029	7913541872596681278	0.00888967911771
2533854677039858029	2187975264466154873	0.0180246023479
2533854677039858029	13856663701018331068	0.00218787479112
2735389770558750590	17414410228100210029	0.00254345084319
7763185602009232328	16888575040720726029	0.00398827574896
7141912940380525886	10102874916545199029	0.00259923572912
3943360030646434678	12324744749184794029	0.002303853931
6880921031782653029	7162931057411675045	0.00518685036741
6880921031782653029	7147576094043240679	0.00529233887774
6880921031782653029	8615891495346599090	0.00608885138168
6880921031782653029	14841347839165941238	0.00278319481717
6880921031782653029	8240827764803153303	0.00317273318005
