13038744335134099476	13306266413120326590	0.00319081956212
2594533828056299476	10477145133427129206	0.0041615041129
10505360882186285641	16731740209089415476	0.119522860933
5910172918706088742	13125926786977622476	0.0216067907851
2408637481475298736	18051405078424346476	0.00579284446363
11356614884004641659	15777892348971043476	0.00409238481391
1806054941678719142	14889667887957005476	0.00802572353905
6137096364760428429	9499425763833888476	0.007728981596
6136786427148914730	16060568868232482476	0.0272975545216
3525179633741943961	9943263268339746476	0.0342594354914
7121096099125298041	2817281960485510476	0.00522858395371
14351889351362071476	11944179825357408673	0.00206782005074
14351889351362071476	18145195454381620885	0.00272765259626
2570378747890892930	835804024285489476	0.00349932819347
11601400139489481613	2553353913413038476	0.00374012798713
4358903337236972514	301920946205543476	0.00656815335398
17811188873776935258	4705254545004796476	0.00223051532943
4580204366315647705	12192619173802105476	0.00356045530026
11135366223337984476	13786953496772065394	0.00608648250791
11135366223337984476	17640910199853935421	0.00235376228592
11135366223337984476	12378642052111080451	0.00380958600735
11135366223337984476	6562911514990376748	0.00856580146448
11135366223337984476	1683852884669180988	0.00503850271497
11135366223337984476	5314515250097186414	0.00232538018132
11135366223337984476	9093428785645017101	0.00350998210458
11135366223337984476	11462942723859072449	0.00272284551424
12261631915610191986	12193075900657504476	0.00748481188565
4501999082578754476	12201953924540451092	0.00319208730187
5320416359647636237	13253334066593716476	0.00873037869712
10553167241466227674	7125874187726911476	0.0140747382475
3402966360388284455	11419505319686955476	0.00553882757201
6638048084883845476	7127054377252603820	0.00265550162483
6638048084883845476	7594134263406464925	0.00944068640062
6638048084883845476	17362774060676931355	0.00368030291612
6638048084883845476	8241933681016924915	0.0040343576523
6638048084883845476	13224743287404811969	0.00678063503621
6638048084883845476	10718590665060309261	0.00823107997208
6638048084883845476	17487252048974164465	0.0022151776724
6638048084883845476	10719507335683704502	0.00274866378702
6638048084883845476	15772855344413004398	0.0117851130198
6638048084883845476	7601700303550013628	0.00234726263407
6638048084883845476	7616853601251619245	0.00201730195625
6638048084883845476	12446625092163202387	0.0048314252971
6638048084883845476	3703408523447766123	0.00818957148779
6638048084883845476	13252453800113675876	0.00806084722344
6638048084883845476	17368297968429080236	0.00442287410362
6638048084883845476	6186257005295979871	0.0023322762743
6638048084883845476	8852921682930542346	0.00465695926252
2679760264223590095	6131613764665006476	0.00611132331352
4119266064948077920	17367926890919766476	0.00351286129551
