12663152620020712666	7173982515066179482	0.00519398179188
11691625130862790921	167419395667780482	0.00675059576637
2178603384025552157	6676157294471894482	0.00215431704468
3576242061635900847	13122997361544710482	0.013136306708
5586491222991834115	12209639588170583482	0.0653720450461
12120969751399614619	9452861573784231482	0.00358918956169
17840005103482414014	12989742578682906482	0.00280972046498
10778534991409440482	11888195898279048688	0.00494649621554
10778534991409440482	11556302758192905494	0.00202187368124
10778534991409440482	7524700628918161662	0.00441812319993
12091224077848608564	9479454530901215482	0.00404503737652
5367425580538631822	9089525921087603482	0.00685832987083
14251973756902329182	8192956940553915482	0.00809086910473
5873731632713416482	12392655650021517108	0.00409468276021
5873731632713416482	10275840885494284438	0.0060858061945
5873731632713416482	17804684664229366742	0.00484928644969
5873731632713416482	12438310361858884019	0.00989856451527
5873731632713416482	7539612179978660419	0.00219047145191
5873731632713416482	17634191638321584125	0.00335114170226
5873731632713416482	8175004970770443898	0.00388728571412
5873731632713416482	12622704711813011208	0.004140866625
5873731632713416482	2395749321564652289	0.0030714466084
5873731632713416482	13770942846386196943	0.00825122952481
4993894709888638985	12883742728371516482	0.0146160721923
5471397105731674430	14871501472022518482	0.00458079868974
787402113166949444	6676157294471894482	0.00215431704468
3806536238690237482	7264320381872031836	0.00407759272572
4434473244105140363	7702833370146524482	0.00575254408589
10382168265863334482	16989284342667965447	0.00551410035135
10382168265863334482	16996732833901352450	0.333333333333
4129192104925073619	3021042820442287482	0.00215813152855
2736774610031680921	12204696286921879482	0.0188511545272
5397024114249338610	16934603957951808482	0.00237413183856
10973268482958293668	11397031256976491482	0.00616767139364
12909982435141757304	8188637450979343482	0.0118678165819
7911384793343143530	564668280806560482	0.0256917497769
5197270241574144310	279061928364498482	0.00381957707095
15534498000656107025	6821177381615961482	0.0029772455262
3851501225048229344	13336293248474831482	0.00235887111061
3511919555310025839	17905961191411110482	0.0105374136479
2831769713720078004	7623220323831954482	0.00398163130752
10571939304462947237	2809670274993387482	0.0282729643227
4839148142195064565	2691519883445751482	0.00403356992259
3077650350651452482	17200582759068056996	0.0764719112902
3077650350651452482	6962445913950300246	0.00359421681343
3077650350651452482	17417287650184909630	0.00477263088431
3077650350651452482	6153455373329652701	0.00752539401643
3077650350651452482	6954157198236891113	0.00323380833382
3077650350651452482	6937215098317639927	0.0026789537364
2024234189042163649	2042144715072258482	0.00206161466218
