2930473302350959873	6401653795939775228	0.0151532546056
13200946527278806694	6459389240500387228	0.00305816117592
2364950831158672816	6596556798382609228	0.00263083207198
13706567546696225075	8367352749749684228	0.00581847880861
5671520719267383228	2260290275726925547	0.0110919563677
5671520719267383228	12918557168360096238	0.00779539023375
5671520719267383228	10133355105363767293	0.0597614304667
5671520719267383228	12158124781508622389	0.00882505637023
5671520719267383228	12755228244408750534	0.0183308893777
5671520719267383228	10133088040002804479	0.0195217202361
5671520719267383228	5547949759967151131	0.0117395476511
5671520719267383228	16608335468356659424	0.00364488031539
1184851309652323688	16700571971352414228	0.00794953750936
1422641903326811214	6604991480273863228	0.00522751223707
12586735379999414330	14827458022719534228	0.0167506302543
4433459996660135656	6583865454964713228	0.0101670968004
7439103420832403078	6122960788494143228	0.0107620245359
7334055285863753503	10715863706884315228	0.0285830975238
12616427415646091259	16838912191849287228	0.00215305336465
5799526756937246228	13220462716873824157	0.00214992622655
5799526756937246228	16110523829704277810	0.00567120923413
9157340855642274507	10812861795979073228	0.00451468418868
5806223040192249703	6566740658762553228	0.0158431062631
3910220342934283420	6174913700224861228	0.00245572784743
13846749477053918369	7930072600008800228	0.00276638139061
3914180731997853415	6951335039623522228	0.0152127548526
9975541964963113228	8021757272561968265	0.0296434583364
9975541964963113228	5695622004948600796	0.00282670900782
10259413954641144066	10390818551528818228	0.00466135884712
10889968275910489054	7830571004146543228	0.00363187608924
5753764245603791981	10176629328117350228	0.0195440776249
4187007593974017177	11445951576670254228	0.0173032135051
14760791738094720228	12217225896315152514	0.0095057206005
14760791738094720228	8238753880424994199	0.00238783204647
14760791738094720228	12882737242046230211	0.00431403333839
14760791738094720228	12887481544568289291	0.0191635594942
13957635636487292448	12418761618836365228	0.00257287987497
6014029542211367936	14427377253743647228	0.00745107664659
3630788305972807088	9363491237826821228	0.0109923300295
5118164645168958251	11978145659514795228	0.00572786163853
7384786266355224228	7522417007703651139	0.00350887993025
7384786266355224228	2536896242791082410	0.00653469164482
3085716565030759228	6881911011395621047	0.00206837288173
3085716565030759228	6954912382342975629	0.00228289083783
3085716565030759228	8492577306066665782	0.00710938400389
3085716565030759228	6320425513126924549	0.00679941799473
3085716565030759228	12361187485833133217	0.00425975669817
3085716565030759228	12378045640517130052	0.00443590942249
3085716565030759228	3205994188448205407	0.0298142397
12066001725245875599	8158774063198037228	0.0137555355676
