12550865882668401164	12448108694232819409	0.00237141331893
2680492869669243413	8694257415286732409	0.00288203586985
7676005685897648753	15440473392372310409	0.00465040832378
7702136534113343409	6550956031079378087	0.00229735166916
7702136534113343409	12494539572699293972	0.0139251997715
7702136534113343409	3279155515503521748	0.0157896923795
7702136534113343409	8299503829830891520	0.00550123585392
7702136534113343409	11019944915873429016	0.00527721018245
7702136534113343409	2124109129331976626	0.00282723993323
7702136534113343409	10451364031830454898	0.00245738819497
7702136534113343409	13553153780636967058	0.00310801905749
7702136534113343409	12383468598908787490	0.00203360435629
7702136534113343409	10642123239338014568	0.00290829188754
7702136534113343409	13772121187818294554	0.00323916479445
7702136534113343409	6582748160744936510	0.00296387706766
7702136534113343409	14861637870223925470	0.00249954699816
7702136534113343409	7509269685036303454	0.00527721018245
7702136534113343409	11012623048880678077	0.00984660318779
7702136534113343409	2398888546731050799	0.0139251997715
7702136534113343409	11433880990084548710	0.00918940667663
7702136534113343409	18021540179034618640	0.0228814380978
7702136534113343409	8826270855944189069	0.00746310221152
7702136534113343409	4381210930314118800	0.00918940667663
7702136534113343409	1439143597040880171	0.00712959243531
7702136534113343409	8820847854085496471	0.0020623116253
7702136534113343409	7355406528091545859	0.00632190067941
7702136534113343409	7558627489636454616	0.00318535958512
7702136534113343409	6273913158535963087	0.00267258378445
7702136534113343409	6809355174832177778	0.00609359743882
7702136534113343409	1821866652101721357	0.00221410233546
7702136534113343409	6820177225451278648	0.00883987074789
7702136534113343409	13400230721686264787	0.00272320895067
7702136534113343409	12785775185396887541	0.00204006025937
7702136534113343409	9967419782426322740	0.00212448819278
7702136534113343409	8481584646702301890	0.00236760843343
7702136534113343409	5402326824728306766	0.00268728862052
7702136534113343409	7397544883241616020	0.00286241689965
7702136534113343409	2397899231176812761	0.00330609675764
7702136534113343409	6545070512840462135	0.00649789177612
7702136534113343409	4360973916142507196	0.00329921621582
7406085993824897095	13436010294511695409	0.00360386686135
4036030388627884929	6834640811279615409	0.00272910477449
4037183954501873409	5118843436234084063	0.017339592129
12820884803501456893	9972137112211355409	0.00261837529946
12777543601524689342	83194599968808409	0.0074339683246
6212739001926037309	13441172853784421409	0.00975250122778
6764961853760150696	2371801907297728409	0.00874873562567
2027633895734600880	4977505880338693409	0.00310737376856
7687929989851259806	7490905785956322409	0.034710506725
4737589013801489896	8016700393909026409	0.0109658615827
