3550407206136435447	10399651637245160396	0.00252997595535
13003225781034372396	10855428254235828239	0.00291814435138
13003225781034372396	10699598825169109547	0.0235702260396
13003225781034372396	13376377178779503901	0.0389249472081
6469750142390967223	16888273191309698396	0.00394797679538
4353815293430937079	9361213483408989396	0.00986431248964
11727089418682564396	12840462650105084944	0.00644678465408
11479038324373087063	8401845724349678396	0.0111049434109
9596414988908496316	7974939665345911396	0.00212299392242
5075455910019370689	17375815664487731396	0.00330788696985
2757798331153564247	9282291860907947396	0.0150892910071
15076634758779048757	12785547132125193396	0.0322748612184
1564936550055440911	16177460771419899396	0.00472123745876
1564936550055440911	13789709253224349396	0.0028001868347
10387650757804866339	7012516484335450396	0.00448759994277
5993693608276642685	9280161990867490396	0.0114019822929
13461380310204888771	6251387130620527396	0.0236359729624
12599485200839324396	6935748620347666521	0.00494637518998
12599485200839324396	8281620461123791318	0.00531494003453
12599485200839324396	6962853648124247297	0.00269079832303
12599485200839324396	12204990002549915073	0.00225886195759
12599485200839324396	7948229465992329816	0.00298444974625
9045034740084501101	7907428879768800396	0.00292914003582
11506187840121222396	74574683420737613	0.00667676363297
11506187840121222396	8533350289090911823	0.0507673082567
11506187840121222396	18136229445548334095	0.288675134595
11506187840121222396	14744494132861578001	0.00700896318609
4365360139848202863	10940029367629874396	0.00890376290208
2037007563011483176	9282291860907947396	0.00698498445284
9897844582328165526	7893992309650692396	0.00914702166581
11270134709324313199	7262971541240434396	0.0164088842059
12357939469209166728	5752965525790308396	0.0157700461204
4224128407615041479	16946353906189632396	0.00623297993339
329309289999026976	6953242872659824396	0.0223216510061
13739004065372928511	14507067283690249396	0.00761431129841
4450819451330621396	17401755717325506741	0.00446304061993
4450819451330621396	9708299085734767498	0.00514535103734
4450819451330621396	14356529569679252728	0.00509971822285
4450819451330621396	8797513897715355085	0.00647347506328
4450819451330621396	17756555355299072553	0.0529256124025
4450819451330621396	7719343172455399339	0.0102907020747
4450819451330621396	15422706864226937905	0.0120983479624
6099590751804289743	8465328719193739396	0.00274754307779
4842873840966828133	7087277159165782396	0.00336271735574
5592747961522408446	12199903739072816396	0.00301314185251
6504857668258601878	15801378871411485396	0.0393140566985
12609684609742550116	14507929738402152396	0.00699899921466
12232866631838845243	12082934586143014396	0.00380280369987
1081392483696663166	5897819169234338396	0.00265228664013
10176753490757139766	9791121800112762396	0.00997757565385
