10296396741169274501	10565958667534425891	0.00440114585545
10296396741169274501	9531359079932130816	0.00644611492089
4959402227044100996	13102824710684595501	0.0259499648054
5814860705360821392	14105461620493718501	0.0070560895192
4135873101041517150	9665748029381290501	0.00435350828422
13113496669204326989	8867850366643647501	0.00273733338316
1366646030035171005	11668208442190998501	0.00212175110276
5318385549198915123	333570641070538501	0.0100200602007
5362869272978398113	13887375554039795501	0.0031192480973
5398794082906493249	1143206615841001501	0.00314347306731
4632178637266208434	12455506509090434501	0.011396057646
5663677401131066445	11386231506202900501	0.00217770365323
7370415919562491305	7779060968886543501	0.00221328872805
4233262321611421703	10750213971460404501	0.002759894276
6906578253869409548	13418930626704654501	0.00221933075608
3016115092014784961	9013586783417962501	0.00437956671061
12067714128889374501	11019793673034364368	0.00512840743624
12067714128889374501	8986481078115940737	0.00316995826397
12067714128889374501	12408540346907865534	0.00328997211629
12067714128889374501	18327960254604922734	0.00259044756672
3241565968801247717	9043617123631657501	0.00327912917892
9596506260275825243	13490223903886533501	0.00305808967594
13826278391124970259	8508818647491575501	0.00209579598389
1490309177744731453	4523535566254616501	0.0107638947287
17399594299263941418	14052988085437508501	0.0047116899516
5833015659917908501	13436441255769756631	0.00225161273228
5833015659917908501	10961996387810548017	0.00764272300645
5833015659917908501	8612343564589663288	0.00221264932015
5833015659917908501	13505718930419346045	0.00300659770118
5833015659917908501	6216307509312416282	0.0152711805445
5833015659917908501	5326658411192983661	0.00435458133932
5833015659917908501	931383776081520817	0.0114587312129
5833015659917908501	18066253854378418324	0.00389769511688
5833015659917908501	16112384441893093540	0.00366775574429
5833015659917908501	10541514493286434149	0.00252152483376
5833015659917908501	6143277808518468727	0.00759320924038
3415460081827811404	14108558097792586501	0.00293428038497
10301117665139421089	10391967579902822501	0.0615457454897
14614912583335739734	9593769524809173501	0.00204571281187
12825942488329842764	1383904661965411501	0.0100727870503
3398958250343934558	9724333107563991501	0.00965024413014
2046005745000531620	14220683395636239501	0.0171096477707
5733177337970199499	12602193413630194501	0.00711351992847
12333311818573214252	7835899276909048501	0.00362019562473
10653406737594146054	12433339186321449501	0.00572880147964
14306110874496072571	11565226449023653501	0.00481069548201
5335517329904443554	15943188047765790501	0.00388860805511
5194935897440377676	9724333107563991501	0.0032731865249
6191552362686915363	7802732803984475501	0.00222553276033
6551017098932589501	12441998089492117583	0.00957299476334
