6149634127559002053	8074497093678863641	0.00289619142039
5566488815560475318	15477413648943189641	0.00286887655275
5480705832224645641	2371683160041467261	0.0272873897272
4788462910089183358	16089768178552581641	0.00959411945567
4623376505757643169	15477413648943189641	0.00523782800879
11291396159472216255	15206643108725917641	0.00247323297916
6029055515413151641	12448518945120753445	0.010062073216
4854280282318909027	12578420447617783641	0.0102189889914
12817252592192969771	10244366321729579641	0.00328485617884
7189707250059890700	15596618513620703641	0.00377829557969
5837142127822072641	13294549295620306235	0.00269679944985
5837142127822072641	6737856766874819392	0.00203816529488
5837142127822072641	12074467027918430694	0.00207023364682
5837142127822072641	17022115109293777056	0.00732252025938
5837142127822072641	16090610459864816552	0.0106600358178
5837142127822072641	5132712667612705509	0.00243252127705
5837142127822072641	6735972117896740592	0.00232841651087
9714569178435384118	8619381493012489641	0.00371488044602
2303759624346299908	532114880306441641	0.00278576390402
11247328272355480927	7725639014677051641	0.0368604890387
1839645350855326940	10244366321729579641	0.00304118587523
4205840205410329641	7355465476577323004	0.00410115145739
4205840205410329641	6548286854963216958	0.00473885753282
4205840205410329641	7025065523200289208	0.00357690762641
12837801183089892397	13038817420817908641	0.00597817169913
5478042189136923187	16645771197487678641	0.00319911972336
9814206213096551641	7883687248339354527	0.00561567387988
9814206213096551641	5578339824363155413	0.0151881699851
9814206213096551641	7695688431152491519	0.0126948948224
9814206213096551641	9508699082812869765	0.0241825416703
12544296975804431282	17768840301883712641	0.0308606699924
10524456188825703627	9965515961642206641	0.00797604403529
8195991271919110641	17722071707269337972	0.0309492230295
8195991271919110641	9780361657562777821	0.0159515806806
16948906115443145672	13985526209723652641	0.0025568842179
3529248729576065439	13914724553576896641	0.00830741310465
5819656755962936641	6947693452880511116	0.0025181249066
5819656755962936641	12215211262146316094	0.00515094522079
5819656755962936641	103310564827903612	0.102597835209
5819656755962936641	7522894937021043346	0.00468395635397
5819656755962936641	543068719141693158	0.00606841253038
12669820474354247337	16490050231024205641	0.00458474479236
3589945901750695968	11619937979744388641	0.00392232270276
5125845700123724000	9014127552734601641	0.00302468383782
9905283770793839641	7666619386216675485	0.00228846733327
9905283770793839641	12436189330769347735	0.00492151253842
9905283770793839641	12268497611118991599	0.00239467556308
9905283770793839641	12846920157645982394	0.0203784786485
9905283770793839641	16311724298646643496	0.0128437556317
9905283770793839641	10053004302618877664	0.0144730076834
