892441457827936279	15739656519777780788	0.00315872608995
5038003258896420925	6946071789093903788	0.00325931806164
4002420831951634017	6196704629341181788	0.00599329126857
5417324712147469682	13279415591630455788	0.00570990591523
4346236682685711469	10005285509305236788	0.0044485323821
6627087962238764228	6950110879378868788	0.00243664833085
14405474363661161875	10915897448638484788	0.00701085770997
10068272147379625216	10783511607994497788	0.00257566054685
6859469413943348260	16765971502222718788	0.00298341357581
3494784033826114208	10131994574557183788	0.00713267487518
3498774748275497562	7445204481578533788	0.00595491334175
3733532689458287057	11014984786992423788	0.00379103494596
6779170017644327702	18071594564772278788	0.00362276041118
5063128378622640141	8196041315735013788	0.00582005531174
7268264058001711788	8455684716796377787	0.00540959561214
7268264058001711788	10139309625433521671	0.00413413782296
8973894062619504824	6477602610673511788	0.00485459773363
9638766773470775190	6130082973895961788	0.00361846510126
13487571239869847765	15931446152578690788	0.00445355882451
13487571239869847765	8295712906067300788	0.00247341454082
13442365940875237984	15037989304871260788	0.00264199178963
13999050814456392834	6257457079693568788	0.00249955480645
13826059802679899308	12487042279798785788	0.0162072212775
4173425084458140455	6935719899993765788	0.0038160712629
3423491945737248848	17813778557434483788	0.00270084884813
8976616495968375131	12807795135348933788	0.00332771792541
3410326920806070126	12045597529745378788	0.00331525918483
5026097652016859788	7971886326057301445	0.0134534558799
5026097652016859788	6564313220543836861	0.00203341095237
5026097652016859788	11113826416119424432	0.00266461156332
5026097652016859788	6202376270975956908	0.00401240951053
5026097652016859788	12539294712643923569	0.00535848435485
5026097652016859788	14757040821960033891	0.00578566537343
5026097652016859788	10917292525896854501	0.0109206494485
5026097652016859788	11052363336738602559	0.00240195233167
5026097652016859788	7969413094907928494	0.0096619484936
5026097652016859788	11364148928761417752	0.00567916036413
5026097652016859788	3418718769229313806	0.0404556697031
9975177232351112869	18135443633965912788	0.0446767051609
2729347499169581696	15844818479560659788	0.00314745656084
7028531411898623283	15852402530402304788	0.00729829801641
2337010827528177175	15814176194947415788	0.00203253711866
16630133838553537318	10437080249802840788	0.0076431694663
14058201681565812810	7725450169306130788	0.0076673951038
1466955326859109059	10861601845056881788	0.00279253358717
12817932524979183624	4885172369471203788	0.00224024994698
5130216531604781406	10046497027696851788	0.00652328073053
4809509721918685788	18312227289369067068	0.0435606841869
4567245915456324788	5885494373133002782	0.0530744892434
6131849696232322146	12255842974784034788	0.00663095566683
