4447987659632497737	15018926577797440442	0.00388341461567
8086220543559050735	6951917806552560442	0.0169248596353
3949347852954680324	17072358212214543442	0.0245440346837
6733572948764238861	8144411322049403442	0.00356624672225
1685653000756271832	10863762075839413442	0.0185185185185
16407817879827868845	11758830540959969442	0.0177331725533
6967408602825909442	8472017952055673204	0.0241613567853
10694345219643749442	8161515211061177151	0.00254229163303
10694345219643749442	6204443567464637122	0.00201880596129
10694345219643749442	8194793013743457280	0.00713521635927
10694345219643749442	8973165351089677409	0.00389695515402
10694345219643749442	10220274845361898910	0.00499444676524
10694345219643749442	6489103933181525205	0.00207039337474
10694345219643749442	8620369662124605487	0.00251624287584
10694345219643749442	10362131534266010732	0.00289715147246
10694345219643749442	12986071407891497135	0.0168025703177
10694345219643749442	17114423491639110860	0.0112587200891
10694345219643749442	11109047599007472801	0.00377004334576
10694345219643749442	8971529909232294145	0.00278465119941
10694345219643749442	8018750514891260797	0.00210106753998
10694345219643749442	6955091641351333814	0.00378305100952
10694345219643749442	17412004624920984295	0.00209808730083
10694345219643749442	17258259098207780561	0.0100090121683
10694345219643749442	17944886103343806090	0.00352101762538
10694345219643749442	6537192938145717937	0.00835395359824
10694345219643749442	10258900971596607794	0.00299594623135
10694345219643749442	10251556991285766007	0.0101744615945
10694345219643749442	17334145904293396230	0.00237840545309
10694345219643749442	14678869617958764476	0.00368259808498
10694345219643749442	18000764627288668451	0.00264770869131
10694345219643749442	17035239820823923112	0.00630993321728
10694345219643749442	9497992851065354505	0.00240595334239
10694345219643749442	6443428999605179748	0.00928797020959
10694345219643749442	16116070584700629251	0.00297665192254
10694345219643749442	7515217536197366087	0.00407522189423
10694345219643749442	12632571388715113879	0.00322282311592
10694345219643749442	6488332191976396439	0.00213706439046
10694345219643749442	12195871619426446650	0.0141548807543
10694345219643749442	6233313054401375804	0.0030677155957
10694345219643749442	17025940310358400031	0.0058100269981
1284800173393000826	13710832656587721442	0.0216168850584
13260399394119800725	12062398023735680442	0.00704225352113
13984609053388685543	13809237705048589442	0.00428872620418
138008733114434009	17044504464267103442	0.00409732847039
5374707469312522470	8504212368070147442	0.0024946577974
4562624850306441129	7727983444108132442	0.0481125224325
2425709760862069983	10596397470669018442	0.0272367355351
6031993137403569327	15283330323317982442	0.0152711805445
14103000301323603629	1255005989568814442	0.0126714320212
6842609969847872442	6061900377246014614	0.00238507303089
