3374799393583098330	6158322155616103358	0.00308771421953
3374799393583098330	10701591539924052875	0.00993268583161
3374799393583098330	12161374683293859952	0.003115915016
3374799393583098330	15481931122492538218	0.00382622560004
3374799393583098330	14502159196152959214	0.0030184080526
3374799393583098330	15019716178384876723	0.00600928551079
3374799393583098330	879563256358707241	0.00557157104628
6726578349490096278	9013951414755625330	0.00469840985735
6729796950596031330	11881659263023426451	0.00749237103104
6729796950596031330	6415156462706562283	0.0023581233184
14132616250445592529	14510111014240388330	0.00815844166456
5965805883271357635	10696976205565364330	0.00795834363359
4850370717926706223	15650318923329102330	0.0102339618771
5279579768339306261	8220947125683964330	0.00858946786717
857744385364305184	8964967024317412330	0.00282815563484
3732470080220073149	700236345743765330	0.00582469371107
860538333269888208	15673091686310771330	0.00369754625355
4802314337234738335	11378608190666362330	0.00467539911641
14181439424409782938	11725166536429739330	0.00322422995038
14531629118997561330	13399598845966242001	0.00267743614946
3553384164557457277	16739156564317201330	0.0140193038523
2964736429052859957	12204125747722868330	0.00404901440764
4409037186592516771	6260798423452404330	0.0126028172966
6321444104871832917	11057713840431769330	0.00450149136606
2857013972297095909	8718289884341202330	0.010957958258
17961127012158661212	8240485405070325330	0.00367811154794
5233849925982430740	230976470116720330	0.00587463358116
6846983878822831252	13508281776019944330	0.00720263722424
11518351799007841330	2924779101006512232	0.00396488390058
11518351799007841330	7537803938503064267	0.00316557156832
11518351799007841330	10167504399763685650	0.00420260819151
11518351799007841330	6406526189819723329	0.00304214265663
4464946858548896330	12096106687376904575	0.00394730008196
4464946858548896330	7360713849219211429	0.00382975949483
4464946858548896330	2284630898025812254	0.019280747182
4464946858548896330	4661805724315251800	0.00367062083157
5644730962710145656	12479788001157173330	0.00579167847125
15847543726372898407	9595324196169059330	0.00335799319669
2089495895231283622	12197894888400856330	0.00203717963063
11949294744750570330	10979097993513761900	0.0337099931232
7802492135005572354	6401743502853211330	0.0068224824653
5250916525288764000	6414978457787795330	0.0021764344778
928154175372670725	16338371514368539330	0.00385749764516
15328941161806509910	10009282527939100330	0.0131351734373
2994005544310761986	11460509968579366330	0.00393810676132
7499549133418805435	16466772354268628330	0.0303728369615
12781618340280668555	8602961870101397330	0.00237852655008
10644836004746561330	17815831191098141176	0.025449329928
11082525957425653014	12266782084570349330	0.016143737989
6543949677324864717	17155394110220613330	0.00254265320223
