14249465997469958287	13423199201511921278	0.00291866633409
6007100580423395964	2272353111278914278	0.00270387812801
3538942247321616216	12440951186890119278	0.0151099471304
15150672428596593886	4826971001995965278	0.008224396187
5257979071435708278	2821968454374383620	0.00240133589856
5257979071435708278	6956931837210456090	0.00266238190477
5257979071435708278	12044022823390294227	0.00346858592689
5257979071435708278	16222643015127718146	0.00249200724453
5257979071435708278	8110462107504318325	0.00236634861923
5257979071435708278	6495092801020436600	0.00365939656842
5257979071435708278	2581768579594102334	0.00437839114577
5257979071435708278	16930501327852769909	0.00256213245043
5257979071435708278	8152727788558606491	0.00294566463872
5257979071435708278	9352278263731601221	0.00228930673737
5257979071435708278	6822101022992974382	0.00302846815092
5257979071435708278	12888969660525898950	0.0374240594283
5257979071435708278	16730112024607839834	0.00441407544535
5257979071435708278	15923839228656940780	0.0021091977648
1705428731143112278	8270261982276774767	0.00232460725083
1705428731143112278	7549156025003600870	0.00906845312638
1705428731143112278	7053439588083412174	0.00216171375965
1582851245032534262	18088042782651324278	0.0157368151217
4888275737521098278	2111735918068525945	0.00262596567128
4888275737521098278	13903476588401805461	0.00749658046507
4888275737521098278	10995013983319483921	0.00450990674376
4888275737521098278	15558776835636018362	0.00290594554437
4888275737521098278	13908064657073728400	0.0143799327136
4888275737521098278	15917544056456412987	0.0155155349488
4888275737521098278	9963150932554718782	0.00354699145858
4888275737521098278	8231473898166426531	0.00281045273801
4888275737521098278	8230656093416196783	0.00383793040905
4888275737521098278	1298292042705659759	0.00441889957296
4888275737521098278	10536133114248254819	0.00254407632376
4888275737521098278	12772867480499587486	0.00221112348552
4888275737521098278	9087599903397289785	0.00406725917391
4888275737521098278	15914580833857660163	0.0327912917892
4888275737521098278	11006928252688330052	0.00297529456502
4888275737521098278	16957930083509383219	0.00205777870653
4888275737521098278	8228272712882227708	0.00366923684801
4888275737521098278	9380949066311946742	0.00209239823246
4888275737521098278	10262271604498286866	0.00573728092073
4888275737521098278	10167722573698781482	0.0449013255067
4888275737521098278	9963210422148474125	0.0042594475497
4888275737521098278	17849531102275961517	0.00259834060596
4888275737521098278	11995954590823844768	0.00793750793751
4888275737521098278	17597859280863743361	0.0090255060179
4888275737521098278	11845165519097808730	0.00378809620092
4888275737521098278	15606283352296883465	0.00288042137425
4888275737521098278	6458264314801460005	0.00426665270999
4888275737521098278	10729539722292978853	0.00319402433218
