1514337965329254357	6687124368885486596	0.00980392156863
1514337965329254357	13991751485017433304	0.00244012058593
1514337965329254357	7713287796810419308	0.0282054063663
1696251841420875610	17240422658189435357	0.00431347143239
4696948754145580787	1719690058431775357	0.0121045506534
10695695801560159681	1063231700660776357	0.00318012049005
11655345405090726992	15341136583787473357	0.00785892535129
8183989373974948388	8482484798899490357	0.00424637063871
5885529409985710862	2439523564396975357	0.0212958855
8707990837922634357	14449533092955629259	0.00477257652973
5549843489482530257	15829719467281567357	0.0145278876229
4111336396293019904	4502655027736059357	0.0256494588021
5459472828226457172	6952568558552524357	0.00222385914572
4373322258031726117	7725606920012228357	0.0104370715181
6515411493578410357	14683329202025416001	0.0153718865475
6515411493578410357	5265512934227114218	0.00241190132018
6515411493578410357	8175331965133926575	0.0073129197765
6515411493578410357	8882824529912931443	0.00455884936034
6515411493578410357	17649411622830737146	0.0254740901056
6515411493578410357	14910348812575538433	0.00844943045365
6515411493578410357	6956756443767463687	0.00336532510977
6515411493578410357	6936134390049747731	0.00265456583116
6515411493578410357	15029156042668630099	0.006095974633
6515411493578410357	8072902263059962489	0.00941972104851
4439303318945774399	8248745348894363357	0.0119148979321
8180555939602832252	5466420458605789357	0.00320964858358
395165320229094228	6410193073946397357	0.00440473075464
2694877204545406535	15871458469088053357	0.0152092354183
5833672497993879429	17756081821986145357	0.0104713477073
7565693171067564660	10464606002212271357	0.00367940597401
2470972325377931357	7210144937196540508	0.0096804922152
8365681345917872357	6794693566097686010	0.00208116657941
8365681345917872357	6925688818803285588	0.00758512286965
8365681345917872357	11455416983557017989	0.00550098614016
8365681345917872357	10541581821116560105	0.00354124878093
8365681345917872357	10267160246608479242	0.00363489795649
8365681345917872357	10551824351764914165	0.00360468625455
9437365425860473359	15564931897182325357	0.00325943925324
2506853522126067219	8482484798899490357	0.0153105070725
11937902151556384443	8236803153592591357	0.00588520459622
12951941465697800108	11390908154438859357	0.0050892068046
1717189910180042987	15746908799543445357	0.00201332805377
3860285132615048015	6410193073946397357	0.00440473075464
12773583920717259914	17891420880320810357	0.00504973227029
6360472816205650098	9867994290115722357	0.00680886819803
8314472422780814828	4454990554141917357	0.00369840594224
3715422809404852486	12081173864195865357	0.00298787144936
6231544855504781357	13644492615626484193	0.0707106781187
6231544855504781357	13190498133721648597	0.00464098336891
2496390866440129101	19403538046095357	0.00428557435088
