6621376252354033553	13052892193779325927	0.00707921359402
7465416336848099273	16092754627170981927	0.00405290332905
7114630856192430162	8472512692548056927	0.00270876413633
4090162503038205915	7835839903280917927	0.0027601360626
5539220814612200452	13345510476909377927	0.00444844435075
912369336809905059	6111661768854204927	0.00486417916697
16065779558074339957	5482946586805605927	0.0173500282372
121073161037667927	15591558796057158336	0.0220006160259
121073161037667927	10714978473748670839	0.0158391310764
14351595814549672151	11610924534503990927	0.0105222359349
2214454372834473927	12204952599537733998	0.00571661950475
2214454372834473927	6510169436691120497	0.0353553390593
3901845306950806217	14599811189753515927	0.00577196370675
5511578379684265927	11064801102508160447	0.0139590761407
5511578379684265927	6936931342330864610	0.00388802018143
6088621438718085471	8861575907720945927	0.00319964370751
5746635192633630927	10333003487634624940	0.00371505989212
5746635192633630927	8272604676838531871	0.022733144649
5746635192633630927	484831542915764377	0.00688428390822
694107044181111262	12773464371010685927	0.00217156418054
13276618801752649854	6214699035358749927	0.0200643088476
6794713060157525290	6937215098317639927	0.00803686120919
6187131479723215005	4304948717081352927	0.0039009262874
4606659474770148347	15563901740929202927	0.00223991272753
687915621543299927	2517341823025797709	0.00572945964376
687915621543299927	12208298665009340968	0.010934350421
687915621543299927	8240837699797048068	0.00397709426533
687915621543299927	6946823210747719399	0.0040886546167
687915621543299927	9458795708747320895	0.0114821233328
687915621543299927	3557550274537778971	0.00432317499887
687915621543299927	7125237540219151466	0.0325644804513
687915621543299927	17692149680488945006	0.0092347481333
687915621543299927	8141687559132250315	0.00456968906334
687915621543299927	16182279359809169372	0.0056063113255
687915621543299927	11067192772332445676	0.00413279599458
687915621543299927	16691415831253888156	0.00247489879263
687915621543299927	8278791963160347145	0.00291569973597
687915621543299927	12087232811043271497	0.00331909179239
687915621543299927	8950040879550536373	0.00287685520335
687915621543299927	13403929797762530209	0.0046033119855
687915621543299927	13929930577072844983	0.00411125965208
687915621543299927	11055446547793818334	0.00254657461113
687915621543299927	15962489300320904346	0.00604707220996
687915621543299927	5777195116774365796	0.00336422035679
5052309645287584927	6684726148004062186	0.00369640935156
5052309645287584927	704167577953846372	0.0214570537711
5052309645287584927	7252025971776205357	0.00484160744812
5052309645287584927	8074592855315443200	0.00436336057911
5052309645287584927	11863593012315928138	0.0272772362795
5052309645287584927	12527035057656527906	0.0114557232771
