10953201450066953501	3960699096257044304	0.00202832663177
9869172250518349304	11865446883182377711	0.00307950438257
3865751150702717304	12881110433054330203	0.0690065559342
3865751150702717304	8242610615321342294	0.00347650006403
3865751150702717304	13092009759579246068	0.00659022406319
3865751150702717304	9965342362293316290	0.00310970169907
3865751150702717304	10671667236298773227	0.00828599669082
3865751150702717304	4129814739410232087	0.00233637845069
3865751150702717304	2949502898618669587	0.00211184882272
3865751150702717304	11742508607961777778	0.0069860070697
3865751150702717304	13934017422740690471	0.0263523138347
3865751150702717304	11722126793304840150	0.0118221150355
3865751150702717304	8238263030233279201	0.0199800299501
3865751150702717304	9134262667766653638	0.0254410925657
3865751150702717304	12891054764129687350	0.00780274314641
10419647390078251521	13542073416205235304	0.00202203900882
5940647626587217466	16244486614826288304	0.00405420212842
15535101163729535543	6076167037479906304	0.00202699278757
7509800832692777697	13438499953888148304	0.0108337847504
11676288721628788310	12204215104529803304	0.00227366699874
3682323740386825550	15240393689424039304	0.0150278272445
3308088054906829304	6942471910714121982	0.00543045357314
3308088054906829304	16787569110937285869	0.0137360563949
3308088054906829304	15201100617845770045	0.00555127381653
13236871966417947971	6181881932588706304	0.00589051154834
5527314562340434058	94319887325898304	0.00245461049244
12495402836480637846	10707033477072662304	0.0076673951038
18362457028483159304	18013896206599178222	0.012484404236
4935050572982549748	15050870145006725304	0.00233835775642
2036075022707524403	8935952121010669304	0.00260894817507
4637694150942190304	8115525809440216910	0.0375029300309
4637694150942190304	4704383784000842238	0.00562543950463
4637694150942190304	9091904328341554220	0.00216885044293
4637694150942190304	14191333041023431329	0.00226701424171
4637694150942190304	9467374860969417641	0.00303083187172
4637694150942190304	8827737717944540209	0.00574144015218
4637694150942190304	10037402161183240657	0.0089507187492
4637694150942190304	10278820258236875239	0.00215805112051
4637694150942190304	16557248167100381344	0.00233432783916
4637694150942190304	6907958545278707599	0.00239434605835
4637694150942190304	17725299306419727895	0.00254586477834
4637694150942190304	14080191527072072730	0.00418135625386
4637694150942190304	2117300508611644961	0.00230330385617
4637694150942190304	11599076099746206959	0.0459315212175
4637694150942190304	17027833901306034784	0.00455908624644
4637694150942190304	7440048497865856249	0.00979263322687
4637694150942190304	7769752778263398899	0.0120622084138
4637694150942190304	8153717125766511823	0.00343949407387
4637694150942190304	10540812141098603532	0.00482821431749
4637694150942190304	16131875825303767978	0.00316706354219
