1419727463322255884	11063439353120264423	0.00264505839652
2896419542021011884	15024875816614103291	0.00781631749351
2896419542021011884	12191350376102773146	0.0186209730681
2896419542021011884	18131406512620569534	0.00363889068587
3044545443316286040	10274703197173600884	0.00216320530301
10997421850193887712	14928109745232537884	0.0368604890387
4558745939431651884	17009225259610896984	0.00437839114577
4558745939431651884	17007428369709754173	0.00446927653274
4558745939431651884	11337418491963689989	0.00529879879249
4558745939431651884	12839433826611377407	0.00553204311629
4558745939431651884	7726791575098398860	0.00284772028723
4558745939431651884	9964358729036648671	0.00204022159642
4558745939431651884	11375484926812887215	0.00332315789428
4558745939431651884	17083158301596799947	0.00223933980379
4558745939431651884	12864850010632617785	0.00518392242455
4558745939431651884	5959770744351574740	0.00412393049421
4558745939431651884	7700221072181321909	0.00357590124516
4558745939431651884	13223037344385445048	0.00206417805251
4558745939431651884	8126247512414879734	0.00751136955118
4558745939431651884	16131049384743885694	0.00240220874135
4558745939431651884	16760048911952233716	0.00428620416561
4558745939431651884	13272793743979533781	0.0124341182825
4558745939431651884	13195722726387672614	0.00370126745697
4558745939431651884	6050143187559734039	0.0116977067724
4558745939431651884	6398100164739698051	0.00369066512222
4558745939431651884	7864583530918141302	0.00295212679926
4558745939431651884	6512183648157967535	0.00286139723865
4558745939431651884	8007457866164654778	0.0028584498759
4558745939431651884	16345373575272503263	0.00300540255886
4558745939431651884	10191961229399369950	0.00219317231653
4558745939431651884	684972544059916493	0.00296956935458
4558745939431651884	9313641845696765010	0.00270499570893
4558745939431651884	16696678532016326843	0.00211275359385
4558745939431651884	8018943192863400809	0.0149872662333
4558745939431651884	16823570680179199166	0.00442131757564
4558745939431651884	11373707222760658659	0.0040163557726
4558745939431651884	14618321266918789769	0.00708738759271
4558745939431651884	6610153732951905451	0.0081325006079
4777130419217950084	6401582514914095884	0.00370177461191
7395460162773800310	17423244984516843884	0.0176391260523
8170180195448546258	9272945948597465884	0.0117363131703
12721809136270429671	10031299003065001884	0.00350063586074
6667920391804437097	1106626118762958884	0.00230835485964
8012641341313738879	12497937823726217884	0.00750798147273
4463877435701553430	7634496928020989884	0.00237141331893
1964938857983994385	15849581606471317884	0.0024863777784
5076746957236429006	12034454732269809884	0.0158272234458
9381657660796280884	15876533424110770363	0.00376760761439
9381657660796280884	9581640111859237139	0.00373780196352
9381657660796280884	9286988914410895967	0.0158590369924
