2861102789970030975	16498828957544313585	0.00402473964047
2861102789970030975	6985986059154282190	0.00234928272078
2861102789970030975	15381062014836526622	0.00392346973081
2861102789970030975	6369346707593194588	0.00240826159981
2861102789970030975	11404307542762448533	0.00232387273907
9820012561653879158	16689575442025412975	0.00220014679869
12134110711513672021	11258415022767362975	0.039405520312
4169433085875516015	15414723864318000975	0.00537891008183
13038079229547008975	7184705055530431272	0.00494891859385
13038079229547008975	8456101901151806385	0.00254798778864
13038079229547008975	8525190998600536762	0.00401286176953
13038079229547008975	8280431193398667123	0.00705170222193
13038079229547008975	8288189063906233476	0.0071962934242
4902162545022899733	14589843455539770975	0.00382443434823
8029304941374891680	18173156393329169975	0.00316385998584
5498756349041087592	12208908052146412975	0.00915929131809
5200720049913884649	11765751567777452975	0.00895036022568
14844994048215688588	1964354043452097975	0.00292093150039
5357626515856190302	17064739992325553975	0.00477371836601
6182071597541651691	11013965913365188975	0.00480358596649
3620804275242117087	11111429188588288975	0.00697546163389
14351025735966209849	10250977973982201975	0.0082934022787
3122732251041299114	11013965913365188975	0.00480358596649
6186359097773023975	13437629982409703411	0.00861812816658
18029523731242830517	11761314222774005975	0.00334330381625
15382126093041174975	6947918479053702359	0.00528221409205
15382126093041174975	6366850286702588585	0.00696902185841
15382126093041174975	6944527842816773455	0.00299275135631
5151246628466425875	6885174298199504975	0.00720450624294
9439265838245801825	2599393206065862975	0.0108223587131
4043308964785554795	15792876910071853975	0.00341394370999
9965064513214327934	11970129452060930975	0.00374272047037
8759184240192728729	14513731750082349975	0.00365099694956
3529438119943061669	16718025234998159975	0.00424090651092
12662836002887274559	12629709075123712975	0.00296847012473
14674572649171929632	7847781253859964975	0.00459567364714
7840994643371129319	12016609979452540975	0.00203975467306
8923735100768082470	8762132392388390975	0.00852369042491
4106480952891787569	8020808229428884975	0.00802701623835
4953898838805043552	6407673019017341975	0.00725667240307
14140673638701366975	271916022606366179	0.0167225015523
14140673638701366975	13989431832947399688	0.00235107407492
14140673638701366975	14112218896285496373	0.0066863086895
14140673638701366975	12663947101385064058	0.00594732585087
14140673638701366975	4079340820102341406	0.00742392338646
14140673638701366975	11660188664747539848	0.00336382062821
14140673638701366975	12428271850635924891	0.00411025241177
14140673638701366975	7039350833929473614	0.00893141991211
13226469801447039950	5939645563673236975	0.00619578210809
6149345357574623747	10572851823179779975	0.0104851530498
