6029195236747770464	16924351956809550412	0.00751709734917
6029195236747770464	8455655145947937269	0.00564108127327
6029195236747770464	7348783190167476382	0.0221893733909
912372650973187498	14028241274370226464	0.00441683015375
4470135512512717445	13926494632415240464	0.00248774692502
7770593789838701489	12263517660967568464	0.00413519808487
17741468370483600645	7309851022723677464	0.00284227430871
13344225997714736339	10706142167654905464	0.00293064909812
14503864400070652464	12509051894439022176	0.0171347462847
5980885718357508465	6819432263281299464	0.00252658209546
11602996518783008793	937885196868964464	0.0100860993351
13291090363391827464	9827460565431616094	0.0049955683987
2158346882772339804	6202395907610153464	0.00215076145058
4810663786071261584	14487382580659285464	0.0139822537994
3044736131266695144	8437516078964024464	0.029514066805
12233852985532812449	2757235634621506464	0.0114602360695
14324891443893774647	1018077089823133464	0.00342662733408
5981235797456503362	12687108275669680464	0.00508381116343
4580118320652208719	12710245286955311464	0.0478913142611
13445076695490253239	7100212148328362464	0.0555555555556
13299505372810636251	15234919362778815464	0.00883952537973
13780780668850876852	13438649607644178464	0.00725323566482
6217829762113026464	8946340137947962414	0.00277179578516
6217829762113026464	12645136833277482020	0.00374279911464
6217829762113026464	13253808208071725780	0.00676742422822
6217829762113026464	9099481839888865499	0.00353310573014
6217829762113026464	11579942570980522012	0.00754314286405
13691449388966250633	5339287792842412464	0.0203278907045
7499097667516859874	12423617912656454464	0.0108071800819
14902506014298020217	9763359933853710464	0.0232181730106
632071485749140426	14038902495660806464	0.00542071112252
14502366420290619464	14938091779508648841	0.00604707220996
14502366420290619464	6816451010448770331	0.00937202595193
14502366420290619464	11019637064778759760	0.00275220092064
14502366420290619464	11026378613021300685	0.00783092319379
14502366420290619464	6806927105256490204	0.00636259004023
14502366420290619464	772461946322490085	0.00223473870331
14502366420290619464	15568212938875035852	0.00477862124937
14502366420290619464	6170399102792007873	0.093250480824
14502366420290619464	15936235998687539005	0.00228516665751
14502366420290619464	14943211298955695808	0.00290529547075
14502366420290619464	14131481190222480451	0.00211648862396
14502366420290619464	4716579218602931824	0.00677580801882
10315125611289386359	7686118134633840464	0.065795169496
13472920079655715585	7848263235453508464	0.00210987368142
2323177617838652136	5170163766561844464	0.0125709113789
1370213391298288116	6957995387258463464	0.00222210700485
1396603432377178209	1214260146433947464	0.00261837529946
1262040371307986405	15661681299715172464	0.0161269347183
5675240177912842464	6905340961845686114	0.00374093919539
