9642872912022125537	2288861407734255021	0.00355043260219
9642872912022125537	15155866507588506917	0.00748376381285
9642872912022125537	6451253636227424566	0.00646846227353
9642872912022125537	14931115456769785115	0.0136082763488
9642872912022125537	15165250955455213736	0.0054709376103
12900716176746872507	8957051283631618537	0.0050726795294
12668152095454556308	13429705222252404537	0.00340360578393
6196259611448687363	13438259250973575537	0.00296856168059
11050855430266774254	12661190854152702537	0.00327538048518
2267443096263594923	13892895975674785537	0.0474578997876
4335591764536859005	15838069247008587537	0.00351559549607
6660257676250281971	15941902100147895537	0.00931129372002
9317789027608790871	12995136724130318537	0.00880587442095
11154509995841838537	6942915881538266530	0.00474263994654
11154509995841838537	12869732583492400640	0.023312620206
11154509995841838537	3309222580589203218	0.00311701980822
11154509995841838537	6954829429316893054	0.00271164069202
11154509995841838537	16789736036061238007	0.00573265967075
11154509995841838537	14005847877625314893	0.00200540987113
11154509995841838537	8241966537535913918	0.00241400164661
11154509995841838537	6951568131859867282	0.00248760836919
6649543232182451184	11983063007031987537	0.00571493888748
2903224049018139328	8221929269291959537	0.00267048641371
4944479129916850314	16178177374186023537	0.0371134809513
6142387034088193537	9993429929996457665	0.00601700401193
6142387034088193537	9405715270037396031	0.00398153662737
2477569077143516099	11585332390525586537	0.00491473187183
4689205909646537585	1961415348551351537	0.0100407477101
5056588324736985346	18119250824719081537	0.0175600814368
10666803611642179584	9594131093783434537	0.0597614304667
10643894702686018537	8239489659823085281	0.00235163959088
10643894702686018537	6129860421709972101	0.00323931774196
10643894702686018537	17066345593705114578	0.00232495277488
13863932335869855475	17657036102263033537	0.0119591218309
14431742563733369988	5172864609568897537	0.0037866836849
16186349988529729566	18106003125031144537	0.00297043389237
5503960838488079072	9389555373406971537	0.00390583283432
7241708579449493093	6801806358298079537	0.00248919544881
4201811762382404460	6966895671991478537	0.00539571836173
4201811762382404460	8088214781031339537	0.00228902483444
10593259168742992291	7611307046047860537	0.00895358848917
6835345703023079748	14223015743746584537	0.00953809492146
5504612555895460663	10034714635263947537	0.00485162583391
169141193928089299	13429705222252404537	0.00340360578393
1104349470458223781	13652330420634677537	0.028016590734
6035111201092634700	7227757360223038537	0.0267261241912
3211573918381215723	7716093637004009537	0.00306581195568
4588469927546869741	1184196354385816537	0.00309759379443
8186435298424447695	11986804158791747537	0.00237076013066
1108309996615821537	11042236982607906339	0.00668750470215
