4791910414720065755	17373321134648928738	0.00597187894121
1425936869678631755	13908289305457732699	0.00856674436739
1425936869678631755	6259821245359966546	0.00322970730941
1425936869678631755	8228594818176945270	0.00319187590698
1425936869678631755	13097974013329660727	0.00286442424192
1425936869678631755	6266315888913694932	0.00665602553192
1425936869678631755	12212564508198693202	0.00225689363063
1425936869678631755	13429022438425360578	0.0187514650154
1425936869678631755	6256370677287732894	0.00265387398041
1425936869678631755	1682653659056879669	0.00518936398538
1425936869678631755	12209739128338285089	0.00489878353814
1425936869678631755	7610578069672036038	0.00309119380041
12825896700217715500	7259822955361205755	0.00286741371888
12825896700217715500	8619284214503084755	0.00200309517026
6823318364893086754	8877632845541984755	0.00919328914191
12702609474904573399	13450615353195514755	0.00346147189541
2225598189594309086	15924958286737220755	0.0944911182523
984976691122227778	10131179230818553755	0.0080530021148
3079650444101197216	6270348459468675755	0.0143090951758
17283651446682442924	6487878960645968755	0.00303461139134
6610443816731171440	17787458564087749755	0.00311697438264
3620315693281828110	18055395531291910755	0.00724466513641
834114328849604927	7685689754721024755	0.00281439017892
9515494803594314971	9847415240152058755	0.0113592366849
11507384130329731150	16440961270759851755	0.00508788921059
7054899706770917021	6487878960645968755	0.00303461139134
8988097026233718221	9152967553001553755	0.00407109973955
14654734302125537101	12443415475943744755	0.00484569837191
4587052397863604097	9775439354498111755	0.00271586758587
3564581691252224755	15266575968503686617	0.00916775540227
3564581691252224755	15076372879705026215	0.0133440128171
3564581691252224755	6942776153328421743	0.00346116087767
3564581691252224755	12200499622804583990	0.0243757474709
3564581691252224755	6951538445045801995	0.00991168389083
3564581691252224755	7291503870964027939	0.00413163178195
3564581691252224755	12653351383793839610	0.00416569044736
15055204511669294910	1853619389430026755	0.00753179479501
2821347556518916906	15929859196574229755	0.00268672601429
5047224647923854749	12452062537879216755	0.127000127
4906189562238630755	3542361453812909286	0.00556923762104
4906189562238630755	10514128420712516527	0.00240770310406
4906189562238630755	13674614515466002376	0.0105228184808
4906189562238630755	4701402904243551410	0.0541530361074
4906189562238630755	12203791844132365957	0.00888722131986
4906189562238630755	12195609587806059241	0.0044125711426
7563046874112364928	9281323153020269755	0.00700965192615
7608514053345769904	8619284214503084755	0.00303784423574
17807483885765687770	9732756324898259755	0.00592640070736
13273914604607392714	12203815011125224755	0.00301182960369
10305191141779125609	11837167832872628755	0.00405330282667
