17597230990216196420	11083396310211158091	0.0216777492381
2769985042196098053	7598417123864761091	0.00326633475133
17870486353030831254	15881818574583497091	0.00500025001875
5023164263222615132	16808193752748730091	0.0114609887203
11598515707049669585	601103304929281091	0.00263034967365
5182096495773656656	13493169753008947091	0.00279408102937
3219023494744570975	3038039784186634091	0.00262939476195
7109227929524782091	8736066597769224529	0.00625831735465
7109227929524782091	2693151780193357117	0.0122333883973
7109227929524782091	2705946487817285890	0.0159597047354
7109227929524782091	8443906280037922571	0.00221434116389
7109227929524782091	13084819718018560049	0.00248527180674
7109227929524782091	6379309312208237312	0.0108785658644
7109227929524782091	11223793265562227634	0.00753457354249
7109227929524782091	11524684657359601551	0.00239415391007
7109227929524782091	6417349857108217454	0.0120586999179
7109227929524782091	6957773195532315401	0.0054455699113
7109227929524782091	10045405702782351712	0.0234403615469
5113057323765951091	16606313011239265809	0.0025829447639
12500089916104039083	18155770883685740091	0.00535748454435
13779559395159351410	12711514728036918091	0.00422279374565
5772906612351124091	4972293565498701560	0.00608276557168
5772906612351124091	11133244944679619392	0.00302074827765
5772906612351124091	8262301144820166297	0.006251954041
5772906612351124091	7535140941535776883	0.00306356676171
5772906612351124091	4967247580234982150	0.00260379587253
5772906612351124091	9678644083394709871	0.0029225527091
5772906612351124091	10843797873309185746	0.00415112901156
5772906612351124091	12198970550083537179	0.00227275075168
6162664278863444091	6403245363082148257	0.00375489040921
6162664278863444091	6492511735807749828	0.00407474822399
6162664278863444091	14282046925942234238	0.032025630761
4830619274769119091	17033575383658991257	0.00715528014794
4830619274769119091	12928379520074636929	0.00797756671385
4830619274769119091	9849225170512643022	0.00283294076216
4830619274769119091	8476154328760889862	0.00649145394633
4830619274769119091	14512558337644409825	0.00201149026657
4830619274769119091	18012932157701592756	0.0345857231933
4830619274769119091	12042225162654958729	0.00249247164275
4830619274769119091	18018947397222903678	0.00737751264385
4830619274769119091	8920463553282385018	0.00661714978954
4830619274769119091	7025025493472959731	0.00221185895482
4830619274769119091	11026927003581322172	0.015294382258
4830619274769119091	6108367580467184782	0.00482472893173
4830619274769119091	13228618816884119289	0.00541189249547
4830619274769119091	3221224233540766384	0.0200441457345
2637631646777583644	6010414994345591091	0.0110600252722
3808519680858448870	13434565879699020091	0.00280822441485
8269747016405535252	1100772352908301091	0.00313504271113
11903771945515755370	16296230292884779091	0.00514896470521
