3096112585601328833	5170602188431745692	0.00222750851509
2004451027518316303	8169212636620918692	0.00254305604045
4634962541528275042	9971789241374991692	0.0022435571313
5648956254730717692	15965678209701638551	0.0171221832313
4869047653917218509	18441351864055260692	0.00315014149178
4184358046311387059	9112516508323537692	0.00303545009884
2601395377549027104	12216424442527325692	0.00342194958904
2554317033324338643	9205166192376215692	0.0206724557649
7794260851248125692	92276913964939710	0.0023761081188
7794260851248125692	9497911431437508674	0.0149270358507
7794260851248125692	11429347634942306069	0.0249377334027
7794260851248125692	7121670170487181690	0.0257172249937
7794260851248125692	3956727166341462210	0.00925925925926
7794260851248125692	11025055985479954334	0.0041701432352
7794260851248125692	9184637202564727515	0.009268799972
7794260851248125692	11191117502974613845	0.00249993750234
11497622117176535158	2442287876833382692	0.00288896707039
11497622117176535158	17290925662301737692	0.00401118272077
11447645288885737242	5905792205361905692	0.00299756097764
3438321038367987789	16925133666676493692	0.00405340271953
13260716014640423432	543294424060006692	0.00462606151378
1502552879209214066	8094628687686049692	0.00390986108217
12009248525949669963	11848539288037678692	0.00752752579575
6913570655743446450	12140300670033047692	0.00482517823482
13672981435164435084	16013601684396491692	0.00726164521624
6127166331412128918	12324922770709271692	0.00585747602551
5330945330382833848	11384175780193580692	0.00468262100087
11505862646754125793	4707416343789223692	0.00998802155689
1561830323821502080	14771512359148069692	0.00537168803242
11239500546140381033	10286271034073775692	0.00444941298317
5211196235127446051	11539445459635009692	0.00415112901156
11170021880070329216	11805039391326208692	0.0113665723245
6335779932070077548	12584316203228967692	0.00634233880081
284234725410427125	8829733851337244692	0.0081368069363
3359107778290326301	12216593419418812692	0.00457408492577
3075308528468726692	9043951105198606396	0.0126592420885
3075308528468726692	865287180562785419	0.00240792645573
3075308528468726692	14050803777463512858	0.00551485496674
3075308528468726692	8280747977048359428	0.00234674550195
3075308528468726692	5977612266327958035	0.0132686223109
3075308528468726692	15045666837727997094	0.0355784033482
3075308528468726692	9491806237085664280	0.00875041018509
3019935335690797086	855213843766718692	0.00372729767869
7296523802124801653	15261816003343754692	0.0029077631575
5555159730410621367	15503378433729770692	0.0216371161204
13740724647324292692	18130701556388443715	0.00490602960971
13740724647324292692	6861452168196442787	0.00631584545927
13740724647324292692	9630499739495950963	0.00434967653202
13740724647324292692	7752628750133432506	0.00613162391136
13740724647324292692	18129840509809417587	0.00615585715283
