6416147330478387674	6471515989633701607	0.00399712310667
6692009563031120921	9425238354205507607	0.0024698662169
12774423926243401785	10456278928131549607	0.00461673431963
7221574824713072627	6952199835609415607	0.00287562978696
4980265494047946045	13429175515339718607	0.00214366828103
3344411169923113263	9425238354205507607	0.00210630898698
5994678942299765607	470399599688585430	0.0140510983997
7310605378187345492	13429175515339718607	0.00710974336316
7654496385354778607	6732049348660969582	0.00557867576615
7654496385354778607	13385691935104268119	0.00360872112479
8717341845718029344	9275250027158944607	0.00423903903399
5152673049496886336	8161605335662653607	0.00357938144184
7002267678884221607	18075208457679126742	0.00974092720311
7002267678884221607	17010203648619593864	0.00854981960071
7002267678884221607	6067996172719385027	0.00795003992918
7002267678884221607	6792914959885276854	0.0118295573498
7002267678884221607	17022989401400918048	0.0030505390016
4994352746537166673	13634896211986674607	0.0404226041727
12006021128821602607	12451104644229981698	0.00937038000426
4601084298033844267	2652011876930871607	0.0175682092232
4667208321644260607	8358645383270397628	0.0236690534166
4667208321644260607	13562924572160072043	0.0196078431373
4206942854595836607	9130446011402105637	0.0310236024279
4498501602251392552	8993745886519213607	0.00698976051114
9670799307516933539	9855124074663200607	0.0197603763044
6564902538660627636	10456278928131549607	0.00326452414435
3292609650103820987	15920965118099207607	0.00466242268529
743966152093713378	16654014338722291607	0.00555941760368
1384955348325861197	9030261234913487607	0.00839181358297
7760472291750394262	17628538456191638607	0.00310609937907
12260228971786697252	13415492041525791607	0.00393438647348
5476449722026913810	15021990054078884607	0.00303819473061
6903033021538763673	13426232509206094607	0.00578121612579
4706628839452145802	7607241334110827607	0.00275541696361
5474585436307102259	10046793175318026607	0.00291319944324
4714764243805734932	7894977493731805607	0.00433963036603
11512099566363816898	8591600732298093607	0.0113945779267
1585796728720457619	16306580342145262607	0.00431411362861
11148337670879465494	2169819843405104607	0.00262850444869
4770879258709432591	15019689226157818607	0.00548837831457
6240570282775528253	929432601071283607	0.0231125081761
2786999223892202607	11051707572035469239	0.0116004909432
2198115114656229296	8281414375681133607	0.00367903244163
7628608876206179109	6406755223183318607	0.00239913723345
3655154432152893607	12622539715403004412	0.00379463605076
6580265547280874607	12893597921607738098	0.00524719350201
6580265547280874607	8225939420241533801	0.0110593488801
6580265547280874607	11008891954679996799	0.0113695105622
5723505694165858023	13429175515339718607	0.00205240612229
4846064430395385607	10213410736265210041	0.0635000635001
