6357567425270969986	11100802162692593252	0.0065554394201
7317253773641510641	17192893141461221252	0.00552157630374
8673683284170492821	442978164029497252	0.0022548043284
162300255351082435	6687360938777036252	0.00983231410293
5127266466834181249	14377468421967413252	0.00326407196287
6662426278029524839	6941607359603551252	0.00605726964083
2715989743348088645	17695667641446138252	0.00298948652595
9994087792395499252	7899380080749741548	0.0243975018237
9994087792395499252	17403910780537296100	0.00837179238668
9994087792395499252	9974236507210342461	0.0029237141546
551241005273884713	12215998957210790252	0.00370091257251
882666496380341049	9679249627023662252	0.0103478425574
5405385743286461100	13976071251752350252	0.00241865731018
4284367596791140390	6963708372287812252	0.00792677769253
5852014010184820885	593906786509529252	0.00651386322552
8029939399254652252	17207016921735635137	0.0109011656695
8029939399254652252	6951134705192758031	0.00326382855836
8029939399254652252	6945979095146558862	0.00522729797281
8029939399254652252	6963677160857254007	0.00613670186164
8029939399254652252	6943653937369682111	0.01345710989
8029939399254652252	1973947836559863910	0.00352409913515
8029939399254652252	8283556937371983326	0.0058231134367
8029939399254652252	15912678850547020326	0.00700621025465
8029939399254652252	6121726393139531970	0.0137334654194
5640314394183143866	11754247930136824252	0.00890870806375
5395966453688708786	5607087004491587252	0.00222810558676
11572746355331114456	7699314026633153252	0.00783958146533
5855985305894206046	12426719275808964252	0.00297051252416
7702798732506204273	12204096653701067252	0.0208062594644
5912607026128846056	6136171523055671252	0.0027080489091
13185779860492602329	11936603322551405252	0.00233490044772
5518731781091145219	1705474610131670252	0.0733235575107
594938890577502678	17369541790992535252	0.007025895995
9833498109467083674	13460030743986670252	0.0425243255563
1008386469996080011	13579907780446314252	0.00231828943673
8302579254147124432	6480639828209803252	0.0021878538456
12550721623741636411	9771689859735640252	0.025424641809
3912471113605686392	8715728139905341252	0.00655459444734
1317834569831520922	13426761155362528252	0.0629940788349
1954553640147656252	17325200298978046808	0.0121671068873
1954553640147656252	18068999269049866080	0.0152039608436
1954553640147656252	8859427609495562	0.00512402944862
1954553640147656252	6860737454748631542	0.0126765215631
3747021303982457695	15225898513342494252	0.0108274324868
5055504624128185252	10944326535580215907	0.0115117566289
5055504624128185252	8290205789886582859	0.0118628051876
5055504624128185252	10951012601383568478	0.00661743955154
5055504624128185252	10276181580752520299	0.00263945973888
5055504624128185252	9896187226362737220	0.00292385162148
5055504624128185252	3096701981655672598	0.0306138387461
