6983415157149718614	7903432246430972888	0.00582301471225
2523106155957027991	13263743897576833888	0.00209961748454
6084424513494488888	12594367460274561538	0.0104336623815
6084424513494488888	10143962006396526986	0.00390404649404
6084424513494488888	16234046437226137323	0.00438748438744
6084424513494488888	16227515896378067249	0.008505172718
6084424513494488888	16238913962231394713	0.00399018027882
5195674762850527507	13263743897576833888	0.00342866099476
13320155635267554292	16379500466039621888	0.00224185945556
4018648295352354270	18007686787447296888	0.01610391566
1012570554551257603	10552247887052692888	0.00466760028009
6676533631799156084	12217765125128732888	0.0022728211929
14004546107407860888	6803428464525479542	0.00747727557374
11179548139114731318	15783438895432093888	0.00729616085819
6060220336855035178	15931064841154971888	0.0122425526719
6885930238728539269	14093829458078039888	0.00325224319529
5759030308560151251	17970199603115178888	0.0117851130198
10563377672241046276	1775936538128491888	0.00258180817722
3966250352750260290	10909536679177800888	0.00390806921174
11463491007993186615	16379500466039621888	0.00242148496896
9017268555096377589	11490587387784762888	0.00392982676762
5326307095030601888	9429458692162682273	0.00958002081549
5326307095030601888	12438456652719445060	0.00254966019119
5326307095030601888	10992675051577279878	0.00600235338388
5326307095030601888	11888415499979846118	0.0073229129194
13374977848245262888	7306218713528657570	0.00316519097661
13374977848245262888	4729063988471654386	0.00701689597673
13374977848245262888	7771586115715247252	0.00306373929384
13374977848245262888	7816552161598529275	0.00414044067565
7338688699923509335	3154042681518465888	0.0041956113363
9348748332837475994	6557875567114661888	0.0318788356532
5717735070993541846	7714471013548774888	0.00300576909868
4728169198020459373	9493589551940363888	0.00212337198121
2355637580475314443	6566868992375426888	0.0102754791343
8390400746757069564	17213537983403270888	0.00381179946754
5615119766932574460	13426639573418898888	0.00834406002752
3491431434774748253	2714003863869843888	0.0284901441149
5248801845588647546	11134095960816635888	0.00366435600086
810752996189625896	8273731572462570888	0.00238745772745
2717505991781477159	11399904179495539888	0.00619091209657
6251398967863239888	8078209384413007203	0.0851256530759
4928129676701920997	10240074776934293888	0.00620746934821
2645470452495389028	8288183033831186888	0.00373837653184
11191262228646573176	12912314435078444888	0.00405747129707
5725216529620438888	18166368556697313093	0.00386391379303
4959830832470092823	12443760280248836888	0.0163802416202
6635560693850566025	1775936538128491888	0.00273842110476
2387804810956783888	8872187054269054035	0.0672672793996
6659560255311951895	16364761916498975888	0.0149154084911
15151713192776397967	14718901527471675888	0.00242739182937
