12510712729015372647	12999291445196270561	0.00396170893004
5381604637578618242	10704759586746159561	0.00320766650316
1101226076288861455	16697643997525637561	0.0021925080208
3870210867469953664	14814573549856892561	0.0023372397884
9085085445247369967	17804820836168886561	0.00479794308291
12397476073054940324	13887538526596619561	0.00216011441651
2275799640582268484	13132784002220566561	0.00545204079459
3423574676621011015	1693884935099879561	0.0308166775681
3804687021028074645	7549562466449416561	0.0141976147171
13828141432392418530	374320406491960561	0.00496854925332
13850988394119280395	15795588692303262561	0.0218217890236
1239681974372175025	6336101972075658561	0.00317997577504
10624779563349724881	16695260011580517561	0.0110573204482
625928145830565228	12985058013554951561	0.00328216570453
15854382431361340303	15734079212146711561	0.00790001805156
7392109877686245337	11122070511622707561	0.069843029577
13701416484899324045	7342293715046449561	0.00287079105183
10898805210238842006	6799665716565380561	0.00339476875402
2217589119815047739	11494901597552390561	0.00445740627762
13162223785956400561	496232880705541351	0.00877328007929
13162223785956400561	10390223219091262847	0.00465483977898
13162223785956400561	15549988233333610915	0.00303097108653
13162223785956400561	10589154810452710407	0.00654055949816
7208794956596371795	11805249935192334561	0.00299127818302
13257658363266211486	18246633660964277561	0.0036583189643
12427546639436899072	4949742410831793561	0.00926124447814
14580775300318997124	12209285442450092561	0.00918397947963
12642999675257653826	12365301326571250561	0.00664763734267
5856752510359681561	6358160867466953958	0.00348624686554
5856752510359681561	8820847854085496471	0.00621958383545
5856752510359681561	612213866177979473	0.0228754505436
5856752510359681561	9471024780086347387	0.0022601424034
5856752510359681561	8448071897772828171	0.00253245725466
5856752510359681561	4881625834546227482	0.0186436125574
5856752510359681561	14097767912379525152	0.00280458847037
5856752510359681561	10857561770797159319	0.00211523352708
5856752510359681561	9807154481903580257	0.00360407750909
5856752510359681561	41560922986473747	0.0038160712629
5856752510359681561	6057469577262248084	0.00222093938329
5856752510359681561	8088833926345792787	0.00308267791651
5856752510359681561	9395387422406707314	0.0349428278907
5856752510359681561	6062585682138316443	0.00230470426593
3889977245886701566	10324739826136339561	0.0086287090523
6009079898442555221	13878258764415511561	0.00258646736324
12940806061568124373	8349098645030340561	0.0107458569276
5485464965462967041	9412600321973583561	0.0102355700213
3391860588815830561	16899680118564536405	0.013967243324
16131749143279593185	13661526022831250561	0.0140580389279
819111925910716561	14373781497378360374	0.00719275565214
4352847501120493300	15813352865796620561	0.0101015254455
