10374578611923655520	8357425075462875030	0.0164710897848
12775897052447199081	12694088099714824030	0.00716114874039
8402408282554163261	8036969564614258030	0.00486907778175
2099483708467357225	705895883413108030	0.0072213931469
879023800281070574	15789951505208142030	0.0119883051185
4870857327388773293	10578318452851944030	0.00400937686937
9400432547781947056	5684624010092601030	0.0124034734589
14140333808634513005	17644987717217000030	0.004203907751
5221451711181086879	15391457794589321030	0.00319356824311
4713027251837181308	1511694464481587030	0.0035938686277
3299886797709157098	7462980273287089030	0.00360759375171
6502088010878507287	7315316339052559030	0.00465257211198
15502878839925134846	2428280825919000030	0.00575387708187
10570288395706597364	13820187256343882030	0.00752475483572
2312593975876261236	11886010520199608030	0.00887077159021
9290888904449817642	11664055483598142030	0.00734718358371
2846453746521326372	7358024353609243030	0.00532080517111
6418477762349613674	18089162157336865030	0.00363638767868
6989828813561800173	15753474902268153030	0.00232470146938
11830503463002004705	9085565926025332030	0.0194257172471
6240996480584603030	10288794894648373008	0.00335638508463
6240996480584603030	10495661913836449506	0.00751730974155
10907859487740412254	9979164513144062030	0.00279681166208
385240690812713030	11716443416746881580	0.0025560070778
385240690812713030	7956851927058107014	0.00689819239306
385240690812713030	13804892499583623835	0.00397150735395
385240690812713030	12660660430086508499	0.00219188118432
385240690812713030	13465616557641490989	0.00456863975523
1772750689310440030	6963134014931651721	0.0128981266187
1665823200452307245	1300836503611568030	0.00266223094399
1037798174805213900	8637877494299018030	0.00242040659662
9271411527691294546	11226021904249845030	0.0022120862334
5574176991060846724	6960698643914780030	0.0161796200423
6977942039570608149	315966159169121030	0.0163255787112
6977942039570608149	7562515349086643030	0.00502925476392
5848808060446976030	10683770581354821132	0.00252617091318
5848808060446976030	7345988051277553778	0.00509177905991
5848808060446976030	13287752405649643635	0.0101206488192
5848808060446976030	8352858879848454681	0.0106047460496
5848808060446976030	14139653795648933878	0.00307957739519
5848808060446976030	17640791684528923811	0.00247564950764
5848808060446976030	11431913418382983511	0.00258439350209
5848808060446976030	8339546861810089601	0.0030128956752
5848808060446976030	12195767762869829519	0.00239674493814
5848808060446976030	16938677661390320803	0.00504690177477
9627502302651296762	9821644451483518030	0.00664895968542
3025138745128454868	12946740514320843030	0.00258835545392
6164991464225658560	9601045477640940030	0.0095672974647
6983859307212091689	5091651531950659030	0.353553390593
6272503029784642030	8747260244710208426	0.0190761898429
