4593481656400650583	12921110247321270063	0.00681123691203
1747592770548108716	10712543855120873063	0.00239272796955
4761715103562418548	13430062705349760063	0.00675583153274
11522186245870956644	12206729399964858063	0.0076099005286
12685383039248715846	12832551960223520063	0.00687646677786
3217406602870813528	6721006245881064063	0.00356221688458
7999674516741031542	9839720990837496063	0.00269748617011
1483133639896659063	11042010829091705088	0.0033519322923
1483133639896659063	18023844536356725901	0.0036330743407
1483133639896659063	13775029524960589377	0.00600689988388
1483133639896659063	14587740519132636840	0.00384115677414
4499472095812111138	4289384558176439063	0.0108312425036
7331890888345106406	7697546331894928063	0.008054046806
3887422974139157844	18044085590655416063	0.00338887657808
10947194556632568269	15451004189227951063	0.00626826826059
11773589672105528906	13440252584018373063	0.00490196078431
5389601282857106824	3877092715684721063	0.00652814392575
4078349476109561595	13778017503639219063	0.00631748369649
1820959932490019018	6412928140970049063	0.00525254711809
8071452078724067102	9288889256862563063	0.00748125023335
2332313004232011063	11069429463136297274	0.013508580674
3865711854369476063	10251237917363436253	0.0207256668072
3865711854369476063	10251293309505108871	0.0155192713811
3272707896910303427	11794352046971718063	0.00208545244764
1524305477640844093	9414291757185329063	0.0114889414715
14595823790400268746	558802084626219063	0.00367970488184
13369813226814623944	11460682505881074063	0.00262964930338
2775580777452518447	9496165619768992063	0.00549649709929
6863625116686937584	7641208024391749063	0.0180158248444
4136615245804765421	6825121355591590063	0.00333873532559
1888716696708451058	6368836326857482063	0.00263345805393
5771793679742348451	17635628042754582063	0.00485700210524
11765457870124659902	1827915893763837063	0.00469747667653
6419178919990424576	11008948287470695063	0.00219537513267
5813074702159963154	8233886393967584063	0.00698089847153
1692085100959065838	6813746315028180063	0.00386845024427
7881095796198258637	8627478356956300063	0.00296525796012
12507610266474676288	18093312278162950063	0.00234669380754
388189138125973812	7371146068035863063	0.00427023009474
8984582075141961063	17623477679900994543	0.0130067717875
4128047848416771096	8167192915694444063	0.00973261937456
3495223099543427063	6125619618096578107	0.021281413269
3495223099543427063	17998308837659584270	0.0206901472151
3495223099543427063	13943229138202277346	0.00230319388848
3495223099543427063	15690729389223364745	0.00637058989297
3495223099543427063	15628546200581530897	0.0183308893777
3495223099543427063	8137861811312572744	0.0125948180465
3495223099543427063	8295763582386715483	0.00206562196483
3495223099543427063	18034134194369902046	0.00335457163916
3495223099543427063	15124092618435840078	0.0020167849613
