3272922006114273872	16881769631543986900	0.00460756112984
3915972946922455900	8328414681622496022	0.00639974606311
3915972946922455900	5609845061640782079	0.0163342880096
5161938831513789257	9475184657408968900	0.00753885455053
3506783264259356013	6414349099046282900	0.00436639593183
8319600514063892989	13242334073456714900	0.00825066781545
6751770883661485546	10930023053119735900	0.00221039954903
5688393026309400274	65401280332965900	0.00715949673943
10786093413074117229	15786209432171887900	0.00364429938082
8128236854184107133	15473062758064547900	0.00328031100922
4609444591572721079	13592847070536467900	0.00382622560004
6628893243961635776	16068330099197676900	0.0259762166733
1298531908368450739	13438914495516408900	0.0153973758949
1325888947068128361	13925193695897515900	0.0030383489868
14457022414690328930	6132160887392637900	0.0808452083454
4000257451254825736	15870984924542566900	0.00224461377784
6719589568337730891	4510408319330081900	0.00374926486466
11017402329898952783	6942411531965574900	0.00253347295969
6242943973760921816	10780055281813259900	0.00234619642341
4505541788782358876	10181520097536846900	0.00398077942932
4978227446343233618	71377921530699900	0.00301478457812
5253554051234734907	399087347965650900	0.0279399378114
4820687513908587716	2077636350355389900	0.0186728421743
4010814352758143428	13379946511552792900	0.00405336942109
6436765956313097900	15608588523129776794	0.0299208146232
92234740518898649	10345869564412339900	0.00362154858295
4474487435432135594	11312097329382506900	0.0259237923683
12170189784367757819	9041238386872439900	0.00222653101806
1655133250556094267	1178658048767066900	0.00678125862889
5845607173148035900	10007730071526850434	0.00577696991432
5845607173148035900	10136143603158280126	0.00295212679926
18077044039141941234	164396528140004900	0.0372161463782
3691007057717487311	6958230824403166900	0.00353597593055
5839708650308518900	13446345858457461385	0.00900535527604
12667953744072557694	6414349099046282900	0.00436639593183
11703110202063436167	15657682228099544900	0.00793425931543
12092249266197258249	686343019899490900	0.00969777476146
11517954065867576029	4017375943365975900	0.00491568185384
6772534417961565768	10983782475499179900	0.0554700196225
12849361612830184201	13440986623913876900	0.00630240974588
1476646929116122294	9204978093874403900	0.00470370840741
2021455503986627391	7900611195186736900	0.0292352673102
8426039097227192851	10740201111063753900	0.00538968055636
5214922089253686174	9966545142405047900	0.00415241718196
7018438767429701887	16741017206128258900	0.00819341906681
11252872064609563909	14447779437535856900	0.0167295204409
4393031233523066958	13441351090634437900	0.00400899021844
3481438806385815920	10028680649226597900	0.0244265984373
10330659074671319012	4711338052715970900	0.013653865342
10871938259151855973	17042753547717278900	0.0288675134595
