6272995584930276721	320940186609413198	0.00214843717217
6272995584930276721	6634232390640707320	0.00418589619334
6272995584930276721	18155507151251189908	0.00356036503303
6272995584930276721	8479924797758851498	0.00465726228228
6272995584930276721	7713341387650362232	0.0200160192256
6272995584930276721	6956077581172587949	0.00316063455729
6272995584930276721	11116607899138173989	0.0139863559716
13189780880744231154	13258826482932814721	0.00460658327352
4933644554972725939	10489196311379803721	0.0282842712475
6604083343793366216	8227452348147365721	0.00383572757458
6094378667075841446	4956764223055874721	0.00319941443277
7949502117338101534	584337204161534721	0.0433554984762
1765130309695790721	11027981839233824576	0.00392897737705
1765130309695790721	3069983220077990531	0.00775683387219
1309212891262989721	7720849926786531639	0.040756957297
5848591604186446721	11890731070797861856	0.0206372085853
5848591604186446721	409208180692926862	0.0276500631805
454097992702678150	8792273742119114721	0.0020516414235
5441688927982290721	10434332992814354560	0.00636053044965
12815356729931124768	7341925300022991721	0.00289992761871
3655755508462859383	10034936105221329721	0.0074970017988
4350162789600382675	6938219674016881721	0.00371053043746
14025223002640372292	1558718214024577721	0.00488928874041
17047567801096140406	8757933241554864721	0.0190761898429
4425542086837065947	7605516318151435721	0.00375179718957
14470341623102456771	12202708670521748721	0.002849002849
3959617899943860443	7878630166440043721	0.00285105160475
14015176202478210393	13015363168592259721	0.0173526402098
5559391565422283721	12889034974035722526	0.025424641809
13159942067836546382	17986574745765896721	0.00599415255926
3899540885276422634	11697179589366072721	0.00257514808976
3059071672176445490	13427827269232873721	0.00350879352911
7442756402645968791	3731094750476030721	0.0168073161363
3339515616919105740	16547925934660982721	0.00783645155537
3454781189771133249	9732083411712281721	0.00915621927664
10616959299771775841	18385794588427228721	0.0269484027818
13359271186833661579	8272460678125495721	0.00848677517814
15807327241748599040	552024751745903721	0.00213227856174
4210568178591491746	6941630964790181721	0.00279057573089
11697294981667946686	8957542161946457721	0.00200152975332
3794955679689446254	15889014964147867721	0.00355914709707
4055347838833370945	5397571827606072721	0.00598137904509
3528692092334696750	6401434441567044721	0.0156767544201
13990260122476586360	659106686784053721	0.00273557115558
537685718765613469	8757933241554864721	0.00974323871146
5004639026281659800	14706003847156112721	0.00216567438347
11141787382622226344	11044263781963893721	0.00249249486948
5408766443955634721	7922461294243858417	0.00292863753285
5408766443955634721	6490025348500401908	0.00271674942615
5408766443955634721	10554118955273139949	0.00380099021091
