1011373559985829457	16544238613795083871	0.00628347007709
1011373559985829457	9724612981004293667	0.00531734389717
1011373559985829457	6564283649695396343	0.00237847272691
1011373559985829457	7368320747523137915	0.00237449992361
1011373559985829457	14074587493703332928	0.0191459895267
1011373559985829457	9124198664276323676	0.00899478453701
1011373559985829457	12153581138564677080	0.00547832134891
1011373559985829457	14075921437478680332	0.00421105827254
3719779928760459457	12375074317328176805	0.0395284707521
3719779928760459457	9727366245081493683	0.00431773133459
3719779928760459457	8006057150595318280	0.00410789350703
3719779928760459457	9721966333016177295	0.0032055233877
3719779928760459457	4540743155222569458	0.00714285714286
3719779928760459457	10554287610124559034	0.00271562723297
3719779928760459457	9292337549490351529	0.00427412878093
1313005742237069787	16119457613170584457	0.00692875755305
2580937549968068592	5352889065130593457	0.00970553645244
3917057709354524924	8186124668133901457	0.00430498931729
6499234314485977815	12436762215128284457	0.0111234774044
7226537405714864457	15759982044082776110	0.00395813843761
6582288485347829911	18035505730205712457	0.00549982125871
10615749261906470457	16826261975517383161	0.00551443569772
10615749261906470457	8314413980108051536	0.00773591652929
10615749261906470457	17771957510702031198	0.0396837895066
10615749261906470457	16827976994603421013	0.00769344586021
10663649886309568877	9077749310176937457	0.00252596136808
11399421914749379924	13111660227517013457	0.00241615683586
2639446550025527052	17692771877331985457	0.00962250448649
6500161735855537457	13428652792115199849	0.0024772746025
2018047659869427396	15432782298236318457	0.00298269685893
3142931647798179357	12389750101049120457	0.00275727025301
12835113918401368028	6723694049056389457	0.00229539597863
11983888195416325959	16985936142589427457	0.00463589374913
6833059642587811058	6828545247676342457	0.00247856023587
846695631752436243	2394849911763283457	0.00288344928437
11488217171967628244	6669099747091432457	0.00861460984508
1997136192360075457	14369331778159017231	0.00258195447164
8084031986392391665	17380603122081782457	0.106600358178
24263936106239199	9494020172077232457	0.00374413682632
24263936106239199	9188555586826979457	0.00256213245043
10256612177167366824	8338567658339215457	0.00276992369741
4962675467217272704	6998143580809553457	0.00540169769627
14624935646893124432	12893741154494991457	0.0058217317512
12187915768084829496	6611208182485846457	0.00200513974506
7882738169755402457	9509258772874210694	0.138675049056
5124819997537299706	16611888789363548457	0.00611440698539
2576486774548818756	16976357893471491457	0.0367607311047
1069691545555292441	16928957337360437457	0.00350263234169
4298045318481402150	15789944495546714457	0.00300037957203
11823390973491351940	13978429793910770457	0.0287361067569
