6049162792818147858	7260594126490614625	0.0037056103724
3894032366366753347	12439772987204268625	0.0029310519088
7994523728240306937	18044062629735503625	0.00441976268987
14374797446707360625	6964370188139075890	0.00256741313359
14374797446707360625	9798722117443461328	0.00437730039705
14374797446707360625	2563258624738451765	0.00311712580895
14374797446707360625	10998223848729370655	0.00376306996658
14374797446707360625	16610853273929687457	0.00813896266741
14374797446707360625	12890224606966925557	0.00208003173653
14374797446707360625	11372073752242318758	0.00878613867543
14374797446707360625	9798713033577707972	0.00406719189255
14374797446707360625	6687237270728277353	0.00449294151719
14374797446707360625	334315783403769870	0.00283827600071
14374797446707360625	5745024079648732652	0.00504844509119
14374797446707360625	9584119902435512833	0.00325148667572
14374797446707360625	12537524310320471363	0.007428428319
14374797446707360625	9783354707175750601	0.00715821263993
14374797446707360625	6687266957542342640	0.00294464279645
14374797446707360625	17526864722123716996	0.00361069657345
3631714966344881257	6952125820732504625	0.00292175423832
12609679786277186246	13770439298908057625	0.00282614452177
3188333431941443328	15247596852037144625	0.00629603591007
10622178597584122036	14556500827246683625	0.00275871778773
6164793027568357493	16976072299172471625	0.0108798534972
13305643308826339338	10043778564470310625	0.00564260772208
4325154165400029789	11301101021038746625	0.00308407034287
6690242174910725899	1882358557985008625	0.00428042816354
10492286716740184625	15787706825914435792	0.00578411664414
5501137494277136625	15932333007581327175	0.00890870806375
5501137494277136625	15925041716396110949	0.00256513996064
5501137494277136625	6806365453286217223	0.00242344675637
5501137494277136625	8243681672581777459	0.00464188327843
5501137494277136625	7350889356954867151	0.00535756143298
5501137494277136625	6813568228509269472	0.00501021874166
5501137494277136625	7348366132391757908	0.00215162753105
5501137494277136625	607723430137598401	0.00306167083003
5501137494277136625	7457095150443278217	0.00233873503312
5501137494277136625	15917815133306628099	0.00442859546958
5501137494277136625	11517346967840432264	0.00620197527156
14596788416096970891	12325258156179366625	0.00231692009849
14596788416096970891	6829002902252770625	0.00806477838546
1021357954867165625	12451104141736722836	0.00560983886082
1021357954867165625	12452658125339142286	0.0103428600473
1021357954867165625	8976994993762202591	0.00558563345876
1021357954867165625	11497297393843457690	0.0134014066855
1021357954867165625	9180264233977126508	0.0104782435577
14337000769155932095	15934192015328729625	0.00466161207587
10587953437868909277	1714706792780070625	0.00379868588199
12210183277878379635	5732021522335709625	0.00341495879617
13783243466979228673	11752906557473477625	0.00262776018725
