12172756886981872685	10922296698621987570	0.0117411658946
9761537167270073955	12212026877055839570	0.00210113710691
12733529235938219277	11710488031369690570	0.0262431940541
5072598450607224570	8275404032826606587	0.00896581575151
5072598450607224570	238026385014319012	0.00426906256769
5072598450607224570	13951028214919658872	0.00519734795024
5072598450607224570	7008107618584047355	0.00230553103273
5072598450607224570	6953405948341981399	0.00488765325324
3451783403476600474	7268078317514566570	0.00392800731905
3020667402033511401	9136214190418510570	0.00779918268848
903468563078885082	17274093900043817570	0.122169444356
2895166003810723381	9907428526850462570	0.00421828293547
6295659853095254547	17950726188354857570	0.00400937686937
3156959554697799750	8670465450182176570	0.0050164558838
8579353731717781591	4502708866371225570	0.00675459849175
11137771454459825713	13931929879673038570	0.00232029178854
3458502182334328570	7616291470895772797	0.0167576846367
205131345800449867	13996201239432185570	0.00557676695438
7695753388080270622	12232866591464270570	0.00508262904975
3791364611068215570	18346661105654126561	0.0129477640333
4638872992502192570	10617284791823678742	0.0060759127618
4638872992502192570	11123741698104447244	0.00410830948923
4638872992502192570	8151635976773945109	0.00630842636754
4638872992502192570	12221012094709464916	0.00511109596715
4638872992502192570	6963975295931716959	0.0060429855663
4638872992502192570	11806812821552207566	0.00279360126521
2263745736671564570	10287549603209271908	0.00238123587829
2263745736671564570	3044110870903672412	0.00344446898106
2263745736671564570	8426542661345366201	0.00927358140124
2263745736671564570	8892748165674262594	0.00326294233074
2263745736671564570	11984945326608649339	0.00228644457141
2263745736671564570	13921620613430922819	0.00316776263815
2263745736671564570	15375141428040904948	0.00306198657421
2263745736671564570	13729250485738473154	0.00227645189529
2263745736671564570	12217508741342906103	0.00636271883109
2263745736671564570	16925007510558467170	0.00783597036341
2263745736671564570	6942442030539013570	0.00385950823967
2781857898466653003	8936068310236188570	0.00509138307445
2412603144214988750	13430560058208879570	0.00711369991505
13570963169795511025	7560845312495789570	0.0105815662491
17984143368714387210	16851786983699127570	0.0107272922315
15209775640942645371	6073708857285059570	0.00596571216942
12501943882952606119	11293743738732549570	0.0101871242771
8300059950789157201	16681252246332598570	0.0112830602004
12385210025127882693	7263515215293520570	0.0191040179975
11933952147128903789	10163734534733053570	0.00269088599831
11984875962885283570	6380540829544649748	0.0256157759789
7348955111362550570	17530490207712846022	0.00257162045296
7348955111362550570	8093122124821025066	0.00539697551887
7348955111362550570	12431352265645274931	0.00301571664943
