13735053419596289369	9472990355544891085	0.00342305205034
15854996018769983085	7964094401578228974	0.015875015875
15854996018769983085	15053888560588338088	0.00953809492146
15854996018769983085	15036650073657642918	0.00476644639838
15854996018769983085	12203122117189103940	0.00529167195834
15854996018769983085	16972296483995501053	0.00989759478081
15854996018769983085	8593524508677904564	0.00330006045766
15854996018769983085	15961963597316018885	0.0490290337845
15854996018769983085	3679791079060926543	0.00351659528832
15854996018769983085	6794929144958707468	0.00463121811128
15854996018769983085	15090237830910709774	0.00667438374923
15854996018769983085	16957027565970346686	0.0283069258536
15854996018769983085	11227332208874756742	0.00216899838826
15854996018769983085	718509267875362999	0.00482197968632
8033324064875576449	16051415524096418085	0.0108766352721
1812178673562824986	8191111387471779085	0.00237352320084
3336431959158549043	12017453357126006085	0.00341239297464
10467117001301494665	12079988487537704085	0.00763470008395
5120755910504143368	7604425666573877085	0.013148792076
6073598348242440016	7961599853558198085	0.0151602184179
8279339631002544158	13226630758204968085	0.00240193847402
4353010830874586033	7732818973671573085	0.0120464442488
9357868154640428737	12196099763802210085	0.00462013294347
5306518949753958497	16145265009074415085	0.00227167147246
17215251695395483490	6947716843089185085	0.0092367176247
11528657911539929093	10230149198879518085	0.0135382590268
11298473965856134462	978823151408240085	0.00240971550964
4271842443328988278	9162449053676315085	0.00375658566725
4024072267814272097	13220609517457549085	0.00324436012102
11245407017109181085	8078902859116459394	0.00944068640062
11245407017109181085	8574433043449526825	0.0430331482912
11245407017109181085	12201533936741509362	0.00594922000428
11712753337392156734	13226630758204968085	0.00240193847402
17539863742493724614	14097589681166437085	0.0690065559342
14736579985474213991	2829131682371220085	0.0420703161912
3671282000462160478	10231182912713712085	0.00586714648849
958775660093763450	6683359906034653085	0.0035199050258
4375026640363535085	16701250600401324986	0.0137102124277
4375026640363535085	12767664258176097347	0.00817041456918
4375026640363535085	10537456987665449653	0.00712760004361
4375026640363535085	7466024386843774467	0.00867109969524
4375026640363535085	5944767428207882517	0.0036676570678
4375026640363535085	8312089560910897748	0.00666488959968
4375026640363535085	15314876977227208660	0.0206196524711
4375026640363535085	6159286637024023658	0.00645174717616
4375026640363535085	5487185425189474718	0.0137102124277
4375026640363535085	17947020377536359137	0.00310015302733
4375026640363535085	5916871911773723134	0.00302033490122
4375026640363535085	12452869790011066034	0.0314970394174
4375026640363535085	8338708004763013538	0.00654784640734
