7680771742349574426	6252727724568921970	0.00453889476844
12519622234009260117	11020263377284515970	0.00289839244666
13172087126830071359	7085003566358332970	0.00412042821715
10854111435388374970	174018583667351886	0.0191179778225
10854111435388374970	174226507331433664	0.0121842544707
6309439963596957177	6960733845436204970	0.00223813921466
6484606304596181536	5385159685662521970	0.00683841616552
12238293161408753687	17056098693898702970	0.00273650307278
14345620282911344408	2392385463834261970	0.0103032573746
10410327127482276970	13884170877033258268	0.00289393480823
10410327127482276970	6115191669332489976	0.00291495640274
10410327127482276970	10279050881806440583	0.00241000940725
10410327127482276970	415659571898470739	0.00522651256254
10410327127482276970	7479210275374574455	0.00474953545878
10410327127482276970	12449791449455657879	0.00231753600035
10410327127482276970	11012048081704070888	0.0046820563875
10410327127482276970	12090138266645458012	0.00213163416021
10410327127482276970	13720207508196709286	0.00284495309166
10410327127482276970	14785990341696604438	0.00545504138994
10410327127482276970	12681600251985115769	0.00219987527061
10410327127482276970	16234398917367453831	0.0052062153497
10410327127482276970	7010629133262610192	0.00352433987697
10410327127482276970	17812807263548814910	0.00699300699301
10410327127482276970	17292374442685230495	0.00294007033732
10410327127482276970	8580815404426672629	0.00278438132651
10410327127482276970	15408695944083665591	0.00352121407602
10410327127482276970	13768837223981102864	0.00525740847242
10410327127482276970	7485141595096105661	0.00217812720538
10410327127482276970	14492853522052851573	0.00316069770621
10410327127482276970	8464503772199794615	0.00678281836363
10410327127482276970	8571113378370850000	0.00248000038886
10410327127482276970	7483393371623938513	0.00202878157403
10410327127482276970	13765315097486832578	0.00563794248133
10410327127482276970	6553269532414519476	0.00282701397096
10410327127482276970	12354414074270388775	0.00294371129269
10410327127482276970	2288464564466015145	0.00215988766803
10410327127482276970	11966328010998379212	0.00296398121866
10410327127482276970	6820982003505747767	0.00253058344215
10410327127482276970	13193102543166503797	0.00499750187344
10410327127482276970	12434157460269377516	0.0115965901761
10410327127482276970	7120008069656616038	0.00574333370461
10410327127482276970	12689035497486259818	0.00609892168399
10410327127482276970	16703857737330169031	0.00214774333815
10410327127482276970	6663441798048970279	0.00649049675685
10410327127482276970	9391792109719960610	0.00454855689222
10410327127482276970	12424620777392088293	0.00836242010007
10410327127482276970	18077638421605829570	0.00224945836751
10410327127482276970	8271016925674585032	0.00243646028158
10410327127482276970	11129682553394158760	0.00211791693821
10410327127482276970	6675538972871759095	0.00241301753333
