5151555528285361500	6759160537106721965	0.00214220692872
11310656985422134945	16692042565677223965	0.0148282456465
4752379284074725965	11492530960244846026	0.029160592176
4752379284074725965	892400690274630621	0.00413576389155
4752379284074725965	15325574070156458037	0.00418501634127
4752379284074725965	773705163986900742	0.00687711718853
4752379284074725965	10792340432581268811	0.0051565576905
4752379284074725965	1304733885773883053	0.0026107613892
4752379284074725965	7107030304706146809	0.0119659693103
4752379284074725965	11713596270794292212	0.00240495817045
4752379284074725965	17682544757609370494	0.003528835476
4752379284074725965	11511956186879949092	0.00778216007956
4752379284074725965	13599340703142607861	0.00840365806816
4752379284074725965	15553234503288231134	0.00708525251581
4752379284074725965	11503050688105662840	0.014397807093
4752379284074725965	14326673739515755611	0.0038282998758
4752379284074725965	14837593876845798472	0.00336032432727
4752379284074725965	11483540137682344964	0.0247536885744
4752379284074725965	6150781460092314386	0.00864901761388
4752379284074725965	12968709735446397042	0.00387561966423
4752379284074725965	15180106966052292960	0.0106262785511
13168842459918411428	18367028991764070965	0.016074760739
6356868608037839317	9159417274100090965	0.00245684672969
11683043466366279681	14603579648147717965	0.0297482058654
6277978313470265040	16488789604101800965	0.00360527187772
6503882263675041342	762344828901965965	0.00335294958786
6647987402148560927	2612113292459779965	0.0054347826087
6468534381955216030	7723545480151985965	0.012515654358
11739094481575491013	8257549318666746965	0.002694370712
4553076948580471965	9413953185863734022	0.0103930115942
3959479116142821310	14394681622257717965	0.00342194958904
10026888581734278391	5397322216556071965	0.0117427848075
11835872367470122803	17124371014351443965	0.00490904352285
3869279433807359965	13442418561751966423	0.0187977895099
3869279433807359965	13429752187712446313	0.0194994393992
3869279433807359965	13430437256618527376	0.009640373591
3869279433807359965	11504294348112074073	0.00602147474341
3869279433807359965	9283685865420231626	0.00784223278194
3869279433807359965	10506854993739033971	0.00345197198446
11901813350382433755	8146925738731173965	0.0130855980648
14636895170491568563	13442080367433685965	0.00459005439614
14686076911459152003	1980187758379359965	0.00427490980035
1852735637942726965	1792647328212549416	0.0048224282217
5155612961557608410	10243081160843638965	0.00372063565198
2939832589751414965	12209514321155742494	0.00472034320031
2939832589751414965	8291424836434933892	0.00627950449129
2939832589751414965	2826384204736509108	0.00330121110639
2939832589751414965	6958164802146144160	0.00225108781964
2939832589751414965	12196118622966553918	0.00321213135881
2939832589751414965	16110669513014451560	0.00231026373628
