5427928844467412035	18049432475988043813	0.00211651706712
5819495610186716804	6420472509121480813	0.00357686186337
13136657848131483983	7014579834280787813	0.00385071360335
3480479357174032699	13436679604855044813	0.0088697247062
3905429065908493673	9781474478113641813	0.00388596472121
4156663912392855813	1844614036416671986	0.00670070334274
4156663912392855813	12260117603208192981	0.00230622988472
4156663912392855813	12507697734631938575	0.0331133089266
4156663912392855813	10085536837236416863	0.00303482100304
4156663912392855813	6918526690149429480	0.0024135164689
4156663912392855813	10924531259138849731	0.00924026588693
4156663912392855813	15869367233679054558	0.00302813489445
4156663912392855813	10035729786038248866	0.00317666880097
4156663912392855813	7808490996489449122	0.00432353864231
4156663912392855813	7807379196939704966	0.00365558026195
13553199938353830832	2393958864869912813	0.00309943818476
4945835661679797813	8292322368427781337	0.00483922585547
4945835661679797813	8472533827845095376	0.00689671573835
4945835661679797813	8275621242056852163	0.00993219589717
5051661671664218441	15786375343220312813	0.00329726078437
4975309054800801484	13428202537809726813	0.0124746864761
4030639474384171872	8879007429264593813	0.0022824626486
14633541228635164632	7572281930002672813	0.00782061887006
1882447749197511813	7839328608426230447	0.00661483306307
1882447749197511813	10656604306576330338	0.0063027852805
1882447749197511813	12383068402394724068	0.00565785011876
4188005187927840614	12196260799300063813	0.00659351806549
4046303267461442448	12879719230021914813	0.00796566234846
12680852462134437603	9210784121521973813	0.0416666666667
5803552128237858150	12189814203675310813	0.00301144718729
2927933635626092684	15340658944820970813	0.00589051154834
4884446979414788297	7959246392166054813	0.00317397947574
12613656963142451669	6809633441412307813	0.00577812704401
11240678081566928059	14593148664718960813	0.0057583589265
6035897198663823813	18205346043194729794	0.00517295202955
669181038594235590	17976880497360478813	0.00211636064394
6340272287544253888	12216269205214715813	0.036514837167
5459049413770021587	13445218894320996813	0.00774310227439
5616183355682328813	14424577923549288243	0.00359484380285
5616183355682328813	16909974836990140637	0.00362204742375
3262829523453926889	13010600395315983813	0.00344173418985
4494264161786755376	17802364084822485813	0.0024740048925
4742296980979987169	9853222191517583813	0.0220970869121
5621708187015811562	7497699286047349813	0.00265227731126
12931625355791413575	14027503974413588813	0.00274991062936
11282906522725565276	12980319055252149813	0.00241677064039
11282906522725565276	8483932759434069813	0.00484126700531
10978663678195794729	14044811260379455813	0.00307650076971
1692813746232582815	6408884423246631813	0.00234719150813
7840574273766713618	11877980722239941813	0.0174077655956
