4505486954388686238	11764114968437413472	0.00373660144897
9973098218619886238	271762754235422472	0.00567440394758
5959804121457504118	18303153010138635472	0.0108433341439
14035617352334300699	7186094627836236472	0.00856863110772
8006540709937834749	15549819531179429472	0.0045735108329
12942966640129917472	6202455281238284038	0.00849964089776
1911800255504585044	8725377788944923472	0.0119123614982
54086295300891472	12108628989736320455	0.00300521255395
5159771578694257547	1380485850286851472	0.00629690960543
1146643881710427481	11362353925339396472	0.00357599269926
4568673243992587681	13427556166675383472	0.00249417666015
13753359977978217175	13913328092344317472	0.00619578210809
10620651773668175578	9382862404047045472	0.00686883824971
8070178322434780472	15746255959899326688	0.00239346804363
8070178322434780472	8369409249251377807	0.00208087818939
8070178322434780472	14501365513781783827	0.00643996315321
8070178322434780472	9725160263609266221	0.00460599685849
8070178322434780472	10855428254235828239	0.0025271871402
8070178322434780472	13428907762778029742	0.00315559487529
6759947561005244894	7954156688398966472	0.00718792293467
1983499228205538222	13427556166675383472	0.00352729845974
17994129669898222061	12444830972684509472	0.00208016673954
13575998621337888706	7391568967237474472	0.00595840066054
6204367571672219102	456634392216164472	0.00231023907545
9827969061572826584	18143338939348623472	0.0184805317739
4832594992262611792	11894744082820984472	0.0190657855935
10248697604666894597	17915054821178613472	0.00648872024203
5672674253741028241	993575157223939472	0.0142740667385
18084384228288011929	12872074841677028472	0.00332945123679
17968706319111889472	10266260107422554183	0.00513787519018
17968706319111889472	6399486652365332920	0.00218718390642
17968706319111889472	18012917373603980016	0.00451348840421
17968706319111889472	15914854878635378939	0.00284795125151
17968706319111889472	4830396206025848066	0.0063661991431
17968706319111889472	13242615471238772125	0.00357997775695
17968706319111889472	6824369044772385805	0.00309699953183
17968706319111889472	10287612262510331001	0.00228661193376
17968706319111889472	13235343236639194653	0.00738092811263
17968706319111889472	12070537433479127060	0.00279029326965
8677185935347102983	7705181952675784472	0.0101966523767
314889491957042472	13428589449909576094	0.0088429808841
11864335064982701165	14829125777520994472	0.0036401923645
11864335064982701165	9026075841344141472	0.00218013986787
5077489131109817348	7670755191194548472	0.00475737608303
11529849604385645424	8282546537837925472	0.00404384655052
1268448385602432255	8493561004043248472	0.00565052919684
2203317050581408472	10007575360043829698	0.00731507169976
7194685551233672417	7683496048003865472	0.00727855244569
3564670140609893899	12064933768160996472	0.00494619366829
17831683427994944955	15549819531179429472	0.00646792104755
