3346801679524686391	10002856005748307714	0.00297166650834
5335576371144759181	18004567798508250714	0.00763336538505
5432981679808241257	6962237792742325714	0.00235029472193
1735908460009912575	2440125980812135714	0.00458320363687
13458352555594431676	10536787496516922714	0.00337331926707
6448209004126064532	12433282750410912714	0.00363053545415
14166290476586443354	15392237374055661714	0.0153392997769
4958728559626369246	12870497349674906714	0.00399766604435
2841491783531454710	18148876826260133714	0.00218127541823
1198030308662382502	18422831030134245714	0.00809935677463
13030408254569751458	8007006299914514714	0.00228287894043
5663130088883767962	13442169711317975714	0.00262843180998
12035897048629114060	5493053325290163714	0.03125
554717745222529811	7953444733161767714	0.00213447293382
6966277849572772861	16936847548551010714	0.00284650864599
3198375035643523714	8400068976132036791	0.00710669054519
3198375035643523714	6820734445919534269	0.0707106781187
4248194499867621318	13418609595115799714	0.00336717514851
14068175041255007084	13429628900711449714	0.00616111253121
13214036841073433469	8561500703389806714	0.00669619503075
7062031808860869964	13118111793304387714	0.00317449120158
6235817279024296234	10571973139657908714	0.003795073246
10921186926394343714	2522675412526792153	0.0235310402668
13172544786475554590	8272989479525324714	0.00434306691983
1421829136296190655	12821533717896492714	0.00751476222053
5351264455744651307	8182136778191778714	0.0134376561612
5351264455744651307	14983850017424964714	0.004417433434
4526998831255063714	6064350028867462989	0.204124145232
4526998831255063714	12451486097529117981	0.0123428574653
7072857209122373714	5120706741065937530	0.019160041631
7072857209122373714	17905991312148432746	0.00815844166456
7072857209122373714	15842166558193004231	0.00780868809443
7072857209122373714	2383902095947045752	0.00944236968251
5571534709095273714	7957819827412727333	0.008316026288
5571534709095273714	10998052188248531327	0.0115010926557
5571534709095273714	5885640339027256149	0.0518475847365
5571534709095273714	13825529701416394209	0.00251550238637
5571534709095273714	9838580442078676159	0.00658893644898
6960344254526427849	7620327298582340714	0.0034429579176
13187415255617765688	16302611266517129714	0.0114859096885
6964728114211995714	1499160906763503250	0.00389935416446
6964728114211995714	11039028111718818424	0.0105869019413
2115234632891186001	13418495559477457714	0.00427256802543
6517660989493333498	10337337336038440714	0.00496279443504
5105552922429319714	8289573529431034444	0.00984899076407
5105552922429319714	10334892098067621007	0.0028871844561
5105552922429319714	6417279259025928533	0.00226955258842
5105552922429319714	6940203205895492216	0.002208716717
5105552922429319714	6959035125720402112	0.00528118271177
5105552922429319714	31147463704293660	0.00413082094262
