12812040413682170144	2673865842581591268	0.00805770642955
6489012932687616397	65504424727768268	0.00220016809926
9083295401416523271	10502308749439800268	0.00440635537512
4370372693018351268	5687515193616621389	0.00751964724658
4144162130147629145	12199891060351443268	0.00220134058435
4144162130147629145	12206381245542348268	0.00262745177641
15127499713930688155	7498016520930527268	0.0107926936609
11447989642352605881	6893267958017411268	0.00216720468181
3487498498546980458	16696707445759449268	0.00266887860093
3155589863282770268	12449207909291663662	0.00952856418881
3155589863282770268	12444239864868736031	0.00932910509721
5779524956484440888	16698933011814605268	0.00716758407659
2407857800483297505	12260147290022258268	0.00364652780661
6368564203575166562	13440832834053220268	0.00605660301786
11593800199757580843	7966440926279341268	0.0127536081873
6205471359346023133	17412078705180634268	0.00379207057661
18402325985893296025	8241867207743089268	0.00279254447567
8406429690218354837	8227948837934799268	0.00360293109584
6477364044098815586	8229471777535191268	0.0022372260417
13283360790600566077	9419987848268569268	0.00297534724329
14687510244004964268	265787827693045790	0.00213479878268
14687510244004964268	6790049929004707727	0.00364504980698
14687510244004964268	16692173746917560933	0.00457964565905
14687510244004964268	6793774997040576686	0.0026570947479
14687510244004964268	6893146544568947255	0.00963142660662
5417628404871017685	6117996516830142268	0.00809988814132
5832344898458308186	6215410011877417268	0.00233874142921
4390306767463935749	12650821641837210268	0.0226339365106
8235404628045142672	8247078957395728268	0.00210353907892
3823811288780521412	10487347167724998268	0.0152463117915
4343898515929214548	9964067667526772268	0.00360914416226
3074291399122599351	8283014186489398268	0.00387771705033
12126559673806650268	14807876547693006286	0.00462517077313
12126559673806650268	296070053402826757	0.00296517974486
12126559673806650268	4801104130090058812	0.00220175139719
12126559673806650268	390243585050898200	0.00344817336141
12126559673806650268	8456363997173356907	0.00428868676308
12126559673806650268	592600675086536610	0.00237925352067
12126559673806650268	12679598179160093532	0.00264394875248
13994048849777734268	16040411413978462576	0.00585165657514
13994048849777734268	12361350494638754285	0.0113090049311
13994048849777734268	18408786198338640169	0.109108945118
13994048849777734268	13555065105464293876	0.0191882389113
12387243129216140814	1982031420322694268	0.0101618460142
11043273156180083567	11275890640739075268	0.00311411656896
12302943204234282802	3264740028639426268	0.0108798534972
4913527174104799732	15839369729660030268	0.00352989059203
12851773173377957282	5913118006063831268	0.00260864633985
3635512191455746011	10833235409903132268	0.0024865007553
2118909016583649171	6940858940026072268	0.0165748386033
