12940437189893740396	11181895012558191828	0.00393566603796
6369024963631216828	8528399201079102148	0.0104805452038
6369024963631216828	7616282304675165490	0.006812975541
6369024963631216828	83610974686106503	0.00247071038887
5996033072968910828	12216063313016840057	0.00243376007379
5996033072968910828	18402681558643936118	0.00876249546541
5996033072968910828	12203880801441960943	0.0155492603393
5996033072968910828	6401275128362041237	0.00438495280545
5996033072968910828	5699789213741520664	0.00243376007379
5996033072968910828	340907759318092266	0.00319171332409
5996033072968910828	16856533816512146232	0.00571027827207
5996033072968910828	6947773639852385537	0.00837531512716
5996033072968910828	13545297031196084660	0.002349827482
5996033072968910828	2461922121362961469	0.00523596092078
5996033072968910828	9049304584025586148	0.00249361826933
5996033072968910828	100423342433104932	0.00537044845976
5996033072968910828	13425631583224926207	0.0025164420437
5996033072968910828	4466282396882814682	0.00400487288995
4012916761494613477	6954114008005654828	0.00259688581205
12724977185727831232	8350700921229915828	0.00575397233133
6844203976879019111	15502240242852943828	0.00225047208604
5357361870819893714	9417451209094333828	0.00339148719815
1979988979498349269	10285403536937121828	0.00220470855321
5174381849632797489	8538582627238811828	0.0228694676873
3293847910635430589	4658282200939416828	0.0100948321126
6038870733063309828	8595489872390356271	0.0049478280833
6038870733063309828	7964900411742524579	0.0140859042455
13896894608002535070	6974188682099803828	0.00292232807303
13723921124011227049	12209493705205852828	0.00219545449438
3289421117901502087	14035010636224512828	0.00300828418798
10607399233053810849	9466802371787768828	0.00266085461216
8502993337987200389	12380531635928848828	0.00579440021617
2546604904881327430	10991316731202539828	0.0104065090176
4335681161576695828	7760834248715492606	0.0710669054519
11464822400725407009	14600008728305953828	0.00209757490625
4120692481061423790	11388701902715531828	0.00562632981713
12396863515677976420	9100729244126658828	0.0576390417704
476354495674988978	7035958247888307828	0.00280219800946
2174109632053533556	9417451209094333828	0.00276913770155
13377546839425996187	12200437079605467828	0.00360194932614
16702032675209903828	7617610025112403370	0.00389736948129
16702032675209903828	6399486652365332920	0.00371749780621
16702032675209903828	6394903265143314425	0.00216885044293
16702032675209903828	6403920334324841484	0.00219980075107
6633729647154456359	10992808787260388828	0.0175035010504
13933977316062385998	10651724624544912828	0.00414058264416
12821906729598298828	17370016144390486669	0.0239114049929
7557195847804178828	10470020235856697425	0.0030945814435
9380233784059771828	16571727188802107974	0.00498457170462
9380233784059771828	10002629737672854758	0.00649213791244
