14871791683816618862	10450986530062278398	0.00241254699046
11199493988274207760	10661010533087218398	0.00223562648486
8461146796936052533	9997493802860570398	0.0138488747208
2246797345146808883	12989674295837600398	0.00754249915048
12361059364714938790	13912306207968125398	0.07453559925
6862619286506789131	11769185913836269398	0.00599501422139
8183384603741918398	1123978502441862898	0.0181190344406
8183384603741918398	8938933251494693023	0.0181190344406
18091244262081382636	12697357396985028398	0.00576332978741
981885838819120457	18099066981205680398	0.00224783244871
13607649218461474751	6770515078434003398	0.0247083105554
4365777439197525146	16063720871703403398	0.00367354221672
7094091176862863664	13434683600508028398	0.00592037361104
5709509581332415463	10327534565718983398	0.00204595256725
1982970007355935461	11983864026013072398	0.0033596605033
3140090353491178730	17488538860736929398	0.0136158428083
1369979045647554083	13425404383803840398	0.00487231320329
4717466147917416113	17741025928049918398	0.00416927327729
13574689355198065398	16398577820946102853	0.00475398804028
13574689355198065398	8286421448753842468	0.0200040012004
13574689355198065398	5168106528855118036	0.00210998639738
13574689355198065398	1062939303984385233	0.00540501060532
13574689355198065398	10874094676171582464	0.00203480385108
13574689355198065398	5776075504667722707	0.00360358605514
13574689355198065398	4669532181688313166	0.00220963856219
13574689355198065398	2261064656336050028	0.00480908196679
13574689355198065398	17905332707358990911	0.0146789237925
13574689355198065398	10268797299257486898	0.00591944001905
13574689355198065398	2263103992669069143	0.00219996044507
13574689355198065398	9579052613141042586	0.00230316334469
13574689355198065398	10718838325807995466	0.00330595222092
13574689355198065398	10714447344589249502	0.00471829358477
5963935793480474808	6868779110900318398	0.0051897832771
18229846107692990159	16079747613470999398	0.00831458889687
5653441570713921398	6584634632104576655	0.00344991711674
5653441570713921398	7796835534063567416	0.00538381902058
5653441570713921398	9136328090483922456	0.00242066187039
5653441570713921398	7119126642963187974	0.0036181098215
5653441570713921398	7142468376596155756	0.0048353773839
5653441570713921398	16441840198741447942	0.00388719760601
4726027828531374861	17390655007796048398	0.00991606862181
7728904845457300398	6873706245975439416	0.0662266178533
7728904845457300398	9106315480583845294	0.00508545435714
14826956581401829454	104956340494135398	0.0127061623313
4208939790883035398	10186789452212921789	0.00485185424783
4208939790883035398	6834640811279615409	0.00254065827838
4208939790883035398	11037313614340287216	0.00247719099155
4208939790883035398	14362606031774716875	0.00331624344429
4208939790883035398	12442313374413016794	0.00255554798357
4208939790883035398	7074117541275702616	0.00383708271596
