7088146675375720354	7758301503944266594	0.00940097117049
7088146675375720354	10350086479264695273	0.0140719508946
3161106190868535354	13557653577818953895	0.0157485197087
3161106190868535354	8952904745749376451	0.0022794187585
3161106190868535354	5736231273057364812	0.0109481030907
2312425566556367233	16046393392976558354	0.00207990575745
1222997147871968354	7680701806360822666	0.010804025898
1222997147871968354	6787010307625528429	0.00230661022901
1222997147871968354	12431352265645274931	0.00204877602218
1222997147871968354	10515934144427178333	0.00216336728323
1222997147871968354	7085617784460938200	0.00372357493011
1222997147871968354	9965047448346158437	0.00495426037782
7534830467950696581	7557602256288147354	0.00441270002257
3218856187993305160	14412286933219556354	0.00201269587377
6386313478050520361	11835990763379727354	0.00223542538506
7299474463962993096	17013801465665418354	0.00406625030395
784410860221754351	8329627355679446354	0.0107751363973
4418083730108293354	9271363982297704672	0.00834987551472
4418083730108293354	8590489190383833029	0.00770005721164
2612633893430255122	14843003140628098354	0.00491366380013
7025172400357710742	9304492117393443354	0.00450213001136
3744425890487577073	8933557808437567354	0.0074902689714
3872804251606443539	942257435954590354	0.00505980617266
11004630656637842354	16117874262614310399	0.00776970052849
5132664334253818631	11709627196275762354	0.00468354535442
5305971468080126868	13245729086722733354	0.00234708159894
2847405099635398896	1209502091041392354	0.00645604834142
12859563217907664316	8653656171039848354	0.00710489660586
12370641215713939347	12416972336899735354	0.00715180249031
5845463609763659354	15272977404578056398	0.032686022523
12820834066665313393	12201148566575252354	0.00790816583851
11832920369266774354	11379583011263553069	0.00637265927418
11832920369266774354	10352453259610150314	0.00525995335915
11832920369266774354	15767617031124530834	0.0379049021789
11832920369266774354	13108785305783007166	0.0589255650989
11832920369266774354	5691951955239475179	0.00265949922302
11832920369266774354	11050369522672557782	0.00216565914764
11832920369266774354	14422248006146176205	0.00589747312026
11832920369266774354	7541550149741807262	0.0124921948166
11832920369266774354	16392229215978653318	0.00825797899794
11832920369266774354	13492503186919281034	0.017766726363
11832920369266774354	5172708955703254860	0.00280863420566
11832920369266774354	14394681622257717965	0.00620842633108
11832920369266774354	12086223405791953375	0.00250993389724
11832920369266774354	7925633876583709511	0.00210616415878
11832920369266774354	12833624164476207743	0.00577581347954
11832920369266774354	13494096212011665107	0.00205986441595
11832920369266774354	11373017423505487457	0.00662266178533
4172738421058538383	9586269622814118354	0.00220035983226
4189460499096468708	11643969017009925354	0.00795054244426
