11952253601297999780	6780824692395318448	0.00335052091666
11593218662713489567	8399461454613411448	0.00743047872847
2854207770301563795	8948221165546058448	0.002324274437
6871705191199722448	11225958299509025292	0.0103806849817
6871705191199722448	14076304045692565794	0.0238365647311
6871705191199722448	10691990242135582464	0.00677907680683
6871705191199722448	10713805472135305876	0.00905654445003
6871705191199722448	7937606065475905453	0.0138039407594
6871705191199722448	7928267938893614763	0.0167789013804
6871705191199722448	13847477496487272364	0.0272772362795
6871705191199722448	13346335325054261621	0.00295738933745
6871705191199722448	8108342855132072494	0.00548161262067
6871705191199722448	6325652115371094535	0.00357142857143
6871705191199722448	11210183932460975520	0.00767868896042
6871705191199722448	14318410283566683757	0.00451348840421
6871705191199722448	14183575605045138084	0.00505695871289
6871705191199722448	13642595336589349067	0.00492377900496
6871705191199722448	14088237926051169588	0.00476558032289
6871705191199722448	14323165065738828255	0.00368364730807
6871705191199722448	14933054852214098371	0.0180421959122
6871705191199722448	13977909044384842692	0.0589255650989
6871705191199722448	12710058748603883442	0.00221996503494
6871705191199722448	10722429727838397434	0.00361976868969
6871705191199722448	10719183466966261721	0.0126592420885
6871705191199722448	10716312551952240069	0.0093429386594
6871705191199722448	14318677116996397033	0.00266108071189
6287658871920444448	7542072404226320996	0.00216049753172
6287658871920444448	12423344359941967012	0.00684995780439
6287658871920444448	6781831535723221589	0.00547947261956
6287658871920444448	15562856831478140266	0.0026980752052
6287658871920444448	10503725564565694241	0.00560296632323
6287658871920444448	12444260145774456768	0.00235400356868
2706872692399077620	7098400634695260448	0.0146301433995
5407026460426254793	17433155905051853448	0.00262561263921
17229822019667931448	6262958057632147973	0.00332639211197
17229822019667931448	13439861187940138273	0.002316565711
17229822019667931448	13436900800065492968	0.0080332299017
17229822019667931448	8221948793076671232	0.0980580675691
17229822019667931448	4532821955368693820	0.00223975541056
17229822019667931448	13529765914046120049	0.0198107212938
17229822019667931448	11036382275616498551	0.00270975844827
17229822019667931448	9851448158610053308	0.00237563872437
8352074791256742448	8291890093173614506	0.0047232909148
8352074791256742448	1047921869010643006	0.0126460759466
8352074791256742448	10404131232176212391	0.0877058019307
8352074791256742448	10037477946540492313	0.0105356590207
8352074791256742448	4314327549678977052	0.00404384655052
8352074791256742448	8744119767900192966	0.00600950252693
8352074791256742448	8280732433762890217	0.0036852478501
8352074791256742448	6125217226609919584	0.00721913469707
