10529283006944210246	17615181451174052287	0.0122803426853
4567580341663835543	16016914152027161287	0.00270253490991
16966278204863359012	14713170419539321287	0.00235470175014
3794299021925822004	11977019566370522287	0.0066866076325
7202206910446798767	17384459912912521287	0.00504535987288
14696076597229771614	17371002341915967287	0.00377143731502
14321521607299938287	3172855259989408323	0.0111636070172
14321521607299938287	12159020515535054038	0.00411491276056
14321521607299938287	5858727163796758188	0.00882093540042
14321521607299938287	7710122470628698824	0.0161332297942
14321521607299938287	12485708311292208906	0.00606718380152
14321521607299938287	15618355102599250952	0.00423356518382
14321521607299938287	9205080015577440033	0.00393548316659
14321521607299938287	1198447992324936526	0.00591023154731
14321521607299938287	12200460774881590710	0.0294117647059
14321521607299938287	7101912555025680055	0.0099180192599
14321521607299938287	8453583722117549570	0.0144942758913
14321521607299938287	15092688618093095788	0.0178799634963
14321521607299938287	8202947721127116984	0.00485849231727
14321521607299938287	18023875368988264183	0.0606339062591
14321521607299938287	12194373414551613987	0.00237029389792
14321521607299938287	10587058074260580771	0.00376035523498
14321521607299938287	8596308935516913083	0.00833854655457
14321521607299938287	12790448111028156648	0.00444290888945
14321521607299938287	15310691446459462499	0.0088561488554
14321521607299938287	17436549860768469833	0.00341701163615
14321521607299938287	12257133174960981003	0.00459005439614
14321521607299938287	13232071154554141364	0.00315327216129
14321521607299938287	11510915915859280822	0.0059963074116
14321521607299938287	10790368647801701495	0.00333337037099
14321521607299938287	15927525307099891951	0.00638251644832
1518439881553693510	1881411457072952287	0.0924500327042
4736240680864485572	17327292465122015287	0.00930484210398
14322430324736300032	14585422572495650287	0.00272610143118
4463209723021284151	15940040395029390287	0.00318918024366
11073413261448900582	14145340404596912287	0.00596136440723
4973181579136832004	11758239984474024287	0.00358568070561
11344258103775021990	12213500853994679287	0.00417610255832
931352594459899145	6254373874012417287	0.00433156208659
3004414797663390421	1589725072775541287	0.00890552808575
14293224169026859263	2384884921803867287	0.00840276799157
4225781382029407516	13276619101810871287	0.00321213135881
5510209081532593999	16016914152027161287	0.00330991577067
3834372688082750268	11713683605645195287	0.0159923255252
18288155983588090162	14713170419539321287	0.00235470175014
3286479735537040402	10211667572170207287	0.0359442577345
6924596274374698287	2743232789737992716	0.0265185761392
6924596274374698287	1966667094339992042	0.00439612467783
6924596274374698287	567537184849787387	0.00268741477041
6924596274374698287	13972710671481973980	0.00233033766779
