8168979477987185116	11313485170136941613	0.0046173248459
8673689713237487618	13968908344559252613	0.0166666666667
2109419749555551046	12084727996427188613	0.00301758338849
13249592985619145182	14033777633029688613	0.00722440771315
4921949529715906628	10325413544616780613	0.00768050061291
2514047365082275846	15082014155141851613	0.0239731650743
3974085824896676613	11691533603923947044	0.0105780135996
3974085824896676613	6957968418974062408	0.00407353097282
3974085824896676613	17810985431999983532	0.00858092538085
3974085824896676613	12228626722546005066	0.00479331090453
3974085824896676613	11222082774686009342	0.00516191344235
3974085824896676613	14899807612907220473	0.00708899016765
3974085824896676613	10573449820677821516	0.0079750294005
3386159501236633342	8247254475503955613	0.00274908960072
18433066389546989461	6412322993020288613	0.00283362308611
3759325519895306679	14056980115781061613	0.00996518268465
5506883868447753719	7673342105729636613	0.00366433139953
4839761611766535171	10875528658439578613	0.00533191167975
5652216482878244795	14685881683813732613	0.00975621363797
7229708826637869221	14186739869258892613	0.00504529565763
4475292221266265708	10361257307793159613	0.00259552088117
4557170336297618613	6742724437901413735	0.00229988999889
6388466364529765640	7073683690602357613	0.00212578386124
1004789706977608412	18078051322613888613	0.0181968631312
11807706992551103981	10064618210704042613	0.00700861889219
9247389208797082761	9581119248722323613	0.00744529196913
18057275502915652867	5180754558742336613	0.00328312077365
2770798904675281877	10325413544616780613	0.00485757510142
5422539274864260978	11820434036086375613	0.0151168513789
11807176561953890074	16770468822030932613	0.00315251994941
5458619399547872936	7905687047675738613	0.0168789894514
14722877626419984368	10325723727205088613	0.00532918528873
13499259568218928226	16268993152182017613	0.00262950384208
13499259568218928226	14186739869258892613	0.00448286283114
5343874018769494720	16082219118175849613	0.0106691327068
17052231772321854870	17132912783201809613	0.0055788493917
4861431258972830771	7035345029410133613	0.00236573932615
3839839207173079510	12210551109025078613	0.0589255650989
5650238719157676150	18081617333481831613	0.0113930987837
8025191381485592801	15325186595478480613	0.00687321749035
9661983649341535298	9335948500740055613	0.00247586195503
13013480895479436962	9298696679941555613	0.00515511860331
4642453111846936063	9715958973861682613	0.00786402689376
1077843727655630613	8147741726895447417	0.0136221578417
7415348630984338731	9482458163994067613	0.00461826030943
2795131260405074309	10325413544616780613	0.0108618681326
5684122739297534252	15066904775615626613	0.00569110393224
4946149776892261613	9786272002963477140	0.00219682086437
4946149776892261613	8112103019888506193	0.00501191747284
4946149776892261613	6073433116096364632	0.00601929265429
