15301828743072187243	11757876594876609444	0.0258371194664
5973784526259752227	7166182098422348444	0.00773591652929
10691738095370239911	7701047364587324444	0.00878241063709
13263168685951933444	3118720509254533690	0.00398865643677
13263168685951933444	7596150381199052197	0.00227606858623
13263168685951933444	2824933433503932272	0.0226107815823
13263168685951933444	6955304233649161122	0.00541498602556
13263168685951933444	12193813866275410516	0.0145989290618
10495192408889541444	7182775567248019710	0.0136297474929
1796368478792371444	18018026423261942772	0.00799488490996
1676869929354654317	451574831579727444	0.0025230813852
7919285953080894068	11332039654305379444	0.00229163792191
6578702504995483931	12194889978852206444	0.0135370185211
3249712938445885422	13796576789238493444	0.00658122658116
4730572948715024176	17820463923200936444	0.00707248244983
5326589941547813754	5856468406136127444	0.00640066365521
5409548951000078258	11973335146048885444	0.0021057065112
18435665612675942949	12432650337902693444	0.00908040890365
226056154370419338	14881955892226390444	0.00381301851641
7363467720053307460	8249612863542018444	0.00569673425774
3848225685020054444	12191421457743761374	0.0184868466662
10889542351281460084	8488902540550753444	0.00339888412558
12337088666824496548	8247929059988043444	0.00271751170717
4489497575202158430	7368804751646406444	0.00221384188348
6373496127348278318	14106813103933478444	0.00747853004494
5208113883273983741	17130631851238734444	0.00911731975607
14171132670384949153	8592857873453416444	0.0136310136685
5130741245044586428	12212043859278516444	0.015915175352
13550165579848498322	16218037006186788444	0.00938315883166
12338325703290024160	9974392691633745444	0.0021999444741
4298570456349252833	7190930168061446444	0.00268445010001
12714472431945413444	7611476640522987727	0.00223006602632
12714472431945413444	16290262002317847403	0.00338588374584
12714472431945413444	15399380460853990808	0.00258467836222
12714472431945413444	7557720397384521249	0.0116547266879
12714472431945413444	9133109126986854566	0.00270280141895
12714472431945413444	11237414119718591192	0.00481325818548
12693319786878753079	8235911559347216444	0.0030395277184
5065980478746350444	14912541368678875125	0.00517662420549
5065980478746350444	5904726907290623350	0.00257948800645
5065980478746350444	9063522491944359094	0.0106953400929
5522174549137135444	7819662077381493791	0.0232999606231
13747489909056602542	6271486781032418444	0.00620460105263
7152274977470625515	6397838183962821444	0.00214681762188
3061546657810601342	12914706508759990444	0.00349308877476
9290828684614685444	7222287960557753492	0.00203566795922
9290828684614685444	14495821043843478131	0.00395201353526
9290828684614685444	10531349276146214015	0.00273366931586
9290828684614685444	6800306650250085088	0.00422792353254
9290828684614685444	6800276963436019801	0.00282841581111
