4623723885122330501	8860374096035161189	0.00268076283918
12287768861118665203	4449575991998763189	0.0055385727043
5803108418610882581	13808369504364230189	0.00275884376809
6948445081783691314	11364066635293048189	0.00241805620562
3753756072771988189	16249054116939299898	0.0162585506896
3350715399449306823	5684466436840944189	0.00660472591914
2338614636266166402	11827225912857305189	0.0035452969151
7587877750556093779	1497334407385846189	0.00870124645582
8310570299051615961	10251484625990606189	0.00547372351231
4356985535667392694	6813193672973923189	0.00257090646809
11795251706586896146	10865456212712098189	0.00928076743983
1826112557078262829	87769436005555189	0.00234177267721
1247601253829879616	9346519939974173189	0.0133120510638
1424725236868840367	11405877353071378189	0.00390380850047
4528598779659924033	9410241066886657189	0.00412687931868
7687866544238697189	9664192746835225822	0.00443172558811
7687866544238697189	18019653116337632305	0.00226288363231
7687866544238697189	10592585018433152011	0.00929278138329
7687866544238697189	8494235971705672500	0.00447733267675
7687866544238697189	9678623489087940351	0.0064776839528
7687866544238697189	18037112593479852089	0.00915621927664
7687866544238697189	13134958098104822602	0.00779065743614
7687866544238697189	17643246322661672278	0.00319392658236
6775169367919734556	17852305819233732189	0.0027027027027
6176202939745679559	14706078100821688189	0.00525146060149
6760736219750285749	11478470808373361189	0.00504093476469
12587000384613557448	1495712017607398189	0.0147570334025
5038639217413220539	13121229216865015189	0.00290937483946
2388178941342017189	8137900555467142019	0.00887286647076
3518681125043341731	17794731823815397189	0.0140303383317
13288806634581002252	12196964353660752189	0.0057096266954
2812250740574217110	13421719559414043189	0.00828031356485
17712937357494905818	15125606926479731189	0.00245847963003
6064377679337813039	12394747853220230189	0.00700810254645
11886146679673942217	12410639384986256189	0.0496903995
5867466512195092426	12790273550289433189	0.0141819006949
13584438622498763177	12208198313155759189	0.00301538758438
423401045410169483	12790273550289433189	0.00896942154926
5157946783675612189	6948727809755944039	0.0216421827675
5157946783675612189	18214887243439011626	0.00777909841584
5704574130839002189	13441255819628427456	0.0153537571786
5704574130839002189	12883690583020940290	0.00314505842716
5154100559346905189	10057647648384273479	0.00228975079571
5154100559346905189	8807060852033395125	0.00391906821278
5154100559346905189	10327688215139799945	0.00750523203224
5154100559346905189	10333573445727706950	0.00224879279257
5154100559346905189	11036684564039649744	0.00248051152231
5154100559346905189	11521419332797983165	0.00606071736957
5154100559346905189	5492718532540857916	0.0026371825215
5154100559346905189	15886766914411151093	0.00428396171701
