966220590564855657	6812500555477280128	0.0113169682553
966220590564855657	6406499466490308145	0.0037861408301
966220590564855657	1967390997644861692	0.00759320924038
966220590564855657	12205145613587408548	0.00910446300912
966220590564855657	12213741896156666886	0.0071384879771
6651730581871405410	15841863009731297657	0.00545236494458
6662552069426061376	2419878942245629657	0.0113643701406
796462583346995112	15427940174927782657	0.00524171219769
5868209935641330657	16886129478855930951	0.0101576512375
6451799068326079657	17806510253026381934	0.00302717739458
6451799068326079657	15426501671209997614	0.00289855072464
6451799068326079657	7842039772181374285	0.00212262084723
6451799068326079657	7366777527032079518	0.00479877167166
6451799068326079657	16929422900147760667	0.00348260861501
6451799068326079657	12273468433390966054	0.003185860668
6451799068326079657	16685740152111489522	0.0023743995198
6451799068326079657	11030750722891585291	0.00485786167557
6451799068326079657	11030780409705650578	0.00695468142421
6451799068326079657	9509667528370388022	0.00325990683319
6451799068326079657	7912643721717610770	0.00603571640283
6451799068326079657	7702342575098116992	0.0051047656089
6451799068326079657	7035519174026097175	0.00517433683804
5490373769457504392	10691577952757624657	0.0112758849627
6760269343891339674	6573900945432252657	0.00739221270955
3392111410864578075	16352354292406976657	0.00384934397371
11758241923146207730	7247185766022358657	0.00839299577831
8490547234092229383	11712397134137480657	0.00449303221681
3202227634606437604	6600155719051979657	0.00325613729394
2276982921225866421	8116793171565837657	0.00621429752463
6642263360754183353	11439201380895879657	0.00618132451294
5014734278078023428	13435928015704419657	0.0434372242763
10472667055731846157	9892756940068006657	0.00223027677668
5922012560725965875	866719813869024657	0.00752923252421
920971838655731315	16508091452133905657	0.00412515840268
2909503515170985058	9781579980410048657	0.00713104249734
9795204007032574657	8095383430533920044	0.0104667580302
9795204007032574657	17892489243493192837	0.0145555627435
9795204007032574657	13306855635430513168	0.0166113873546
9795204007032574657	6816339826813314534	0.00509991717802
9795204007032574657	18275504978234496301	0.00211314979706
9795204007032574657	12280101921052167310	0.020480798013
2134352028274913654	10207774313857758657	0.0464238345443
9450625141624668281	7711754086527874657	0.196116135138
4060558714853244667	8815504881366504657	0.0210818510678
864119442625414702	2817413018795012657	0.00494504449485
7010734738574686092	11616477050416006657	0.00509435521948
234376184652874641	13918173386602258657	0.0293610109757
13899727738391360644	16827164877927521657	0.00300500901726
5369133718330890657	2826524795170550420	0.00460306813888
678431294358279626	7718478930547982657	0.0040756957297
