12428031330647018010	12850302001130872679	0.00252041934798
12824960851707383679	10719846346735986646	0.00281597426148
12824960851707383679	10790821934973368660	0.00464578894448
12824960851707383679	12658087418239505267	0.00592099625117
8531972991504779679	17357247979727039291	0.00412154797482
4977083876900259274	2813674138071275679	0.0134889031971
5096536872253560810	8284624056362303679	0.00306785995539
290158618694127679	6943031072516158544	0.0120159678149
290158618694127679	13440812029285619515	0.00245447739952
12994396113638722598	10114958655784655679	0.00584465614605
11762106721026467282	13496862664964246679	0.00666414957441
6443434060347404679	12197049548533604249	0.00760022375388
6443434060347404679	12204798489941325274	0.00296029056796
6443434060347404679	5696860870615571963	0.0050020012008
6443434060347404679	15828066952926792266	0.00630140864831
6443434060347404679	10277437068344458894	0.0063418286179
6443434060347404679	6626439588536759604	0.00384478907451
6443434060347404679	16692350055298283862	0.00257567763402
6443434060347404679	6114698065921869728	0.00277692083567
6443434060347404679	10848211692712386488	0.0041250531104
13938311146798444679	14069399331114795283	0.0928476690885
13938311146798444679	4823660473435187609	0.0307728727448
13938311146798444679	10718723526318166705	0.00235154205901
13938311146798444679	17504937258544737953	0.0686802819743
12934339735243258751	17135867021026145679	0.00346587659847
4774068180403868698	17135867021026145679	0.00568181818182
1560217446084076679	10519787434589049817	0.00331369346817
1560217446084076679	13423928100334619076	0.00653804276896
491743690244544468	6200415993204570679	0.00226380539492
11394399174702991014	4696378900547410679	0.0254000254
3596537410040407457	10181761642267383679	0.00379895998711
929857464786340693	14080674982528834679	0.00240420739003
589088131791091924	5839822247278791679	0.00741656932483
4975239515303870084	18101249763642736679	0.00528413111681
3959688817967760937	3388589929953703679	0.00223299971088
9007745379795855606	11454290130111781679	0.0101744615945
15011893413339042457	16823365648095025679	0.00202049890136
13223273741573588846	8591176020089479679	0.00677596356818
7713030010120202235	11704382976753752679	0.00974971969959
11515660084981085374	10196765784076924679	0.00995382184417
6681885994054661644	5692417847181771679	0.00583778025347
3288985150244327527	16266564304390782679	0.00252663854792
6631575622881697854	6261775141998622679	0.00229936707136
7665907942700175591	11699438167981270679	0.0118221150355
13006069736159210432	13030899107466162679	0.0109291249247
9797164041176983135	6853378192202090679	0.00428888397944
895770834790291903	6946222838800848679	0.00610813035441
6706426573104163251	9565407243307763679	0.00586331287275
13913000076615580245	6956332770979079679	0.00855670275882
12499143506457177564	16604370539085354679	0.00772805834669
