14317689732691569034	10839194856111454806	0.00460326321307
6192536287921950744	18303908366529234806	0.00244763025013
9143745171021851939	8651860343022655806	0.072547625011
14438479055464025125	7348525591012468806	0.00628794035399
512404772558457465	8094128925296150806	0.010141445407
13228520811335950479	17276704755866373806	0.00581828183579
5050637421670073546	17211158081916333806	0.0111838353823
6083110603440895307	8788569960082879806	0.00310325640387
1156983457247871940	12721018298839197806	0.0036632248522
11445961069369127019	12017512539763704806	0.00203989471641
7432864292664474880	1488989474608457806	0.0199561446696
4082889521431518806	13420002405769475806	0.00280121935605
4577202338424797813	603385639037177806	0.0027586023209
3688908187169003806	12218445138817334241	0.00466414663531
5626545032837314496	9434931957993298806	0.00334689715771
6356095045884489970	2546953226786337806	0.00692393939646
2301843050513119743	14381649615165406806	0.00300793033464
3803621032095880098	17380497075896882806	0.00489502590124
18117107249384457989	18303908366529234806	0.00361538948226
3641314806713920650	18054627610074528806	0.00475608454613
5872312154271238423	9028506338447876806	0.00234294860953
4441295786234247105	6453143546252825806	0.00445038224862
10949554428885272806	17949615374702254121	0.00221051295478
10949554428885272806	9281009778768514346	0.0194183909345
2631788451220039458	6942616629773338806	0.00360225312147
5644730962710145656	12658445407808327806	0.00627406405004
4911847751864790694	16270075589965668806	0.00277298909193
18077019248404104429	6614422613759821806	0.00405807261674
9050886299200501492	8284239253071072806	0.0151099471304
7141287287697510070	16705139234266795806	0.0105809738923
6659983292257205545	6814344631143367806	0.00471059203945
7061433516786808102	5633465036720626806	0.00665425695861
2002122030819814804	9956517936404139806	0.00345234225075
4847591750025577291	8790447387963740806	0.0824786098842
5970774984609295369	6942616629773338806	0.00882368207194
14306276067574186249	4082571927233536806	0.00353951810618
12463545405394068806	11941809505968430773	0.00346896156568
12463545405394068806	4922558834975876657	0.00363877023069
12463545405394068806	12446051044037052567	0.00223327812242
12463545405394068806	12445873039118285614	0.00251120773246
12463545405394068806	10461746377289558208	0.00571428571429
12463545405394068806	6057637742405643448	0.00278207442037
12463545405394068806	9182730358319167204	0.00429735042594
12463545405394068806	1192350491482507750	0.00305995030681
12463545405394068806	14204620479198524026	0.00305352408276
12463545405394068806	12432329808799297737	0.00281021967995
12463545405394068806	14620732116494542462	0.012171612389
13916442622183594652	13346321054217848806	0.00459800489872
3770051296722493869	13470187599336036806	0.00299816718098
4117336038884350243	6259013800177246806	0.00265303326889
