10368863439816582700	6567035340732012092	0.00372030091308
5336534210455530835	1505814682943401092	0.0020965466346
2215029065566115092	8289236507769534044	0.00244079646225
2215029065566115092	15030383041835600678	0.00216098175821
2215029065566115092	7089712631472191546	0.00703249487551
2215029065566115092	12191483275240331673	0.0152145154863
2215029065566115092	18276233126242136152	0.00551183836246
2215029065566115092	18427905801904835754	0.00649077019635
12963245559826041799	6929267965410585092	0.00346450352086
1696335612593328504	8093778396329210092	0.0188511545272
10901253356504458092	18055398788094661817	0.011160825503
10901253356504458092	10215820685314025951	0.0571661950475
10901253356504458092	6260593973435766031	0.00351729129927
10901253356504458092	6408973367723202905	0.00279891423188
1920807192605013492	8244399464780314092	0.00468159458298
5057431445343821560	13644404883114555092	0.0211761774944
6218837529408953393	15433764394967605092	0.00696733014292
13719824805189963930	16963495033807851092	0.0041826727788
6081758407421159092	9684105094935861244	0.00777510014879
5464112716182293263	2820989240561098092	0.00374148902356
6811714131911547748	13147021307467256092	0.0107614013548
7669927114678329958	12254493286123330092	0.0068041381744
4146298576021515692	8967707110087426092	0.00792528390609
14336933857965338407	12250596261949894092	0.00494202417739
736766752526331951	9048663308859401092	0.0195740073172
3504129298417857329	16654288502039840092	0.00222224417042
3632075539445905995	6898631020249874092	0.0139973127739
13899705981298998515	18025200043684581092	0.00771930394778
4208309834535722986	1786819461355347092	0.01259781598
7934930514000106778	6686810572042001092	0.00386766895253
5570122389785779131	6567035340732012092	0.0026306500037
1251698750919888500	11247749584886202092	0.0132453235707
10689276340844078092	15891004212555208327	0.00478968073292
5954711978549055457	14077510526553458092	0.0188444590361
3537083338280171998	13090636169022604092	0.00404606365346
15042930188705278888	11882651055786361092	0.00257145040261
10815436462035177092	13430285309161607652	0.00213132912123
10815436462035177092	7816825398853707212	0.00289997639429
10815436462035177092	13437484129697308665	0.00368374728085
10815436462035177092	4969526282184498934	0.00526914564516
10815436462035177092	13417665479617210109	0.00692942291605
7283685971114059329	6252171693896148092	0.00502201960952
16452571956302505092	356460025247008266	0.0157446152783
16452571956302505092	11914056574369007323	0.019687480774
14068373009568942149	11236779224675364092	0.00689720785122
7736992766369563092	16229962959377674164	0.00604066980244
7736992766369563092	2456366960828696094	0.00327380038933
7736992766369563092	11687390628646237866	0.00773939100354
7736992766369563092	16153876673154635613	0.00236829886862
7736992766369563092	6298139180430781104	0.00232912375259
