6599118281198836633	15924858759359111751	0.0176501127405
6599118281198836633	7010052391652997827	0.0216675695009
13934411768728766906	1323363262760659633	0.00383877866421
1533756942817095549	12199215105525718633	0.0108325134033
5856149831104924139	8452143192656572633	0.00402885321478
3669964055373738402	8250685419928285633	0.0183617650765
13803061536219107987	10549052405685578633	0.00200503897972
5579910463196156405	15940531528496657633	0.00495882671379
10852584502659842455	12208572817165882633	0.00904209398635
5827995570000215402	13029329256624856633	0.00224824143884
3268022430969598584	1446536771290530633	0.00276890415611
18348776071503168888	8239605121476912633	0.00274266120071
10627505442139748439	13071620722082605633	0.00330629552658
6000564056892600428	17789596212159793633	0.00225927699884
3854126046027352347	8821704302566771633	0.0378777009539
3363078939528964763	12684050294095051633	0.00794953750936
4948737713920303633	6940272488052513350	0.00364720683498
5614793466270968554	11812542420981540633	0.00229102439482
5752407284244858999	7098945626380348633	0.00605982706955
12705659970165299500	13434026083881513633	0.00253979772586
12775659704911570633	12200397084713311911	0.00548565252433
12775659704911570633	6957253800875831872	0.0476731294623
995967556036332379	15867218743697661633	0.00354049407218
11980112945258221700	12199215105525718633	0.00625415452938
9070364743767950737	12211354194923839633	0.00249549657281
4706083793003062654	15062825721159386633	0.00375568477559
3783215724545890104	7903322216738538633	0.00374897502975
5198574093180493023	7629313086047481633	0.00434331270048
18282957952286187496	18097714486255834633	0.0158550498051
10330149971055824981	13451125633686277633	0.00447437370143
5171288455730870633	15221527327401594927	0.00387265418459
5916766165773327909	1223780592783115633	0.00859803591705
5422946884153135914	18218556739849187633	0.00261111736491
5421364663880452633	16275281413836030942	0.0350070021007
2201067811233536633	8655446264720419001	0.00292078198634
2201067811233536633	12204248824421308591	0.00404788639135
2201067811233536633	7523612189806148876	0.0126795782335
2201067811233536633	14432556456431125913	0.00553848775622
2201067811233536633	6959085209355581855	0.00647388201665
13993860648266016381	13424053582289994633	0.00539791896359
2521746891692826748	3544923732802983633	0.00235000266432
4286311774133733633	12793843029198849416	0.00531802057143
4286311774133733633	12790124287577796412	0.00318786736684
4286311774133733633	6953598079371748403	0.00538202531105
4286311774133733633	10971479608003233694	0.00598362726131
4286311774133733633	9835970192738890990	0.00217849930866
4286311774133733633	7288917973534210174	0.0158311896715
4286311774133733633	11790051832994405268	0.00615784093699
4286311774133733633	3765623217283899616	0.0234146452895
4286311774133733633	9966296146346894610	0.00409801650729
