10265316722280719821	12457711948904219326	0.0022496518933
60219324078849242	6478745094878457326	0.00457983777036
10848327328727190837	10728329598621443326	0.00496695549249
2760483702212461722	13540646174699228326	0.00240717289283
4241623569012891326	13437204626158896956	0.00529345097065
4241623569012891326	14606526468462016942	0.00905765889591
4241623569012891326	13440344509128999049	0.00231520562807
2945329417860588744	7035315342596068326	0.00330364220849
6074584970298454911	16047074458812732326	0.0119148979321
7379781685356762291	9154806890890667326	0.00271703019189
13857331076206880588	15810875030199281326	0.00850271279814
15606748004450433820	6943491458612984326	0.00573087075964
3543144232154735560	7521795839439062326	0.00723896830047
5169254538508008129	12213566128890238326	0.00992094737666
12531773087995713400	4712926705279051326	0.0191389750588
3400503703968479326	13245265551908385155	0.0232119172721
12055962041123405326	3811407250128612224	0.0433963036603
12055962041123405326	12249262462114690428	0.00313185845001
12055962041123405326	11006721804857382859	0.039013715732
12055962041123405326	6559942159271253601	0.00206059897624
12055962041123405326	18046980104770263983	0.00768776006691
12055962041123405326	16824573885743352059	0.00697325654426
4215791236821011339	11268141776391689326	0.00369534918866
2486705207580418742	7232965197064920326	0.00362440188146
2758334695497919499	4299773914243982326	0.01490711985
2523993241932673881	12929893427305800326	0.00411707441217
18269153398872412974	7127455503595246326	0.00245650571617
10597442634550951890	6151083766746136326	0.0186048524062
15379020695392607597	7127455503595246326	0.00584765325211
2552855396435752326	5338430469927028529	0.111803398875
2552855396435752326	7915121001453264346	0.00278676972579
2552855396435752326	7915061627825133772	0.00230455125855
2552855396435752326	11051035094242573053	0.00624329693172
8241569879342561813	15870925550914436326	0.00231253591685
13898841966867934306	9176755138852859326	0.00236313527584
1858793861011523087	6955903209893513326	0.00914090530159
12456716919260460399	16747648070399453326	0.00419960525566
211541484326533935	6345035806580638326	0.00230223539318
1213037461769316519	6863274521165101326	0.00711387991531
4672810761290727418	13923415415707243326	0.00542453795753
5122003499329903288	7952184582133264326	0.019462473604
1823173571481519409	939813869319803326	0.00827152778309
4582659475546192326	10330942011076806876	0.00899915411927
1112060365774055597	13241577829555712326	0.0028872927641
4865281329652359687	14415464523852833326	0.0308313207989
14487969389493747289	16182322546021432326	0.0860662965824
4249006686220730993	8286270502026056326	0.0023008699278
5444507366546638764	11711766295094117326	0.00200192276923
13637180898241996385	17556089299205015326	0.00247113279958
4337543021118442053	9154806890890667326	0.00799872030712
