2179283981737273478	13944997152831788809	0.00225741686429
7693649425956895545	5689168854804964809	0.00254985082215
15707590987344914133	9055381076022310809	0.00244022956026
11128779761809297884	10453462939269422809	0.00228011190699
16510141117785980889	929576859710220809	0.00267816580599
5114719308574351266	6950823311462487809	0.00371249884129
13509097109878146186	12875597129428935809	0.1490711985
7239656645918557884	2602256030556545809	0.119522860933
8854354616339239168	5850862537371713809	0.00861460984508
8982768314807523809	13427816987121587739	0.00233577926651
13293247372420064296	15371072418858217809	0.00377116912392
1388122422200507244	16606313011239265809	0.00316344835268
5715156118192551809	8590194817622035902	0.00813384560099
10806157806791637998	8249228257734289809	0.0025392572545
13689891949872983799	18069330992728722809	0.00520529835888
6898866607938774135	17089062215224313809	0.0167836271659
4993363972622044867	12200824983812905809	0.00207736856045
11486071746638989821	12886607368724841809	0.00668780380561
6749093423120548809	11635288875962058338	0.0290496446887
8394923933235029382	13427636031526841809	0.0202860206483
5629404987425207809	6804520377301094648	0.0087055317289
5629404987425207809	6941977761491756796	0.00467611468918
5629404987425207809	12797830252927563604	0.00529694007349
5629404987425207809	10490856493909213062	0.0030880675386
5629404987425207809	8806350596684736151	0.00242144947326
5629404987425207809	6061176838420944598	0.00551192209019
5629404987425207809	6935302304303319650	0.00331704608196
11658291478847230809	16954490115038530873	0.00335033286792
11658291478847230809	14021517468705415714	0.0270765180537
11658291478847230809	6465228566301799244	0.0138635063939
11658291478847230809	12872249116588528965	0.0343604066372
11658291478847230809	5372581705658215647	0.0120220445971
11658291478847230809	4713138455808582198	0.00215332289625
11658291478847230809	3029019900326206177	0.00630754787023
11658291478847230809	8654029576236846564	0.00266897365696
11658291478847230809	8228578415645712122	0.0136208941321
6204014673254042288	16606313011239265809	0.00447379156422
8060293607403225809	12155606529273558988	0.00450738633376
6538037913441006316	6919388582439239809	0.00824001708652
7174603280753463809	18229550821109894274	0.0189117368618
7174603280753463809	5618685550871351786	0.00740984726499
7174603280753463809	18040894908127145425	0.0121608075823
3359259807099894629	18360754181258426809	0.00243315484364
12951371914364276480	10795050567063697809	0.00236354448019
3551344550492251700	13432007157294486809	0.00557234950672
4214041752513379830	17540906145142291809	0.0294244943168
6921158492944784552	16896353776251460809	0.0121285649955
5759473506392741687	8525384757043116809	0.00408541183303
7906091091321442122	4324501545677284809	0.00338798178409
7433027130600795520	16606313011239265809	0.00223689578211
