3038180315138931084	9929518287179782264	0.028104971366
6618932750746336751	16948334619451398264	0.00621994475718
3555293981394148345	6943577980835481264	0.00726394381146
9305509947558249264	9958705856787750735	0.00390965190361
10069066265392383264	17281583082892155926	0.00883538411673
10069066265392383264	16692197197441486645	0.00520086133396
11936455126064617617	11055568116834622264	0.00239795053219
2307560038300553236	8269130112148608264	0.0174607573942
5484512883184958050	8287005237738004264	0.00358126314088
5789710901427694722	517862739929724264	0.00285337191017
2509121625838191640	7299664668930141264	0.00570516474165
3113000419722750328	8173527950013081264	0.00642625216678
1536831610432381552	12214130655038970264	0.00233539068078
12780995831799712524	14994309866917707264	0.0119952028781
9391648905030178483	11079692275539626264	0.0119917525104
2855771339717578115	6797980500275861264	0.00286859324888
5489515875784524264	13418641274822833275	0.00218265706057
5489515875784524264	13432267835971597171	0.00385477400036
6534576629039443718	16694300769363846264	0.00688493653977
11392757748837142250	18350942972275265264	0.00941387573548
928412243295954573	6797980500275861264	0.00456578167566
6352940388392319030	9206893101861749264	0.00569913915305
610749477071092264	12207374748894211875	0.0110600252722
610749477071092264	13085591935933581321	0.00363456182092
610749477071092264	8853623028344510047	0.0176776695297
610749477071092264	15951589480506266116	0.00628384223607
610749477071092264	14102238339175969584	0.00465872771214
610749477071092264	7380118443634861717	0.00405470199922
610749477071092264	5162198015179473855	0.0119736868018
610749477071092264	2431987768432326765	0.00898026510134
610749477071092264	15933987519100277347	0.00552789992823
610749477071092264	15934196254523732508	0.00957826285221
610749477071092264	5852876317859832836	0.00217687276308
610749477071092264	11688809230485965682	0.00284699311687
610749477071092264	6049071700594233520	0.0121491347846
610749477071092264	9974761126778159638	0.00319072210623
610749477071092264	16827211116184021584	0.00468807230938
610749477071092264	8281306000836702598	0.00268923135609
610749477071092264	11738950726049425213	0.00506857280846
4134661666397245991	2395524157220283264	0.00553077380413
13726305763937936652	11026638981593823264	0.00289236073424
5101606696264225264	16942068297536797331	0.0173657177912
5101606696264225264	7976788343005592164	0.0187778941547
5101606696264225264	16827350138561715517	0.0212429644331
7235615781784599668	15917276320993746264	0.0102189889914
2585087931515550095	10397294271389490264	0.00276659312238
6090036665079806701	9437339295751366264	0.0153212853259
11753521695647313135	18137715328133412264	0.0133297791994
3952749020536548023	5869887297062444264	0.00583281285902
5800867340629522077	14362159900766011264	0.0183063006485
