281628196240370269	6950574924913675410	0.00583768078118
3346707648873679410	17546156817386422594	0.00468292905791
3346707648873679410	13436073838482025585	0.00473116091502
3346707648873679410	6747049147124027642	0.0021266970503
3346707648873679410	18050839131280651240	0.00286006277907
3346707648873679410	7451073519623688875	0.00215004051521
3346707648873679410	18408467767661031476	0.00344673931129
3346707648873679410	568068898025579642	0.00763603548321
3346707648873679410	15281997647997557889	0.00249765954076
3346707648873679410	4743072322206282261	0.00264558596711
3346707648873679410	568128271653710216	0.00903507902905
1936616865750162251	16162583043351052410	0.0046205767958
3147025660748466737	11447917935954813410	0.00337280117607
5202928328638781315	272024848174489410	0.0161753862021
10984563537908380915	7834753758217536410	0.005796736197
6344278954050247615	15713041263614943410	0.00251937927723
18170614828187053611	7603306432689137410	0.0151013301082
2637896800651942252	13561636498798203410	0.00344059322042
11514521024633223410	2258365963540370405	0.00943396226415
2299003274490600763	8356787373634835410	0.0142697062476
3291993481253171973	9187645165331167410	0.00227278597147
3291993481253171973	6411931476626879410	0.0129261122388
6281464770539716874	7593356799442794410	0.00448967998477
17791082681041833265	17472090061980092410	0.00985233629057
4313185049272384770	14526092928222090410	0.00268375395527
12271110662452611576	7713900160369723410	0.0287242494811
6282346551389598598	14306311986599327410	0.00260758187585
2216043279781394166	9568408799356738410	0.00864643079833
3455751105968264410	16604173000834500671	0.00201813983931
3455751105968264410	8491444654535916017	0.0112196777216
3455751105968264410	9227093579347050436	0.00415306171703
3455751105968264410	16626939540242732870	0.00639137490706
3095109891117679525	8821651997693836410	0.00301475717734
5145667148038304855	16683855967230548410	0.00341577550272
5075231980623257561	6470777521742169410	0.00460873537982
2124468275559088731	16162583043351052410	0.00222624960511
7048781328634300867	6819461795492851410	0.0228277187221
3926700473092807702	14954936535415455410	0.0208242969706
4294810622678062675	6393015923419291410	0.002468594058
35980946416771410	17177412666061879099	0.0105036453975
35980946416771410	5547046696222153552	0.032897584748
35980946416771410	8293052070780475078	0.0024876699467
35980946416771410	12208188417501120610	0.0029382549186
35980946416771410	2546360602780704839	0.00668870135685
35980946416771410	7184714790923302555	0.0129749824027
35980946416771410	6962793810633617647	0.00662702310406
35980946416771410	10959126686842386951	0.0054993222503
35980946416771410	9881681580010241783	0.00646954513321
35980946416771410	11944849686220214258	0.00424874627373
35980946416771410	9432862651316668886	0.00559314209017
