5243613079589658860	8354551453980147098	0.00765839581067
5243613079589658860	13303883567484629931	0.0216675695009
5243613079589658860	13305806858103840761	0.0190346746907
5243613079589658860	11902351109230735253	0.00878410461158
11941741993216195153	2652256447580876860	0.00520790952981
11248046608476926878	8505180131616792860	0.00226032715178
7175976016235697455	8530830375916909860	0.00927956860659
12897824998251654313	6518015651323226860	0.0153284834871
712092134028614420	6499324021526441860	0.0021363425114
5061270702148665943	6185202578089098860	0.0107229742965
3710473742154477453	5431890616216719860	0.00388887268529
2295027109255430860	12023945084791342548	0.00275837143073
9179349736854215274	6408940201997577860	0.00265916069924
2584384634964819605	9591508576817154860	0.00270319639212
11936585821285916317	10630434924398469860	0.00476104115929
8294546135883981211	11634938045674999860	0.00644049739048
2004951629329332517	10951887436126971860	0.0116286931508
3490892171682212048	7652919153878297860	0.00910031510387
3546772459421107860	10844938210365963543	0.00573011803477
3546772459421107860	13400154090422594154	0.0124168526622
3546772459421107860	7999682736885632639	0.0146599832378
3546772459421107860	10531367527703250674	0.021506619681
3546772459421107860	6084631908231175643	0.00811614523349
3546772459421107860	2214239552011743161	0.00229176429751
3546772459421107860	5979343443268168090	0.00457619178409
3546772459421107860	7064749186596969955	0.00255393060602
3546772459421107860	14645648032561846844	0.00264597490539
3546772459421107860	13093708553752406481	0.00314434316406
3546772459421107860	113536404176051222	0.00218195552311
3546772459421107860	16818449284085679779	0.0106953400929
3546772459421107860	10532371446310244305	0.00840751833779
3546772459421107860	11660039043742916042	0.00704242815204
3546772459421107860	5136247280645941868	0.0134279608813
3546772459421107860	18069768340136473149	0.010288523226
3546772459421107860	13811429035564394276	0.0291729982996
3546772459421107860	17546807779793817253	0.00473747468567
3546772459421107860	122026510869159984	0.00200360974925
3546772459421107860	15612000823300790079	0.00542853287505
3546772459421107860	7601936573901288914	0.00246521621501
3546772459421107860	7999712423699697926	0.00401784673311
3546772459421107860	14812819949425309127	0.0027521696509
3546772459421107860	1215254936663386230	0.00364321087677
3546772459421107860	11647961582634414526	0.0028982341946
3546772459421107860	11644756270117390197	0.00415066413345
3546772459421107860	17361359295136121794	0.00245437389778
3546772459421107860	8618979681097665284	0.0121554159582
3546772459421107860	2211664117768396395	0.00381615462236
2120492515423200436	7901022264825022860	0.00400641540108
1008566442865492841	50386754291858860	0.0022297333842
2127837867564730223	7838852706169860860	0.00413771062485
