6261167808079574114	12199812204737329810	0.0076271460326
17032853329964939389	16955912191727094810	0.00242293452609
16823515726796841733	12209987772568061810	0.0103279555899
11528428353070174810	7599275880411501435	0.00413647147661
11528428353070174810	10140376665264065450	0.00998802155689
11813276742252975777	6836103286753466810	0.00430618657774
5305711515527249660	15823554177467255810	0.00249024489575
4422745163842085332	9685766465309282810	0.00257453354482
3556009871298925535	5746113425037291810	0.00316884397037
5121882848432885381	11325619021537838810	0.00684867251349
11229025577886575810	6940186738997981240	0.00222262836921
11229025577886575810	6954495409756963821	0.00966555841284
10436614452665401706	10396610018865402810	0.00345782789107
10111518277012612810	12265142201867526125	0.00895933625962
10653552393257038671	12452364195004715810	0.00801154494307
12881697778875068763	11169365830734515810	0.0164666230485
5681396921599356661	5179708760234334810	0.0193238969872
5689286702049158373	16173327087009770810	0.00302912109701
13290230768880699047	7632678940301774810	0.0049171078603
12884465123899646905	7895239864372875810	0.00230642003335
2001859713045803962	5373252420291165810	0.00400064015364
5510678470505249987	14512562547297829810	0.00220558783314
1142003920235464845	6940739419623953810	0.00810307853919
2677579304676859574	11983827032438068810	0.0068844470487
4291834651391118821	5043152772947746810	0.0134038141959
13139146403227055118	352726605609396810	0.00212082518868
4753059167597454810	15797615053571843052	0.00239735784154
4753059167597454810	10384679278052989861	0.0031132260559
4753059167597454810	9097186177271017300	0.00834028647041
4753059167597454810	12200810475301293748	0.00490762451906
4753059167597454810	13847329333232197705	0.00828855791803
10217329812305405585	10398773994988253810	0.00354596552367
13492853279042812805	14394225762454652810	0.00497555543671
12521137047343089592	14435440960703407810	0.00224014876515
12117527245079218014	11983827032438068810	0.00344222352435
916634114518406264	12318900200842692810	0.00239319386206
6468382413203295810	7345933122980802617	0.0153937267952
6468382413203295810	8590292321956075912	0.00349087456316
6468382413203295810	9262415873139800455	0.00531719356019
6468382413203295810	18035630832965315217	0.0046373889576
6468382413203295810	8576206650200305893	0.0211288563682
6468382413203295810	8587367363246255681	0.00402911482013
2968417769614969535	8844211098343668810	0.00371063261512
3210857491632764753	6839420411436372810	0.00207700558116
12169107630135331120	8896503371550828810	0.0363456182092
4554163509513529449	6791103493044446810	0.00308155070107
14112679837256974181	7573799591091894810	0.00753564311075
14173882411840703384	9230829346109091810	0.00392655357832
12064410927690194635	16926710495271320810	0.0037629101137
13377509184754062014	6839420411436372810	0.00207700558116
