2625749160162933609	14721695986860514206	0.00498581063082
7320475475326439317	335636598588928206	0.00518999296108
10244803370047555107	17360833499997395206	0.00218362993864
13377521392093940126	7188076518991256206	0.00298947316747
6060695733726125206	7219285361108043975	0.00423424825563
6060695733726125206	9950536270961522879	0.0024039572861
6060695733726125206	6409303861966825252	0.0060858061945
6060695733726125206	14942725539236218273	0.00336305963446
6060695733726125206	7241537122981622719	0.00378787878788
6060695733726125206	15898355595189022478	0.00293650616084
6060695733726125206	10223793943835184673	0.00415973953525
6060695733726125206	7459634875611778855	0.0112537284152
6060695733726125206	7463289265696360790	0.0120912708352
6434855106123896079	17511262239752777206	0.00220134058435
13379021920244691206	5973318863408921691	0.00828201727467
1510649708139984206	16111470683344704761	0.0117201807735
1510649708139984206	14090995723906174462	0.00301824306569
1510649708139984206	7606459320971352719	0.00536349181726
1510649708139984206	12440862822241672031	0.00228505926709
1510649708139984206	6061206525235009885	0.00642399759732
1510649708139984206	9033052484149534589	0.00305983570837
1510649708139984206	14096893903671121431	0.00509263734548
1510649708139984206	6793652925550095523	0.00213700583247
1510649708139984206	6796934632687289409	0.00223176481994
1510649708139984206	10257820500845262671	0.0040378423207
1576474008015627146	6931269694939039206	0.00255197551838
13340871184719505218	11284428721762980206	0.00373188889087
2724801751450906905	5937936540072796206	0.00331087713029
14346761340078080286	12356985327608381206	0.00345291845742
6148097523773283341	12211670102661870206	0.00831171634923
12452797185937752206	10815845904713852411	0.0119098266835
12452797185937752206	8252086494155409893	0.00761166391653
1721003540487211459	9962315913573952206	0.00355345744158
2721232649716530895	15432480148228829206	0.00333200079947
14029335725470137670	12216782148807313206	0.00214963313461
5181903363886560149	8391620642253434206	0.00297872448301
13423777965993254861	335636598588928206	0.0155699788832
2090991435809181227	6819312390782908206	0.0165748386033
6006906030524770148	15711863475461902206	0.00644049739048
3019023261287590269	10000101464002371206	0.00443721930276
12904522849164730262	10144978973035880206	0.002800999575
6291703465626047174	6806961666842759206	0.0032406612116
4322151473744749375	12163547156827927206	0.0385758374905
11731198742008191020	15768607425610840206	0.00580063578452
3446704495480864206	13936333754367246598	0.0496291666985
13766399769106661156	18030811570306643206	0.01
13812797806832497981	4646037361613777206	0.0800640769025
4956903056798901850	8171419360319152206	0.00433489803226
3779739667099184411	6549126366419397206	0.00208539803057
15125934876355271238	10477145133427129206	0.0041615041129
