6885176681133043566	973060237282894146	0.00208138295063
4007655291803948473	7842128832623570146	0.00265423853702
1018789917257574670	6987971475803311146	0.00592078868263
2621056165456113134	4831345651121088146	0.00586129819624
4549103796922990679	15023590065741223146	0.00852740850161
1661264828127698047	10998127774410451146	0.0123844351155
15804244791635287940	12564414779505709146	0.0230387838792
15058638962257138308	10014834885570512146	0.0241402274793
2317579552892181476	9080584598089145146	0.137360563949
11402032276324105626	7842128832623570146	0.00224324099263
7541899940719046574	14949877364763000146	0.00323700884241
14518926168922978921	9739736905930469146	0.00805274100551
12442639601118954146	484112706276183653	0.0121608075823
3433196479217074146	16686763346538067587	0.0181309431073
6602950505778821783	6403523333257039146	0.00233104032894
13635887069545698164	55363483074428146	0.00403088199019
5377375568164178646	11827981811343133146	0.00210790407164
9139072771126315181	2381247863555864146	0.0209060502502
11031809128818611146	661753398475547362	0.00687029706639
11031809128818611146	10321099535218853569	0.00459431538683
11031809128818611146	7380874110105484421	0.0199680765958
11031809128818611146	11024696923608243015	0.0202113020864
11031809128818611146	7854035461499196812	0.0104851530498
3953681708771809146	12211633419296462005	0.00771149623095
3953681708771809146	8232639465084759801	0.0113636363636
3953681708771809146	10063876698825108826	0.0114828803044
3953681708771809146	6635240221022237797	0.00879360901691
4707062946533649728	8374371998316438146	0.00202998928047
5917175140782607351	8551927358989718146	0.00746976198057
8481793293337202973	10022542981902423146	0.0070492489073
12122886765321984934	13023207812011181146	0.00983945086376
9684046413619695533	14779293393270231146	0.00451753951453
1008339783560111676	7058340421614099146	0.00363552245576
5755679867256416604	8478332827205612146	0.00281343210379
13080113218362802678	4479900378082597146	0.0190346746907
3125544928377304039	13437576381262572146	0.0020566816749
1295877785727471146	8696926695747860463	0.0101346724598
1295877785727471146	8341379957104981923	0.00495754686713
1295877785727471146	8652996947476313328	0.00318168145134
1295877785727471146	10784938374716777609	0.0209795339574
1295877785727471146	9965886445569580671	0.0038218080022
4537910482913955483	8478332827205612146	0.00609937545593
2357406045675092146	4491384570967861393	0.00234656458644
2357406045675092146	10778115669296637020	0.00204425896134
2357406045675092146	6815193633223404322	0.0269190951029
2357406045675092146	474403002093494797	0.0049398529724
2357406045675092146	10558225876065482197	0.0180421959122
8045838633273292257	4831345651121088146	0.0033840220914
3301560117289554441	5487098838405667146	0.0395284707521
4929187101673545513	12543521288341148146	0.0350499818616
