5500620208561524241	6962869908846472054	0.00395408291925
14515334515723243326	16105634550622488054	0.00305894800678
6356049130609536696	8635887372883824054	0.0944911182523
11586344272857768315	6395776016319843054	0.00720189002395
12310462763071728939	14097083664713871054	0.00348041426077
3816155727250179054	6414484519392857226	0.00300454782047
3816155727250179054	12721018298839197806	0.00785674201318
3816155727250179054	12450034613274591585	0.00491117433834
3816155727250179054	11877370744494920394	0.036514837167
3816155727250179054	13072877721665336048	0.0104541674698
12845192715008096156	11628770926981054	0.0023624625309
2048656738723189593	11900055878152601054	0.0123203545159
5996229116913771201	2604749072436952054	0.00207678161482
7639316139837737054	11098927102177462814	0.0142871722348
7639316139837737054	8824213406427834727	0.0281160778558
7639316139837737054	13297966285718666205	0.00663372722627
7639316139837737054	2768667290895269602	0.0158530573389
7639316139837737054	16834107093930997918	0.00287476223555
7639316139837737054	1202164716711175702	0.00827464211654
7639316139837737054	14528573078523544684	0.0119199756642
7639316139837737054	10787655454097228359	0.00394619348295
7639316139837737054	8768705140491714690	0.00282085483048
7639316139837737054	12044022823390294227	0.004687196761
7639316139837737054	11898443235354860983	0.00559682011853
7639316139837737054	544764963549211580	0.00426250334374
7639316139837737054	13166879856536342480	0.00710615222071
7639316139837737054	14644067502361602225	0.00333719187461
7639316139837737054	7033348304434609164	0.00214224625258
7639316139837737054	5731607396180058012	0.00265996019931
696491717929744083	12231003600090896054	0.0036245209153
11748888481805180289	9033564108305267054	0.00378836801988
12425677288170867236	7032005799951370054	0.00274035346482
5564377413237029046	9008155123569896054	0.00701378863464
6105407412796296156	17331854680748195054	0.00308237037144
682177523649462054	11223717925119541929	0.00308694911074
682177523649462054	11760066328113339661	0.00290019591485
682177523649462054	12445761655713942799	0.00306512060108
682177523649462054	14690302522331727444	0.0029609652899
682177523649462054	17705578229091427684	0.00329243198883
682177523649462054	10808918271448124074	0.00501759241424
682177523649462054	17706787691938955555	0.0036471098077
682177523649462054	12432300006019607681	0.00248406000647
682177523649462054	11769225960115336465	0.00366617787553
682177523649462054	10257899149615691427	0.00424591129849
682177523649462054	12434000486728007891	0.00256132551133
682177523649462054	12912225525242966648	0.00451247732838
682177523649462054	10983651243481498297	0.013840913309
6743078075894390616	9192240261067374054	0.00975250122778
13698920948781585720	9284354261202653054	0.0272772362795
16605216912440275567	4807871489894830054	0.00805221886312
