8603482700264087686	8456541945944882300	0.00746393370862
8603482700264087686	10529947001244281099	0.00655825835784
8603482700264087686	917354154089373134	0.00471142847432
8603482700264087686	17817238019186064346	0.0101534616513
8603482700264087686	7151192425726930683	0.00586714648849
8603482700264087686	17867760616615773274	0.00226950582919
8603482700264087686	727018839609962870	0.00247007717877
8603482700264087686	15882882156128393351	0.00553001263609
8603482700264087686	10373479474118727140	0.00318464877649
8603482700264087686	11041120597781278352	0.00330680164572
8603482700264087686	7233660490369313706	0.00379458141198
8603482700264087686	12713197211957486142	0.00294500032027
8603482700264087686	13396458572496903412	0.00383060234254
8603482700264087686	11327609575713494113	0.00355334527259
8603482700264087686	7245381876226625301	0.00378370086941
8603482700264087686	799010608619911941	0.00406389919054
8603482700264087686	10270840972701873805	0.00237960378136
8603482700264087686	284535622845743228	0.0272165526976
8603482700264087686	1984934780340370396	0.020203050891
8603482700264087686	559205472331351722	0.0179605302027
8603482700264087686	12893503470267478058	0.0816496580928
8603482700264087686	10363297309130462349	0.00251856412256
8603482700264087686	768416409032274797	0.00573539334676
8603482700264087686	12715714380560113157	0.00284670471155
8603482700264087686	10508503607590585519	0.00694210134501
8603482700264087686	11297426242968691758	0.00227950758837
8603482700264087686	16146371482360358022	0.0133038021048
8603482700264087686	10375000678540978379	0.00486216638326
8603482700264087686	13071175406973443404	0.00280883362823
8603482700264087686	771853289201864056	0.00964485644341
8603482700264087686	15049045481356097253	0.00833333333333
8603482700264087686	7240345731500572930	0.00349855714271
8603482700264087686	14019023515646415290	0.00210003412583
8603482700264087686	10358081475038017290	0.00306138387461
8603482700264087686	2062157764849653775	0.00365636212064
8603482700264087686	736290982544074871	0.00710669054519
8603482700264087686	11960161552511354724	0.00354107115898
8603482700264087686	10745583911779245638	0.00222085174894
8603482700264087686	9488121422777011512	0.00576869744538
8603482700264087686	9921278269700241814	0.00922531208029
8603482700264087686	6847530095722132131	0.0114332390095
5670055861217741280	17920775421357782686	0.0042594475497
7172109785660084728	6191737886152991686	0.00271801355791
13488100674208435024	9590610524785088686	0.00753906879253
4498856100348534558	6397170771748226686	0.0039708810814
14663638409079872418	6893127255890648686	0.00450468731348
5000419279087158686	9870771286535475749	0.182574185835
5000419279087158686	2701696146047469083	0.0176336403965
5000419279087158686	12230275539377062696	0.0127639930178
2885862951511727982	9975916017758126686	0.00441351652475
