9022831405420356242	497884767942711994	0.00409272754535
8505649898470811143	17165588504397722994	0.040961596026
6473955257803993021	13629721723365448994	0.00589583288296
1687129562838676867	14123868252604721994	0.00631446025353
1187238181408192994	15569857267446130815	0.00848066914441
5552987876838164994	7102432473913357213	0.0870388279778
2022447877233499994	16698933011814605268	0.00320544104594
2022447877233499994	13926737895476893457	0.0038939699889
2022447877233499994	12955720976999069034	0.00404556697031
2022447877233499994	15221868112469343194	0.00838443616301
2022447877233499994	5230123237065099142	0.00841406323823
2022447877233499994	16218595739965324219	0.00380555636306
2022447877233499994	10431789461597862580	0.00415675567126
2022447877233499994	16692088255504969082	0.00253510063282
2022447877233499994	6988616971689936136	0.00362738125055
2022447877233499994	7268151001016305410	0.00286887655275
2022447877233499994	13742625934863557346	0.00320667683897
2022447877233499994	8180780418916709826	0.00327122447675
2022447877233499994	13733470494774927213	0.0107989849431
2022447877233499994	16600687913771477478	0.00362797800654
2022447877233499994	16606542658593524014	0.00466760028009
2022447877233499994	15211877571842556370	0.00908153218373
2022447877233499994	16596393414617093445	0.012171612389
2022447877233499994	8320343979403981849	0.00592089246417
2022447877233499994	15203291653067783429	0.0145478593491
17903551618393492994	13419393108837385586	0.00930564782266
9918676783317377550	1762648712653940994	0.00279958322907
11903500557158852319	7619149265545961994	0.00746268656716
13736509721976787478	5227024197512965994	0.0244411858369
12889717133286379994	15634656959850447384	0.00594438298278
12889717133286379994	9675345042943795260	0.00851256530759
12889717133286379994	16386941938976099951	0.00282503910941
12889717133286379994	11452435624698066591	0.00859073559175
12889717133286379994	15645550779354422817	0.00309863457765
12889717133286379994	13035178654493794627	0.00246631811833
12889717133286379994	18422987871760273465	0.00217045394637
12889717133286379994	295027343360557821	0.0142133810904
12889717133286379994	1298096357024895888	0.00432742322408
12889717133286379994	10160012207134027716	0.00378099532679
12889717133286379994	12236513384542091913	0.00250470072493
11513610837306618202	17196904859660160994	0.0122868296796
16443196970073248246	6464389651934054994	0.00345077971412
4880210790689035758	7329633259289258994	0.00304756265787
10882542229291616994	13810502193008769199	0.00306247473469
10882542229291616994	9517404729727530324	0.00618368767566
10882542229291616994	16460464085875617298	0.00249265747475
10882542229291616994	13989461519761464975	0.00205354828045
10882542229291616994	6478745094878457326	0.00466090313935
10882542229291616994	1430323825794066957	0.00212823771666
10882542229291616994	17331109212092225310	0.0047127886318
