5572003248806756668	8937566814382754670	0.00467294821571
10049889152497865485	3535762430066486670	0.00425940891087
11775578218734002561	714356111622682670	0.016689863152
12213517368399659634	6950876294064457670	0.00229031524259
4806331155934392670	16282473577411782630	0.007572715888
4806331155934392670	6940275786494682015	0.029617443888
11386508772941308600	13426032557071221670	0.00353204772925
11165045176787799670	10722803710898545921	0.00265376183936
11165045176787799670	17291409988087081111	0.0392837100659
11165045176787799670	2536783723978906766	0.00338547624639
3898305505970898688	5470657231295517670	0.00668376929176
1108523069908509954	8799465024065651670	0.00693308584199
11184557285538239666	15749391845347799670	0.00230098565423
5694629112872603825	13856574062547031670	0.032897584748
5080989781398166967	6748793394152686670	0.0161627045959
4735440562281045670	6678283857296935645	0.00902624132329
12950084454117342670	13242373372390802222	0.00212933748646
14566427936418842835	9590801536397138670	0.00320684171939
13798448776769296670	4120694074250634230	0.00892785973343
13798448776769296670	1965654478443710515	0.0116674121085
4181843684236915670	594910914404756192	0.0176721478461
1933884779852203309	267708043097673670	0.0020303783785
6912211753305446480	7542678734565278670	0.00363710916986
900619311391579085	595713847663756670	0.0131795895492
433644232348536082	14212621802031816670	0.00785674201318
1313044306480619670	7420136816299129777	0.00362809739308
1313044306480619670	5805933676724411279	0.00290514834484
1313044306480619670	11626669250073495387	0.00789337037964
1313044306480619670	17099708177042578818	0.00425108748757
5176207357713570494	8813996681130617670	0.0023368759963
4992941853807766670	274131863680223484	0.0257513101312
10080474167274684938	14309801990194550670	0.0145911566452
12366142320951766817	8471955775626519670	0.010905702556
4067394617129717536	13433418161485020670	0.00280518428282
18344220824112947102	6391450988358346670	0.0181638134061
960838434500966898	11219487068474861670	0.00430690541366
1129970977234254670	5326953531327143898	0.00512463496283
17416554338431190291	8249691190836434670	0.00454442183965
14727693212590646670	7346100755625567614	0.00692443736039
14727693212590646670	4134078145905727594	0.00991314482148
14727693212590646670	12215792068734986882	0.00850701905965
14727693212590646670	15496235410102628040	0.00520452282191
14727693212590646670	4745165022021644817	0.0034316273578
4889578776042004081	15371161479300413670	0.00239727517545
9218931172481128314	8470712443605326670	0.00318516568102
1999850232975118218	10225093523602415670	0.0216777492381
2078020215535508330	18023033096717091670	0.00601439161454
4915269533763978670	13537162185866178134	0.00293863549692
4915269533763978670	6567035340732012092	0.00214791673364
1759289071654787042	10990475218413685670	0.0215866445888
