5602989987966135791	2522675412526792153	0.00526170056177
11088586030311563291	10708082362387733153	0.00621814077653
10779903553265484181	14144962714556207153	0.00736929480476
14288760253337675846	10683023308152724153	0.00628483498338
2072257499994473153	17428676000775122754	0.0129228738291
2072257499994473153	8248784325594198021	0.068041381744
5359375527371044830	10553489416168833153	0.0020175482841
6849584142213768059	6208361746798718153	0.00333644880679
5861790734295673510	13436980665000218153	0.0068041381744
275459089628822429	16683856302264710153	0.00282188792147
12101138543759796900	9239138222471846153	0.00688102353204
4257532349029169213	11855405646017644153	0.00296789482461
12419476570264634788	15195885926722572153	0.00803115707754
6857261117135359063	6995077825664501153	0.0436435780472
13576376831700077171	12509219616243647153	0.00285793619036
11843687045828855193	11037054913513377153	0.0130321508786
11052881838399709153	7778078211244664217	0.0194183909345
11052881838399709153	12216675792559951028	0.0633724250524
11052881838399709153	10459149325706417923	0.00247114788968
2450933915484388909	6480340550413795153	0.00358535803882
2654480924052209118	10663642283995781153	0.00396628705167
12981226923507699188	14680693321178475153	0.0194037631427
2639719662875460719	5167455493651380153	0.003145992113
14056609588558769480	8904225580978443153	0.00874974024594
4714243393453127153	7028812882589559891	0.00427490980035
4714243393453127153	8067235110969419517	0.00368015338021
4714243393453127153	4324239723855257258	0.00263924829711
4714243393453127153	8784258829717854563	0.019440394784
11891705278194135300	17021084961026497153	0.0093462025682
5052245478166397153	7726259676419770043	0.00336908560265
6991337991846676207	12452750778330336153	0.00334599773623
5531457983620500659	18197012810561104153	0.0055971707855
4393704520834239038	8085872813942116153	0.00278299002824
2442166529900847717	7916364890346289153	0.00452437741498
2924932819779028424	10394412477221490153	0.00844912885523
9667136346081876777	8188286249878279153	0.00254223412488
14673776850820529117	6948633810126890153	0.00322009843283
5259875221322626012	10225212435755699153	0.00970370849566
14179604171802540153	6945165847283075238	0.00282425032282
14179604171802540153	59525473847881211	0.00731468029968
14179604171802540153	9978590923348146507	0.00556371822906
14179604171802540153	7914699532316226155	0.00336051406355
14179604171802540153	7971255623355263611	0.00225917321708
14179604171802540153	12210732296617935246	0.00316957608804
14179604171802540153	8646133837546496137	0.00208173018714
14179604171802540153	8245314717848842451	0.00406389919054
14179604171802540153	14799515676387334559	0.00288867777349
14179604171802540153	15918845079228917839	0.00211288563682
14179604171802540153	11461153660710384969	0.0024039572861
14179604171802540153	7840724332732124781	0.00235538748575
