12049937314381999760	4775102496244689108	0.00886937582722
12049937314381999760	10372400934710760303	0.00543542482821
12725706846590447678	9981381286389978760	0.0103606084259
1555007235207573260	7166728426915253760	0.00841078887816
4525967617931802634	15208489718805602760	0.00207207275318
11925099592687564118	13245364818536199760	0.00452980508328
4629301030365601769	9199260466217743760	0.0481125224325
948248836870707176	15833561856643550760	0.00200292239283
6338242371135420569	6065002486090207760	0.00419067172171
10342502847407085760	11533285888700061766	0.0340601351645
10342502847407085760	11182164830083118531	0.0086079049979
1138043596119069776	14353373597087395760	0.00375124280505
11461183036992245767	9267691432621796760	0.00241014939629
3776168125977912981	10225278805789080760	0.00381482152608
7712891364383804397	8105054566056030760	0.0119480197052
3010456465834033373	10225278805789080760	0.00295494804785
12254030656687590479	16079717194155127760	0.0114587312129
3830752297817595879	12198668819964096760	0.00411275451026
9994446735866009359	6591547388234760	0.0114828803044
1307787099094098916	4402969605800141760	0.00241571264855
5802996746861874940	12205681891676882760	0.00702901946394
11027832269645452287	2409764512216191760	0.0058270665368
4786867137807611491	8960782502610245760	0.0111887345876
2398203846224088760	10469849279043074408	0.0131830248651
2398203846224088760	13243645576572503995	0.0108798534972
2398203846224088760	7791302205626255903	0.028104971366
2398203846224088760	13400142855196607101	0.00893855306548
2398203846224088760	15037547094487571407	0.00386570335033
12816248386091163745	6551004100436180760	0.0119352479007
4414294022562372760	3161230455122364775	0.0020021755446
4414294022562372760	18423027848590228932	0.00771907397045
4414294022562372760	35201419619069656	0.00209459569908
4414294022562372760	6671213558528188981	0.00397310569114
4414294022562372760	13424151889927478035	0.00359740159991
4414294022562372760	6493540749207789583	0.0113322177944
13673345684616635941	18001312028511461760	0.00371045380976
3481417013835347064	6452456956474638760	0.0243108319163
8170968297045707792	12235217708820025760	0.00319558955094
2327121935378349515	13184426640654843760	0.0111817376921
3469839809052884275	15427836747465262760	0.0021312903955
2884990147743981152	13305339215615104760	0.00535303065989
13243914468372094326	12454359551049777760	0.00277512383573
11152578019184672557	11179989253651838760	0.00260994319729
3847888744861590766	8284227308907513760	0.0174874354196
13350052896741565262	13305339215615104760	0.00202325541237
3999942453944032760	9157696629373912963	0.0080996224449
3999942453944032760	10832401749694590824	0.00235845776909
3858631493773047165	9171998496827358760	0.00775963569055
12497798530175873487	12197656217081954760	0.00274807213074
13019621942917025768	13245364818536199760	0.00387230575199
