14735475546695061738	6959174269797777716	0.0119952028781
1684586643629348087	7903203353516652716	0.00229233625798
6504285749708258679	2243228065775245716	0.00764853309466
5972162772486061716	13429705222252404537	0.00340360578393
13449223747998229721	10692370969775780716	0.00612678851745
7498434756208223318	3226707636525813716	0.00211569268079
4323954114677841083	7955832550378953716	0.00327543319445
821370241431606729	13425205397904975716	0.0208559758064
999238625293521492	7709004024679771716	0.00250411953502
1639349954495856770	13278050294111327716	0.00515299643686
17949612032521828168	13408710181360917716	0.00534767004645
12031039831742726716	1828783460848903366	0.0160087111089
13070669913992650125	10485346186662790716	0.00213601108241
6075098450044416251	6818584501254579716	0.003415536406
12590588354305776216	14381169405171263716	0.00752326404723
8708668247309714557	9110330578428650716	0.1
11728369461255790251	8288584939558526716	0.00257729390795
2774054441641808080	1631364719507843716	0.00408944087343
3580268507962808687	10466430098392314716	0.00257291393909
6307415268059588327	16294180000506223716	0.0115071827237
11718992577851069716	12464296305355758667	0.00221820024582
11718992577851069716	165245933372349966	0.0286887655275
11718992577851069716	10268644157818337315	0.00330580770316
11921553804106472792	16883476232487760716	0.00630240974588
13171739226405657600	8841451208146526716	0.00432701809154
6117469514842255279	11075389056909108716	0.00438516360326
746279154840024330	2943827439577067716	0.00206963499617
10366193433904752032	8108372114966445716	0.00296070572687
6864851135850715252	9299014374269422716	0.00289715147246
798246798860490891	12198983331832621716	0.00224015438601
13200274292146200373	15229368696456985716	0.0025124042117
4323462352094896716	10410333818063400404	0.0033129841646
4323462352094896716	11722768190825694380	0.00747059570589
4323462352094896716	11724595089507985298	0.00446095298008
4323462352094896716	11722827564453824954	0.00470532230638
4323462352094896716	8499349971497985925	0.0046204781509
4323462352094896716	5641397506496130767	0.00248756988557
4323462352094896716	11739755233349273139	0.0036322833617
4323462352094896716	12359786857442123625	0.00290139195754
4323462352094896716	12499817435959452179	0.00360438184327
4323462352094896716	1358649203956866604	0.00207293624483
4323462352094896716	8529666519660975837	0.010772010179
4323462352094896716	12543676817613131609	0.018827751471
4323462352094896716	14910690507598166627	0.00747706655657
4323462352094896716	11722946311710086102	0.00567111803587
4323462352094896716	11278335807101499489	0.0127000127
4323462352094896716	12641678518573740359	0.00218982010743
4323462352094896716	7218341153377041105	0.0026750210224
4323462352094896716	17619543737455963381	0.0182361554651
4207267526109628716	13091615653475396666	0.00472034320031
