5065650273666654912	7844598315903044746	0.00412772300249
7149382682327674746	13398317992294598560	0.00214649612908
7149382682327674746	9419265255331581115	0.00209830437389
7149382682327674746	10389289221067972682	0.0395284707521
2697566141696411771	7509412495708583746	0.00804674249309
13970879193844157966	9145454057403268746	0.00746019415856
8298365603179516746	13487965700244531843	0.00298209998929
8298365603179516746	12813682162919181144	0.00481710993142
5696346223141023534	5621451012637095746	0.00269327601145
11126096188912984591	4324886580715842746	0.00312605338883
9893297728103759024	7177128900714597746	0.0108261633744
4992593020576290561	13222369167063895746	0.00399075217003
17722447295976635752	12199116420061831746	0.00309122333868
5324378386582564735	8970298980864634746	0.00205742154327
5448757503112867853	12682112365437912746	0.0021315227816
5949607765798903860	3724946023554009746	0.0054202333374
18167244279555274776	13222369167063895746	0.00910031510387
447307688247669158	12441193478914214746	0.188982236505
2412501414242081125	6811762886155051746	0.00347759302547
4153650233922223746	1977730736394688259	0.0030621014145
4153650233922223746	6600983509613197444	0.00468848450197
4153650233922223746	6249031853772663684	0.00779775986941
4153650233922223746	7268745525419426713	0.00320049573117
10507817928805167746	16693307184426851477	0.0029311274543
10507817928805167746	18033226226712436089	0.00371088809619
10507817928805167746	7428068557421022700	0.00370218048599
10507817928805167746	17138426737379538377	0.00294558796365
10507817928805167746	6963665481198111965	0.00892999532961
10507817928805167746	18031985678096413750	0.00247500491289
10507817928805167746	11390136206996300573	0.0102803648525
10507817928805167746	8353777085247136931	0.004760933242
10507817928805167746	18037297277088518207	0.00418853908292
10507817928805167746	12444069602823320388	0.0270369035218
10507817928805167746	15433264463801885321	0.014282799726
10507817928805167746	15166337222862712127	0.00283423759938
10507817928805167746	11377794631321849446	0.00631446025353
10507817928805167746	2399955240671244914	0.0259762166733
10507817928805167746	6557638188567764361	0.014282799726
10507817928805167746	18033734404108003925	0.00339066829504
10507817928805167746	13762628571304243705	0.00204770190461
10507817928805167746	15796206059869707082	0.00262296491788
10507817928805167746	1499773476493126740	0.00237663148621
10507817928805167746	13427960232879123357	0.00387561966423
10507817928805167746	10019959094866925632	0.00754722354753
10507817928805167746	10924735222487017654	0.00888967911771
10507817928805167746	2389724929089899593	0.00319558955094
10507817928805167746	17623787492112400819	0.00608377860617
10507817928805167746	18057048387369086243	0.00279608999734
10507817928805167746	2301215148217412662	0.0353996162702
10507817928805167746	8444770109648154354	0.0097119424458
