1066457842225848204	9266921848440017017	0.00872539228337
14802591678448990956	14244692881005774204	0.00313518137768
9023289435000726738	12194327840723425204	0.00282013682733
11215776474794322256	7892079099641432204	0.0115201563065
6970208316601644641	12201595913251080204	0.00634284910686
6576673150522688460	167551993089919204	0.00482742663467
6683589641690320630	4996458380524312204	0.0023611187629
3230372953548160636	11893846931108703204	0.0275240941282
12899224758376129008	14131622073494062204	0.0151082225459
813338966857157931	10978269381984366204	0.0110377696422
9380400741692095909	999318151353477204	0.00260873510404
4606937606448220272	12195102274867425204	0.00427467544957
12941588751591081876	7738473538245428204	0.0129164043049
11892331180256579612	16938829664599547204	0.00266761532079
4420377067056650590	17518674395527227204	0.00918863077367
5947979410935921204	6826765800264671515	0.00833188695073
5894161524186156356	13247397098418624204	0.00556070674401
10208693409963072904	4714966492690838204	0.00302586058257
4053510069304882284	13136789982458557204	0.00307118586332
6987777549608723204	8206071093384657776	0.00495025241981
6987777549608723204	13304245723634953862	0.0220970869121
6987777549608723204	6679336669914672010	0.00214756503231
6987777549608723204	13307504122054111784	0.0193746064573
1814681755498162073	11257332666463163204	0.0093125048927
2623639133317235802	11777553537893616204	0.00344753806129
2298773087693904730	12581723309894782204	0.00242622699395
339485008698749472	4708742744095856204	0.00309190295248
10163419618823507332	5442958609631403204	0.00427023009474
10286241664990122921	16833858913730238204	0.00297038147465
6058413933643810009	10417384434982923204	0.00673572507508
2587128724120505817	16861033502215846204	0.0045279008573
12787802340608223964	7557272093057938204	0.00513171519373
839191001248811204	9081287770086123400	0.00558598202711
5668555349682807204	8319130001163673587	0.00460526415453
5668555349682807204	11144404198943960455	0.0108972814129
5668555349682807204	15843808054106285705	0.0119174359868
10891061996874032886	16852417524019109204	0.00644691862577
6213169709809721617	14407647900911862204	0.00459839378567
13061746264714942442	9364342579194380204	0.00565323733464
603573693269750204	9949237311414746445	0.00457169429722
9406907470999337047	8991547756245714204	0.0107832773203
4424793465975244192	12220485509047534204	0.0034225708453
13649782212204425051	8774868782681574204	0.00515642058265
3661633914710387240	15374684698231456204	0.00430339452235
3706770266643019912	15922663215060221204	0.00231417009557
15281602477509706349	9078923400631160204	0.00674276489146
12041260540481596155	8227058439586824204	0.00271821437607
8219483023875063557	8348773184626388204	0.0723574605292
14441131370059419567	6959764192106855204	0.00362090751894
7789051163209197204	4519550448419199421	0.00238030476707
