3108778667666947418	6561723703164646484	0.0363696483727
8983248200028686816	7433449602154420484	0.012509777084
6412114918247407252	14119574689034911484	0.00254898917892
3285497832617063681	12061958006813131484	0.00212604808446
1529110054309742484	2797199257023105457	0.0036632248522
1529110054309742484	7760540717595342972	0.00626224291085
1529110054309742484	7414899170586269485	0.00215034371691
1529110054309742484	10366378734224792668	0.0049434732389
1529110054309742484	12270424134871184123	0.00218567879058
1529110054309742484	12208010644513603195	0.00449466574975
1529110054309742484	6600717140045983244	0.00395260004543
1529110054309742484	9279204707015507575	0.00380693493813
5426285861022523687	7506818420804194484	0.0589255650989
5606059658341606111	15906225387238546484	0.00253869258502
3154422585924662484	1233528675876167002	0.015915175352
3154422585924662484	6402724636917812393	0.00327539805465
3154422585924662484	14643381736270083886	0.00306096793254
5734233390194277736	15266252020582938484	0.00921003999515
3498568814672743124	13495957659390058484	0.0236030308237
4768968234547970172	11760073035578699484	0.00898171388171
5245724860018337105	15553788677644114484	0.00200904499098
5141686922501510560	8250504202983259484	0.00362483045818
10614091724838128559	12453461448533906484	0.00259133455444
6527738568347243961	10665052844731936484	0.00552326048139
6396571706873727526	9325374331104300484	0.00578314931966
4173153818473358484	6936686383535232486	0.00380715564921
4173153818473358484	9967154611896403866	0.00392934133414
4173153818473358484	12195042888239107543	0.00349130004607
4173153818473358484	7184705055530431272	0.00391246367783
4173153818473358484	1972962012776184827	0.00943900401864
4173153818473358484	11475871773810752156	0.00253042140289
1433479368180967258	9041672358887923484	0.00445634391539
10181358233989906484	13423938060394449946	0.00376776806671
11233071480666816711	12442558325140795484	0.009343346461
4640001806924906123	10722527833174708484	0.00856391659231
11514307325764937236	7097450594864866484	0.00250035945251
11514307325764937236	14812018637230860484	0.00499575541108
12948329656074899322	775770067540176484	0.0022550967108
6025045722668766886	12212342239314822484	0.00225143011233
1467769020694509198	8158620944222471484	0.0285714285714
3302383738855210878	6354034301595281484	0.00314400125418
2218330920431630683	8564620437531112484	0.00244799691983
5750410450149415283	12208222330602338484	0.00265428528592
4945909482408584314	11760073035578699484	0.00898171388171
6828186804240592348	12203828578942761484	0.00553102759667
11810710896256184484	16133783562728172119	0.0081978229473
11810710896256184484	8374260434429048641	0.00362747671172
11810710896256184484	10147840633142342481	0.0228694676873
11810710896256184484	10679486743505125199	0.00327574950353
1064836051143597484	1636415150082433744	0.00281627576304
