5370561580959032086	8541509616359998475	0.00563471946951
5153095180458594476	9964069210446248475	0.00217958052299
357828624259105333	8416075176839607475	0.012944509327
5877966903928891720	15912682110417426475	0.00253387958403
13700696468415110945	4723834766901504475	0.00663197636347
5074000069696920475	4302896474833207365	0.00556130864981
15074476134116026475	6940828789394734421	0.0024288448625
15074476134116026475	11684716314864913945	0.00235635506457
15074476134116026475	6795233116962464999	0.00397257269768
15074476134116026475	13434533551484152771	0.00207790217165
3108820573286810475	16042091759770858003	0.00840722120509
3108820573286810475	16047558196648626042	0.00200812929684
3108820573286810475	18081898892095652754	0.0103561627667
3108820573286810475	6813433147410229458	0.0244851053437
3108820573286810475	10044265487123704333	0.00724637681159
3108820573286810475	16065913955003697586	0.00220160731975
5330115499658011159	18438293537303870475	0.00327285342878
12909237079069132134	6943620153068644475	0.00715747917892
4289344641510600528	12202497328201662475	0.0106509621582
9788954165341379339	7791446342203043475	0.0131148245894
11136834964482654298	12433619495165194475	0.0122443879995
5661343468071087355	13204236079994281475	0.0099800598007
418208786644325423	6470653389146046475	0.00872041440394
1844255190271894052	17751431089862058475	0.00209555668209
1773190751929652544	10355541004152141475	0.00461412886953
6182432050456109896	10204817139040607475	0.00676664952451
3654595954668552969	4399177789660632475	0.00385114191252
6799138695675353460	11133283301651020475	0.00403922553821
2455341016192349001	7588944474580392475	0.0267835792003
6401474089648268475	12765357942053879949	0.00511209765181
6401474089648268475	13419192168746103319	0.00369484466969
2638117352579350565	12888713414227257475	0.0101409239289
5985008722480660696	14190744532662130475	0.00969094165253
14525361164400840546	11197479864045401475	0.00228215949364
6094689011031682934	16585994049561662475	0.0140234387304
1537577008303235447	17427917625520722475	0.00447186765099
6250898575234070451	15790302747047514475	0.00404563318416
12190586343745032062	8460379572627932475	0.0367111549107
10555195055489366017	1614231957471023475	0.022266248461
15295689489446757444	328319133277097475	0.00485832029973
6743879379203433372	17884962008980971475	0.00205367819183
6663780031386457923	12706031054551770475	0.00205999552981
12738828712713911128	4188510727567934475	0.00560085677258
11832263093727052030	1431023205407614475	0.00845154254729
3951756545265255206	12424852140050325475	0.00864998826846
2954670322374717674	10329540029142037475	0.00794552157705
10116198462794826593	14788669207595449475	0.00235115205286
1107244754419784625	12010844797417977475	0.0209060502502
5726699628868018536	11562270886650540475	0.00204068034237
3220938976486405427	17427917625520722475	0.00275414172855
