16110511243313190384	13443067857718488023	0.00771723489151
13013972830319615888	6611926507075438023	0.00240598816097
8772692398719927451	15797034615213076023	0.00282314713077
6881418947169678289	2819604504329293023	0.0108785658644
11429290504888684452	12214486722651626023	0.00325814147495
8323389491614425723	8281766322546982023	0.00276551379833
8159374452405151319	16457260755971543023	0.00672688013354
10794744082412391158	12840603663873056023	0.00509925408468
1723217136353816322	7877703835394110023	0.00305161830558
7604872442507697879	12206788077799240023	0.00867828019082
3180607695885092953	15817179415137851023	0.00982471864865
4140578556364791675	7712907288982907023	0.0306281945916
3169311184540368581	7612350688622504023	0.00867109969524
12212492879532679307	8281766322546982023	0.0026829424705
2596069107140206622	15347088413283149023	0.00644758860952
2610325971609245060	9827766447138170023	0.00314619452122
14398262784395072517	9308845956413296023	0.00797756671385
10393106997037312084	18125119691782569023	0.00786329749368
12154888198322599897	11816748652504963023	0.0310236024279
2689862391956111884	7201768632976234023	0.00599458334388
565000529878083615	1242103139638899023	0.00447008019083
3946903516101646023	7889284265064627641	0.0196153860662
4928710325470277849	358429966013288023	0.0140372481269
12383574204917007023	12891640327051006663	0.00581808488296
12383574204917007023	2261302034882947555	0.00893712506754
3368874158289282969	12369780821206255023	0.00311105580394
14186069584500715339	8801568196564548023	0.00819920061691
14156905488797750023	8111196811807105429	0.00783020296541
14156905488797750023	8178576283855487565	0.00213028910038
14156905488797750023	7260312664657118449	0.00283461333214
14156905488797750023	7387931224536606253	0.0021133102284
14156905488797750023	7095875587433181474	0.00630817533085
4971352723044752994	9867556533022703023	0.00232094163922
11336177756624954248	6728400681980027023	0.0222222222222
3466030213899837207	978348926865669023	0.00289029412754
4218386983713604023	11720119197723991088	0.0486792383511
4218386983713604023	5378988423934812903	0.0130788811862
3705842643848288023	16095283464536853901	0.019462473604
3705842643848288023	6134120354855391406	0.00267040071728
3705842643848288023	2678460896383827116	0.00618937034282
3705842643848288023	8973191452210475010	0.00468827839209
2523243243542920132	7563520385711410023	0.00674077314091
5074565061886911416	9356779953444651023	0.00295425164625
4799476349178681505	12284986859069877023	0.0134352303725
6844406533907916023	6048711524717907016	0.0193238969872
8124333535836972278	5605208283640121023	0.00266045907628
10145602266774715970	16862859531436495023	0.00373072002532
10390318359840922910	12536594677328387023	0.0081325006079
2975830282790385486	11293815888840854023	0.0162564022191
1202981895115874078	5596654464616583023	0.0587220219515
