12270678770236507458	5559105659056402050	0.0306281945916
6016636825669673050	6265453665559794159	0.00686738036192
6219311548179523513	7646221006533946050	0.0127123209045
398295424819205811	9415897460777776050	0.00452164777527
3400538241749286075	1154015397014823050	0.00207409965764
4777085538128363639	14025372581835280050	0.00507130951349
11404611108206901050	17526068134452534123	0.0170251306152
11404611108206901050	13908580018825695074	0.00544573140268
11404611108206901050	8260136729487620791	0.0103975048982
11404611108206901050	15918633376084295496	0.00775566734329
11404611108206901050	13645909401591560781	0.0105703284516
5150209876263415565	15422592163176509050	0.00366256140479
1755238179711698009	15911053961335184050	0.00266661926052
14362377252943815680	11449301251074987050	0.00691251579512
810117629568273133	6592752316980921050	0.00364173690507
3495637169006386030	6834468639503338050	0.00361901006688
11772782619707008619	17677064907375282050	0.0022052338501
5549375431517864934	12196228264916566050	0.00629042796747
4446535800541903876	9934547021467064050	0.00564962734875
5899480317914398952	7534366365900282050	0.00442136079034
15233902495265774050	14374625187817230239	0.00659437818308
2935648752013515423	1171661522423713050	0.0126693979202
6440255059193469927	11196033906941935050	0.00209827665868
13247754894083307799	1436118694165603050	0.00334472479616
2382311247538109121	8194043928440603050	0.0155080701733
2856678124623446106	14392540352815773050	0.00551435185539
5978266150702454050	2811574483158000233	0.0081025465444
13393043370688195451	7694208684980884050	0.00285576775721
6375128215466050165	8356299561418574050	0.0033215443191
2071602275338236206	18303966971986825050	0.00416666666667
894270048695587808	1171661522423713050	0.00719573448155
4689000787759088050	12608566902907042644	0.0649569802462
5889131117013242374	12838767138681901050	0.00902293386346
5683615935398063796	6371162322200981050	0.0117851130198
9067931748053073279	7488333322836253050	0.00668944959232
6239238344554737788	15644910749449122050	0.00486925094454
2950752470848800576	14855944859688485050	0.00296078358861
6071754200206213117	16568580817358033050	0.00342449688419
7550023777477330245	7839261692592134050	0.00478326564861
1825309191821334296	14186246897218176050	0.00344540929414
14311538926684438252	1488685077450799050	0.00435751565188
12283234723623334923	10389502083935527050	0.0393444737682
6363311372565897050	12981482069709005293	0.0291234685554
6363311372565897050	6948300357455010083	0.00460966563136
6363311372565897050	10855367250644384124	0.0048644093586
5974203008178574050	8108157624894061652	0.057735026919
5974203008178574050	17693239051626886436	0.0456435464588
5974203008178574050	5644308535779394852	0.00225837803178
9294229743416251582	10299775938743890050	0.0385471672246
13823454613236181785	13082882236794193050	0.00287418034675
