6402331408377818762	17418701377273459773	0.00428242943642
11947944412633468999	91356717024371773	0.00480391852116
5123746363040433369	10555251498045615773	0.00444220745135
9578599315354328882	10483269464535662773	0.00200204312652
4377561880226852773	9704289229261916197	0.00617896405747
4377561880226852773	10626389463079239505	0.00345469004063
9164767855594873026	6537284842288927773	0.00311527991425
5356867978886975704	9204755078268667773	0.00661845401837
5917739083352042836	7992205412641013773	0.00478781386046
9726988742038880773	8242227017754761939	0.00476298492632
9726988742038880773	16100631175783259974	0.00371390676354
9726988742038880773	12027937673302015898	0.00866751612487
9726988742038880773	10481704564271486513	0.00502246297386
9726988742038880773	14069992573552999673	0.00728357040729
9726988742038880773	4825021125225045235	0.0239731650743
9726988742038880773	4989086741290048608	0.00613889851645
9726988742038880773	7670184326079732714	0.0232119172721
9726988742038880773	494317896495565058	0.00208672793302
9726988742038880773	16465096063651505019	0.0120116328937
9726988742038880773	1204293278782081973	0.00245379009751
9726988742038880773	7713871033010957666	0.0301237616564
9726988742038880773	4805036972938729347	0.0293610109757
9726988742038880773	8734126578261781694	0.00217638293222
9726988742038880773	17018204004372722040	0.00527126816111
9726988742038880773	3118515003646799583	0.0151619608716
9726988742038880773	4818209921293342028	0.00415227399269
9726988742038880773	6773750420942914806	0.061898446059
9726988742038880773	10560755492050533636	0.0100266058049
9726988742038880773	4810026324827016520	0.00202682624201
9726988742038880773	324632815695075489	0.00402545697569
9726988742038880773	13916954831131001975	0.00893427112365
9726988742038880773	948935501111910753	0.0035378563865
9726988742038880773	12197909444115680064	0.00838886027878
9726988742038880773	309544173715603052	0.00518629228151
9831133852148827059	7344507717820260773	0.00694243592829
5347698534021732449	10831805273260569773	0.00280430173308
5725180774430717773	12216901501717802663	0.0142740667385
5725180774430717773	6941630964790181721	0.00377845740146
5725180774430717773	11133610653145366786	0.00277188097027
5725180774430717773	2822114740972349298	0.00692244614903
5725180774430717773	12214027429860875938	0.0111111111111
5725180774430717773	17374061260346849281	0.0032412910066
1377883138018122270	6238605244760501773	0.00265393940259
9277174928500103683	16948969206281587773	0.0245071540698
5156450052033317438	12216789480445364773	0.00451367230921
14196387530228560399	12441690200387788773	0.00517586141266
12251509721081160289	11734647354556951773	0.00643090141189
6250605758106216674	12203228533396265773	0.00717884153757
17817714248733402773	8982646841258095767	0.0141534629268
11844644186241441595	11405892194660745773	0.00214137180817
