1165265944685210614	16063750545646711955	0.00398776833474
767496263976930109	16890203855123046955	0.00553373689274
11990004826624361216	9391196649514185955	0.0161902192049
5229575704591098582	7751863562257939955	0.00351390214332
17498535327148616933	7748330658763068955	0.00615620709307
940365914001085759	8244674248098606955	0.032075014955
3409767935859757072	11615247690710859955	0.0072618366825
9901025399147874745	14266249478213751955	0.002851712315
8826496668876209534	18003629619245723955	0.00380933723431
18360039407708000955	6938973488027085404	0.00370736711083
18360039407708000955	12212940764351747160	0.00289297794935
18360039407708000955	12195645936115796061	0.00226260558554
18360039407708000955	2820380561999731115	0.00708738759271
18360039407708000955	2823062038940809666	0.00444958916615
18360039407708000955	16177842065791192908	0.0033220574744
18360039407708000955	2813568997227421399	0.00466760028009
18360039407708000955	6951580733203653174	0.004837526868
18360039407708000955	12192684345584634868	0.00380066076431
18360039407708000955	6949119794211054558	0.00512881212414
18360039407708000955	7394567933044488411	0.0226804605813
18360039407708000955	6941556524394444462	0.00289123624061
18360039407708000955	4840384290535628507	0.0462250163521
18360039407708000955	8245142184779379305	0.00357535266783
18360039407708000955	13930958551310987875	0.0833333333333
18360039407708000955	12209553323756209645	0.00551284334713
18360039407708000955	15913794841994255718	0.0115010926557
18360039407708000955	6937060750083022186	0.00459082823993
18360039407708000955	7140743058264167103	0.0129358420951
18360039407708000955	13265839146460323840	0.00422110049656
18360039407708000955	16689512524973227267	0.00248839382518
18360039407708000955	7357862648044840631	0.00222182726581
18360039407708000955	17632374390298711331	0.00226699676543
10207445288284907955	7842039540250124747	0.00813977150843
10207445288284907955	8285057130685178409	0.00205844997956
7347774166887074700	5504621229773731955	0.00434388635096
4764175638035143190	11194829429636291955	0.025424641809
8533672898302544955	13022541997795189557	0.0487950036474
8533672898302544955	532260947889558123	0.00567066211057
4196940808381026695	6791729643537408955	0.00229267361431
5544470268653729680	10579782567250515955	0.00231521183305
14259239548499754955	15461416312902338368	0.00240371420431
14259239548499754955	10782308826383456645	0.00737129662339
14259239548499754955	6412696517753489509	0.0250706105282
14259239548499754955	11646927380911247947	0.00541538301576
14259239548499754955	7098608754201880729	0.00288092337098
14259239548499754955	13840967289254289215	0.00203912271506
14259239548499754955	7404305805628388854	0.00546382830159
14259239548499754955	10306735939428348274	0.0241121411085
14259239548499754955	8104288167728015321	0.00617955391781
14259239548499754955	9920837413902774903	0.00437860099864
