5112097041111590470	9964759595269338421	0.00469664764909
3627766216586478895	15741088608354395421	0.0182513358185
11620093771175173299	2323146883395207421	0.0119182823656
4858414574622047403	9225266365280677421	0.00380997308454
6183886841661129473	10494430022743785421	0.00655572115031
2164614112131670611	12210627130023365421	0.0128141957406
12296615419911712421	7769504206621570651	0.0089228826281
12296615419911712421	9846513189659690828	0.00400064015364
12296615419911712421	8242798438268897119	0.0257342506327
12296615419911712421	15944760181825899259	0.00794803082125
12296615419911712421	12208229120890826097	0.0052814773302
12296615419911712421	7779098235925028187	0.00632329078862
12296615419911712421	15935303376649758704	0.0310086836473
12296615419911712421	12207947452557514382	0.00361527134579
12296615419911712421	7769899150359198919	0.0131419774644
12296615419911712421	8227769694758855696	0.00440695437281
2019680607792282921	8470493692523011421	0.00861237315548
12320521137745140355	10096156621577037421	0.0133582921286
13236836095473870578	6964489747154710421	0.00321435418404
13440681561042160421	13428953298021079403	0.00232753336405
13440681561042160421	8585148175212708781	0.00269488920544
3210287824494629016	13424410244843498421	0.0100860993351
5676159748091502033	338312186005463421	0.00256577313781
1504231911151716990	8933712169398332421	0.044280744277
15451607707359923180	17494060435924039421	0.011616917256
2184875921287141621	8298839874290027421	0.00242578436774
13933264737480176183	6815657774280781421	0.011656310103
2171127172827398421	9998497770496939038	0.00603769630002
2171127172827398421	12364703401919965956	0.00278604499182
2171127172827398421	12502943234753443209	0.00645927986661
2171127172827398421	8573443214284491127	0.0135481953651
2171127172827398421	14049024448436384671	0.00417916480549
12923446716064117836	5328461595193623421	0.0104496003366
10333472076269995697	5187074049430092421	0.00835599488199
4550977759529382167	6940828789394734421	0.00266066623974
7326018890444803144	10713136295137106421	0.00756686010751
4148318123015996126	18363131158641077421	0.00334772226488
4905957055395870189	16095813934002267421	0.00333431524852
2028881755383752393	8279129732239770421	0.00381457172603
4965706148223060133	12207722417795409421	0.00254485058317
2785253311075291203	10692088438466477421	0.00725380811545
11317689480841952054	6829819673268400421	0.00739827936031
113501880245352497	5934375299282769421	0.00371842290211
13667623244219335421	13227643316719382554	0.00226598383224
13667623244219335421	6987807270067398079	0.00255843185484
13667623244219335421	12525440488109912824	0.00513347293147
13667623244219335421	7927446763430777228	0.00420116152966
13667623244219335421	12171974733348878390	0.00424063957739
13667623244219335421	10350761803033146104	0.0038125750906
13667623244219335421	6985421617576349477	0.00499575541108
