1491374024569505689	17352338549024498606	0.0094838934291
6592797479492618891	10671999681160144606	0.011556254088
2180888417553678765	12193198461777444606	0.035289233662
5424118404278298606	9050904572801264439	0.00232470146938
3063228125592170948	12452812710903295606	0.00353617489573
8515278686933084474	6582086096606669606	0.00290109891231
13395615380207818474	13923783533103492606	0.0310086836473
4265737717181652606	6397939961605294867	0.0074810408827
6984651776699336764	11759462231530099606	0.00266080751531
293021292043820713	12888762513905480606	0.0221948380809
14976727558095333432	12191529106827569606	0.00203651627645
5837190274124815606	5871375041723206684	0.0571661950475
15384110854482045095	11048574836281834606	0.00263698996317
3504921917892832606	12195161751460993460	0.00208116657941
3504921917892832606	6940656397988558881	0.00291834316891
3504921917892832606	12041071586733432475	0.00287784381546
3504921917892832606	10025979019537895266	0.0310086836473
3504921917892832606	8709538364353234291	0.00311806514494
3504921917892832606	2924779101006512232	0.00202020614266
3504921917892832606	6958492227663964147	0.00235008702533
3504921917892832606	12196586319153571025	0.00302469767389
3504921917892832606	12887385461760580273	0.00205993434023
3504921917892832606	10033815599885323135	0.00331118566841
3504921917892832606	2767869315306764080	0.00288156918118
3504921917892832606	8681725492295844131	0.00241842388695
3504921917892832606	9984539278540444812	0.0026291766424
3504921917892832606	16852061806869905222	0.00403016175137
468486004587523606	6946209816107689787	0.00423470382056
468486004587523606	8576193572018408780	0.00560525436184
11183908556891086261	13279561519089659606	0.00665794307857
12786180951722156835	16787775856112576606	0.00204461785963
7139257687137164433	7557536598643005606	0.00317965425683
16922661158726966052	8140594918286166606	0.0962250448649
12752817217190489564	8020161265723588606	0.00665469896977
8044079972037055323	18040203946547620606	0.00333630025278
16972651185806078872	11106243117210538606	0.0119557024965
7669426466888129606	610391703498684980	0.00287394294264
7669426466888129606	8296442937683641423	0.00518218195378
7669426466888129606	6800878890206071405	0.00439002035921
7669426466888129606	8277537240095786147	0.00321629878735
7669426466888129606	15237002356590005491	0.00573049436013
7669426466888129606	6801378184490441545	0.00240723566272
7669426466888129606	12313869389687311825	0.00771218419433
4305909338087291242	15504025374391337606	0.00541268520284
15609287914363545687	13729544055559600606	0.00558032586371
5793569778601997874	11380897006819131606	0.00226490254164
12602247873851391974	17979795831431320606	0.00400416650087
6618684669686895523	13421985899069373606	0.0268220890393
4527803646664786067	16003298262522071606	0.00201521998984
6225407995937083606	15394119203541192359	0.028149476495
