5840700413592020944	10661964864312879012	0.0229900244936
2314463087616627944	13779404142438578968	0.006546723759
2605871136617244684	7031352277685672944	0.00287286349622
1517351455790876690	11720570294288243944	0.00815844166456
6535167375469103016	12995484931338621944	0.0200804832226
12509379404778418325	11455586234499613944	0.00341009065608
8276052918174292944	13425228384510912891	0.00371675309199
5081383746086510343	8331727672902706944	0.00643169943899
13134036215485521576	17467352821747631944	0.00252895636167
14186518734651447759	13666257110017580944	0.0124168526622
12982819241677419999	7337510788914506944	0.00801411728057
2178864689780469944	8000360151019161745	0.00225506230696
2178864689780469944	7787238449552983473	0.00248911062505
2178864689780469944	10359762663485100560	0.00217089374327
2178864689780469944	10940634178207051161	0.00333244479984
2178864689780469944	9113899947329042739	0.00284963899498
2178864689780469944	13888739399391647086	0.00997509336108
2178864689780469944	6464926110524206954	0.012668381237
2178864689780469944	6119056048983154373	0.00301767956447
2178864689780469944	3598704600151101389	0.00332011606797
2178864689780469944	14290449856721133594	0.00444914874794
2178864689780469944	8501574249758563634	0.00203927534908
2178864689780469944	7644158884578126413	0.00756209876155
2178864689780469944	15768673712764842938	0.00249794004884
2178864689780469944	1313523016739744207	0.00660616696075
2178864689780469944	3601995219426947218	0.00243560737409
2178864689780469944	7687520815980409245	0.00271019629253
2178864689780469944	1417362023751675452	0.00757662730282
2178864689780469944	8434769795727703098	0.00246367453328
2178864689780469944	8707018302710319999	0.00413008102782
2178864689780469944	1314129109611941826	0.0057086032397
2178864689780469944	18006999647362143272	0.00335119815443
2178864689780469944	7729914302270079728	0.0326511574224
2178864689780469944	9988202141419244620	0.00496279443504
2178864689780469944	11503608387414232288	0.00886310303696
2178864689780469944	876262784688759546	0.00214995107036
2178864689780469944	3592974426542455163	0.00736709468684
2178864689780469944	8098765488566209977	0.01349135818
2178864689780469944	8485723479158516115	0.0498754668054
2178864689780469944	526756303044947387	0.00300305716679
2178864689780469944	17663614315255658967	0.0244338888713
2178864689780469944	7681444385637968672	0.00474109392312
1255157038606547944	12202556225008906525	0.00685333513896
1255157038606547944	16169687026604053190	0.00904764366709
1255157038606547944	9978873001840842291	0.00424247099167
10267012086305727215	9523492802290851944	0.00794552157705
6647282871870350985	6940662685761902944	0.0323761954119
1982814396141264628	14339424959171488944	0.00339070727697
3601194806010964944	17208488889186725792	0.00375552586198
3601194806010964944	614378687052623332	0.00668750470215
