2340666798309724661	987438589565132672	0.0054278131385
4062802191034157934	6829653543834656672	0.0109843693791
14698990650093260121	8984110647224716672	0.00349934961883
10028255722275993155	9136512689643658672	0.0191741247212
12623557672609063274	12707577158691404672	0.0081357297129
90960900519962315	11995808749994748672	0.0075927714779
717761336615963168	15912828822218707672	0.0110216678544
13190073303155172360	1153952742160616672	0.0021697130332
7421820773066348109	10027573505709460672	0.00421165579766
11153100735232200817	15962743134777766672	0.00504780187064
5336791897904779803	7407143537344859672	0.00283858472337
6836977769354047037	7140404572568421672	0.0297877734367
3524851949419062672	4489270184131602330	0.00382097094496
3524851949419062672	12115062945294573759	0.00628694613462
3524851949419062672	12112381236422245670	0.00443146449136
3524851949419062672	12115295058221532839	0.00278241901373
3524851949419062672	12158268707263154196	0.00200402008843
3524851949419062672	11490833171578878584	0.00260378704603
3524851949419062672	17636250338306968944	0.00272876945058
7303429226216596672	8580952528968715997	0.00840009945777
4758720735324358672	2541768570352287916	0.00566792886603
10940316647540745957	15990498307715114672	0.0022133320978
14152797184847193114	8433964248901354672	0.00300303008453
10211342498443685212	12938788370759057672	0.047619047619
1644128272995929767	700407921000253672	0.0251259453815
11955459366390209672	6549988593200734590	0.0504433272305
11955459366390209672	12190866698226278248	0.0062833460388
3908996442018586654	12200257923508141672	0.00692975566944
7588536482574262856	12358426216119879672	0.00636207495502
9545799877619895672	14874356027511207154	0.00249723895576
4924719947536537672	18134038397623291661	0.00656362437337
4924719947536537672	9330504032940905117	0.00336690794419
4924719947536537672	6282818965831749199	0.00266967738738
4924719947536537672	604997349941404146	0.0115439274135
4924719947536537672	6813193672973923189	0.00274841462201
4924719947536537672	11766702207124172421	0.00311401087492
4924719947536537672	12847582039409380483	0.00239017041543
4924719947536537672	999453326802599645	0.00384837470315
6472780609874917347	6818562197504289672	0.00763514513919
2178779764504001546	15564830802762447672	0.00562855744909
1960720958832116742	12358426216119879672	0.00205920922193
13288212885170688672	9743868523704337581	0.0065274485176
13288212885170688672	12632586865483047150	0.00561655956302
13288212885170688672	9414255473249709416	0.00391300279508
13288212885170688672	6947977620750583395	0.00536634849635
13288212885170688672	11974887222886479925	0.0424476359978
5972892472065119269	7468587670099062672	0.00268026208241
5407642267168322551	15470463164186546672	0.00398852952872
10337294180133329775	5894755865347196672	0.0110230069794
13219100139837711014	8984110647224716672	0.00609767433319
