5300288232076500942	10269270248141533559	0.0064989894857
11482699690806148137	14955583736378088559	0.00625439917155
6128040322699314477	14447268306953742559	0.0097119424458
3630254634943792705	7601078641505352559	0.0120073026607
4248048251113532951	15059033534456706559	0.00502392056963
14526458782347211114	17894811437561393559	0.0116961064294
3560330321427862067	11611630337634301559	0.00754851356096
4563951421663284067	8178346090289766559	0.0114534688791
17865956519733557730	15627941468784044559	0.0123721071016
11859167829868100114	6979141697890578559	0.00368344738691
4536750367629128108	15531137451494903559	0.00565278570793
15833159426047660684	8367697477679402559	0.0023015706444
4907508189558081751	16331134744887779559	0.0629940788349
12676533255179448545	6868249752306471559	0.00553628047702
13427095759491882981	7577001948874571559	0.0288675134595
5308173075119010617	8804836998726559559	0.00497395492642
5904346720123163618	13558125617294559559	0.00408663976922
9468494403847482317	12218411414678379559	0.00351676925232
6875242615212463847	11052363336738602559	0.00353557810094
10750445024275488072	17168761330578357559	0.00606428249774
4348941194355484440	15542918885356253559	0.00450999847472
8328100487322890710	9363819701242624559	0.00376517659794
2422584025431230938	7932517046299855559	0.00449957705963
2656490487405836861	1038155474245089559	0.0152676204138
5419845179329554200	8076593071624843559	0.00342070809076
6936683008619387577	7915276377745289559	0.00201207650749
10675085752916741382	12427513741670914559	0.0116373516029
11406378061326300599	12450965989934935559	0.00313610629182
11563886240798374607	6507726886278802559	0.00670070334274
13457165786781659559	8887511943308776033	0.0120298711668
5575514934222315319	9273413149783413559	0.00680036124478
6867306324558205911	10332896765911113559	0.00437801348664
10074345901164291781	8003903589722537559	0.0566138517072
12834567792479827528	973491645247196559	0.00491485058946
13246472300793424559	2556978416276471695	0.00333355557778
13246472300793424559	4311291259147448850	0.00484706431933
13246472300793424559	2570512730184628076	0.00227052349503
7077086168613494946	12262415138594436559	0.00707744037715
10724260343763432847	6130120885606780559	0.00823107997208
3198189997048961525	12452098538419681559	0.00861684827823
7326816836511871401	13924199874295439559	0.00401519009103
2804622453751642151	12865844998114118559	0.00836915324647
6093458302288324850	16320880740893291559	0.00547077386615
6206124159745217798	8284579405964046559	0.00317220634287
6000740283797101667	6351927908124443559	0.00436839523561
14931826170825430583	473221839012361559	0.013372617379
1224167736353258937	15542918885356253559	0.00402597891501
457365131145567574	16813692358484333559	0.0327034970084
1312846261780549646	6123706149115860559	0.00611063868647
9013156299428360559	10010081772264385410	0.00302635938278
