5748188664631619420	9964067783492397037	0.00206245636662
4121333169724697304	15912337976091652037	0.00558833657155
5743896622954686282	6703611423361416037	0.0110256866943
5090671528393476141	6050544676848425037	0.0129749824027
6759654652728361037	548297541249636854	0.0155945715388
4285144277639949760	7981906343657371037	0.00474450785258
13507735531033221361	6647022290644657037	0.00488578613322
2577134700701592682	12982012276062484037	0.023186944788
14032655000889349485	7152597751859197037	0.00990633266598
3796422353862134885	11974590113230269037	0.00293407829258
10082685646151655837	8095700165987940037	0.00739302073411
8973743290840872409	9051918252581261037	0.00607770797908
7794181712091358572	10391575605532864037	0.00374976564697
2408688617718028854	13935766574020528037	0.00360994363911
4458793678945418037	3408564995852713935	0.0159111456835
4458793678945418037	3233087416986988753	0.0110230069794
4458793678945418037	9419788139544911738	0.0031830350704
12799948921081003372	16959245953829905037	0.00602891163612
4484072315543940417	18286268496813230037	0.0307728727448
16778880339705628594	4425290398754459037	0.0224733287488
18440067675119783325	16295941783401167037	0.00900937462696
7537351786113168854	12296748090202294037	0.00289199785102
6452784509721727292	8247079073361353037	0.0186274330763
12116435047508406656	7724537971367831037	0.00480015360737
13054137113774886059	14912881834477425037	0.00224621005049
6397895780713261037	8242834760838166584	0.00482052281019
6397895780713261037	6540232208494694066	0.0064455792846
2214190348305361846	6980236480817332037	0.00236475353384
7884291315049430456	9282492685040603037	0.00227522009837
14833264242254643936	6980236480817332037	0.00305288368482
16171930297132027037	7176953485606256001	0.0236227795631
14433627919759899854	8230669974605797037	0.00344721030181
13885796497042331017	12210493457727485037	0.00566656372503
16906778841427009665	12659487267958746037	0.00309920001377
12288200844593119135	16455190265314800037	0.0250313087161
3785402562589280928	14004542744479993037	0.0212958855
491988662333387037	1189286252578712986	0.00548656066978
491988662333387037	6249061540586728971	0.00826587435629
491988662333387037	18319608182139280403	0.0144639213535
12354742503334825236	7010975531506228037	0.0141534629268
7314379282776628487	8818759043176115037	0.00223957566032
2388354972396799140	15915674019087812037	0.00246875202997
5751928150706960918	6958843664711916037	0.0305423610891
2913694850237025889	12203320866596332037	0.0180834487413
12749179577245546483	10092207558352872037	0.007634032647
6031801108430290323	10047447737909387037	0.00789189539684
3951631417753637597	8298845788414159037	0.00321095546065
1737631604664710905	14064815286099293037	0.00291769716046
10210810494634945308	11250372409776729037	0.0136019805926
6496321596346982099	9018204832772706037	0.00518587383528
