13933464024022311733	13926643474577723069	0.00839299577831
8558386720620438471	9951889713626974069	0.029160592176
6613054128597071559	35592112063277069	0.00293086307062
11785238896960323771	13958401986428606069	0.00505321257782
15042121407403777069	1021429165248203274	0.0128916941721
4061822595313995619	8280064484748928069	0.00516480422974
4481019052546112554	5859905904659815069	0.00881134221063
13707993291297798021	12840813487094331069	0.00529300604936
11346340277650572662	8651390070130657069	0.00922609731348
6886115742521979232	667195699216066069	0.00233065410316
2627612549297886702	6942421556594247069	0.0040361317329
8410905879239233104	15483397702321631069	0.00202148532099
11122743914892972080	18302278470007418069	0.0188310894289
8388749349273742877	228929257768363069	0.00355256038699
6504469648106285500	8364437905198500069	0.00677658587278
2427056607809857593	5367748247658503069	0.00675367415394
5124291226495991105	7263180847787467069	0.00620926405427
3378955178227720359	6260666250086637069	0.00224038487741
3247753969778459069	12455287822162791037	0.00414905614522
3027519292865898481	6959359584779864069	0.0115163359926
8626959309311306226	12209334417816828069	0.00339506221351
11263604646759556549	13444400042532119069	0.00265546417408
6082004638159974069	11294008491786615244	0.00265789238542
6082004638159974069	12204709545557090973	0.00813788458771
6082004638159974069	7101695847906424553	0.00276908461785
2484224344497143330	17817275403942732069	0.0025258405004
10373235845115013206	13595095565974936069	0.00316550812684
12686501100411306275	11797611089765402069	0.00280474290381
15636851555453895655	15886700086248856069	0.00547028272191
17655749564759525069	6049562623999012991	0.0203405023637
8940759786016150276	7537788901353475069	0.00837443402515
11151792432434457294	14012650868141008069	0.0120701137396
6000031837637508174	15391677529582421069	0.00419461463565
4745947630597220273	6977603554204973069	0.00207153472973
8136963999474594069	6114427667325735200	0.00263687994878
9989292660524874127	14301205472858494069	0.00301217117004
10277847786337725069	527508806318322565	0.0671156055214
10277847786337725069	6831430623954077179	0.0318788356532
10277847786337725069	12876583067574501241	0.0149570600899
4706916299601752136	16741144985080224069	0.00203925414786
13746243821167805404	17531003814434642069	0.00264906471413
6719193492221971152	9095360952734639069	0.00795758767599
3880957342900652069	11594464215258666988	0.0424476359978
3880957342900652069	1621333771762265260	0.00562321557116
3880957342900652069	7970622325571291980	0.00728453659028
3880957342900652069	7362226946097343732	0.0100989495114
3880957342900652069	8093152365624978273	0.00426731307131
3419692913569761069	629645415456431580	0.00487254455171
3419692913569761069	13434268324447168334	0.0188712839024
3419692913569761069	54628250328207183	0.00424843951612
