3022870511988632205	16097460444090056677	0.017989569074
3359927440790820400	6815596973494766677	0.00223710287696
14693507373426602007	10981237527184005677	0.00612908965876
2866853737670594247	10684189310650073677	0.00464023384398
4421169518181484628	17566874751941539677	0.00576773783505
12837994659817609264	6259872418998682677	0.00270017924385
6353422056934162677	7449333508010583274	0.0443678254708
6353422056934162677	9995933452635548984	0.0255654996282
5619484472248414940	8037798972837286677	0.00241153660533
6393511602377097623	6955628074186867677	0.0142349655843
5287832090079451577	17024615798155009677	0.00428502349067
18199903344024884313	10478464183171712677	0.00256372334313
4063567395135012604	6068586142338833677	0.0154561166934
5535031755677404702	13424764450895345677	0.0171599555764
12492494660898696759	12282657203217504677	0.00795658006754
343363239467935819	9288625786664775677	0.00517260600112
7671758912711368120	16883632178715546677	0.00584705346205
1076569148792204220	11306586255668219677	0.00545431105944
3487967826788868677	10582647729896059880	0.00228170201786
3487967826788868677	1434598649695802201	0.00762936548443
3487967826788868677	10656320574795803380	0.002125639781
3487967826788868677	98935895707338209	0.0144942758913
3487967826788868677	96531998279858267	0.00326511574224
3487967826788868677	6412269441586242868	0.00219412235873
3487967826788868677	12212441092314320805	0.00428195829616
3487967826788868677	10581038701929449537	0.00337023343719
3487967826788868677	190672751373444828	0.0043861336649
3487967826788868677	8296038073787577074	0.00686802819743
5337038759876141754	7291792457704179677	0.00357569549907
16464320283127888025	7696657673013218677	0.00931048653405
303629124114319217	13444162928467080677	0.00373035660221
12680067987488656604	6829680785505551677	0.00483718728519
6793542267072925114	12192327133157231677	0.00614295116834
12655764433734175677	9271132548979257004	0.012422599875
12655764433734175677	12388375783785858428	0.00638668054366
12655764433734175677	11035697692953908401	0.00474964260284
12655764433734175677	17294219512304903590	0.0157485197087
12655764433734175677	15948690970709058085	0.00773730575738
12655764433734175677	5756457707931676689	0.00329554144608
12655764433734175677	16991388423785590357	0.00279229407255
12655764433734175677	16697005258724484471	0.00267028646821
12655764433734175677	16699300867222757937	0.00212825699618
879838787109128429	16849908105180879677	0.0200360974925
3833218631623835812	15245614767683888677	0.0111358850797
3177965114622646528	8462349923124174677	0.00473938971964
14838796508088728677	9516593704306153471	0.00682422972229
11021671813816587677	1102275856467352673	0.00201833714004
11021671813816587677	14142844216307751615	0.0152303887462
11021671813816587677	16093134607434989754	0.00202648911293
14302651599779540139	9406423652668767677	0.00226128626163
