2138680244632871023	16685657134704326420	0.00201391181941
12580002413155799237	12203913632243371420	0.004837526868
1019386954986844225	14285454969826659420	0.00416067556216
6788626581117641544	10015718299659867420	0.00467985122053
5072444364424202349	8295740028810503420	0.0234146452895
4668404989284647351	14505356713697726420	0.00341792963512
812569380943053564	6962777433850786420	0.00778357437491
5933527532688318268	11839767242974853420	0.00250686410392
3824334314730441420	8352296864230956011	0.00590240205812
3824334314730441420	13801206950587591142	0.00260488221722
3824334314730441420	8303119887136637013	0.00945967539681
2544975312678828492	5196155129227511420	0.00279491029544
14976905022065236795	17211437314852932420	0.00336279340864
1827656623357044657	15974576721342869420	0.00554452880098
10447299623752203298	9962515123845671420	0.00237229397751
6049148134574617025	8534553482161295420	0.00271247850475
13173237590311722472	8244526677333330420	0.034794450032
2489899693205888948	6938968982596016420	0.00337837837838
12120593219999133493	9117052370803991420	0.00210448446782
8323652168089667901	5182047301301165420	0.0444554224474
629540715724589123	12204037215649880420	0.0148625987356
12160367141031260244	9286844436045400420	0.00560842704782
3241262850226476453	5894739870202599420	0.00953809492146
14459039077602624299	6147410975322632420	0.0083194790705
13268942487383513340	2741839571870818420	0.0188712839024
6294602058017820236	16685657134704326420	0.00300793033464
12443904214522643543	12882111426667974420	0.0202361164629
3650572982036460583	9959549869350122420	0.0164643910426
17654449136625966825	845718479597142420	0.00992094737666
12720944071804187281	8253882773721501420	0.00273920177923
5505395293176826932	10492214228928895420	0.00246188950248
13515860363617190449	12289148081209921420	0.0175899386183
14442389439689362437	2830088244688424420	0.00222522417899
2687995116157876440	8452784810717981420	0.00602311286852
14806256804892937420	10802824045570691927	0.00211060665823
14806256804892937420	8425904043675461875	0.00285533699052
14806256804892937420	11268479098206371777	0.0109976467554
7167006616591110311	9479591411530686420	0.00273866756142
1217429010344967420	7535588422556807066	0.0110905919595
6148159496385962233	13457007463552557420	0.00896437464956
1855469890580644420	10323366207116189860	0.00599717000348
5466112001913664120	7286977908414894420	0.00350282573086
10505257042848307420	6752098288456303378	0.0027638443953
10505257042848307420	8267378174466346107	0.00439480840289
10505257042848307420	8964712749470702789	0.0041320197435
2338879635918762757	6239307951224731420	0.00292402660736
10702676264783221761	12202506077030302420	0.0202776776413
13702904360116851878	16589050120575709420	0.00487671446651
15038596046948334907	14831389438848402420	0.00688102353204
2910909631263642420	11295732760790903559	0.0077014272067
