9345359118309870102	1391708725106165027	0.0124533870347
15283468680796080891	9190999037385141027	0.0030758312596
409925602852316027	9849229549249709752	0.0128671253164
409925602852316027	6174479598100291758	0.0116682063232
409925602852316027	8904265666048239374	0.00858282150846
409925602852316027	7639295281743298690	0.0336146322726
12588877632005512507	14508703481148038027	0.00334965615451
6180566368282991027	10458100310115398107	0.00339941433136
1847157078144228041	11521580379186478027	0.00993072652874
11045495323334151466	11316963295601725027	0.00445135214778
5769003700087376822	6268620594134670027	0.00226682202486
6109554867304820627	11134006900374440027	0.00291725017506
5913876434269638768	15758855092407142027	0.00382384714168
12868053088203398817	13845842667571229027	0.204124145232
4970811025788018804	13890243235031475027	0.0359442577345
9802466436601989027	9222070726692016595	0.0194661607261
9802466436601989027	12408540346907865534	0.00304592231295
9802466436601989027	12873937953511358965	0.00294602253492
9802466436601989027	6948650006380445629	0.00254887325517
9802466436601989027	8292342383138358942	0.00340218722075
9802466436601989027	15367798575932691668	0.0030716639467
3090196012356812027	18048377084039515644	0.00502151305115
3090196012356812027	14507346580092482903	0.00296088741383
1883362930705503647	15549904068599113027	0.00753778361444
4708988041379943509	471327457127857027	0.0106407066345
10347246173218873582	8005077428944229027	0.00694678991802
11007315634011692324	13306527761957087027	0.00346583496607
17637399859817070471	6268620594134670027	0.0043076246097
3200348602367555721	10942693466750340027	0.00706824108067
3140969622305361555	6913463908965164027	0.00572410689434
12130019681819920084	10591186465163945027	0.00220816739349
10956571376031587048	9976605833552370027	0.00247391404165
2004601527127213907	11624972024005266027	0.00278658578453
4964716432710297431	12152913182690575027	0.0196116135138
4703816986284158815	14953426294980317027	0.00243777029801
4832776396588561037	8178355758651078027	0.00379696038297
5265299885197501154	11455631336786215027	0.0028316797612
6253067996520350298	16939759786973073027	0.00793725790182
5965140923391831345	14947261787344521027	0.00255048933281
14850574451890435776	7574894858712541027	0.00464383487965
7360118779742830735	8177508998412100027	0.00952553766926
8301341500154406844	7645345189381774027	0.00325748452536
12132356636957448027	90476042805707548	0.0159091319968
12132356636957448027	15019710169217434106	0.00312877575292
12132356636957448027	6950210428225386487	0.0186728421743
11771160509474246311	15799268641692087027	0.00813896266741
4758623580871930545	11134006900374440027	0.0175035010504
5862614397670852563	12192599292453193027	0.00594354296539
5267785665944555717	6940885470012119027	0.00649679462259
12128541898719607382	17789030646686142027	0.00506824730528
