4587520137345638407	13228698162070395373	0.00415564286191
1170431261210067424	18047463951928449373	0.0026674349986
3308683781786540227	12212458581340662373	0.00828002971542
68804417458961565	12374200282903923373	0.00223205388993
9256692687849614319	10116907787100191373	0.016448792374
8115022669925156714	12634566690376498373	0.00259920060882
12879082950324447607	1741861401703468373	0.00252712258139
8305081994997334759	17503425873577615373	0.00814327927481
11108844656265296487	4712353550584886373	0.00267705235918
4343924584944829805	8069383572829292373	0.0216067907851
5184503494600769383	6785925312773034373	0.00338030797631
3827395642671537305	17338217382390039373	0.00641025641026
5644070638826061468	6945898895181806373	0.00515985156353
11445937634048842282	17360625292792780373	0.00201367906875
2537230962611367069	16674788015510093373	0.00512275184538
11763744297885976076	11287600658358238373	0.0040211261977
14209432696796120570	16823725647018058373	0.00416652199828
10768637904845676367	8280261752609462373	0.00234661627232
12672262799769267489	8470579570458634373	0.00412056813695
1868929644440603869	415949016836335373	0.00298929952359
4974078677465472373	15445606514396699894	0.0138888888889
4974078677465472373	7621399088450537484	0.00248931884429
4974078677465472373	12197761151602509966	0.00746351792533
4974078677465472373	1068615416230889483	0.0022261172124
4974078677465472373	8885823901548121863	0.00439612467783
4974078677465472373	6766079149711199215	0.0030942110718
4974078677465472373	6124464366350831590	0.0416666666667
4974078677465472373	1068236230471360196	0.00392256409875
4974078677465472373	17254192894647696606	0.00384115677414
4974078677465472373	6825569088757925593	0.0105833439167
4974078677465472373	15953807229222645152	0.00313925713372
4974078677465472373	12214556879066526962	0.00562686420758
4974078677465472373	1434774958104656877	0.00769321818621
4974078677465472373	7611988097816046202	0.002268606277
4974078677465472373	8015557100374455325	0.00250879620712
4974078677465472373	18306752071322658833	0.0117073226448
4974078677465472373	7585417112167303401	0.00311576376606
4974078677465472373	8491598731948741268	0.00598298465515
4974078677465472373	10387768557823236305	0.0047178209756
4974078677465472373	11670642838288762331	0.00794552157705
3318153594409972373	9982128052345821371	0.0115724929355
3318153594409972373	16238033120959475995	0.00215587347505
3318153594409972373	12772632482825051334	0.00591757415926
3318153594409972373	13421638711051431562	0.00404292107927
3318153594409972373	13431567365480898831	0.0345857231933
3318153594409972373	11504294348112074073	0.00436843691698
3318153594409972373	12357916204540333418	0.00807081735369
3318153594409972373	6950042215841991880	0.0232936385607
3318153594409972373	7684728923129463738	0.00215330791962
3318153594409972373	4815257219969571982	0.00499201914894
