12196447153440450594	10946771492602165763	0.0710669054519
8543699105182951032	16830209711954250763	0.00207760616844
3858752289748192077	2935666012341128763	0.0058464538565
4644596550886915604	9219755129355118763	0.00646629818439
18088830121235379250	8807967692585077763	0.004489770487
2597957007258809302	7837899148725863763	0.00859517705216
2597957007258809302	7737195970085609763	0.0045160651217
5454987914511861214	8297788166337412763	0.0490290337845
1116083115810129967	14598790971948168763	0.0056708444675
4841443215685239382	12212466471146022763	0.00413721483193
3452784596988037393	17660682462361762763	0.00355880900328
3255909328712471373	16795889259928800763	0.00402161393209
13330161684798307763	6164952059740813845	0.00800307377061
13330161684798307763	11694612195290065215	0.0114572269488
13330161684798307763	8807215142129857595	0.00250179881458
13330161684798307763	4206808564173335668	0.00227214053533
13330161684798307763	13444285614082719269	0.00336981242832
13330161684798307763	9833523688647471617	0.0130889603871
13330161684798307763	8733110893783540729	0.00214363380396
13330161684798307763	11416135962032180627	0.00359106362497
12492887951351341215	17404033433583880763	0.00359136467403
6102193398592632763	7513842383304917964	0.00739140494986
6102193398592632763	10509869055824004592	0.00213853968694
6102193398592632763	11934181502100874756	0.00278962005424
6102193398592632763	11426954917274673589	0.0382919790534
6102193398592632763	6064376649165672251	0.00468375084067
6102193398592632763	9193317326834455661	0.00578547171424
6102193398592632763	6058614765831550676	0.0642824346533
2554015737688780763	4068239818780115274	0.0122951852261
2554015737688780763	383108923572524956	0.0314970394174
2554015737688780763	18016859570577676405	0.077151674981
2554015737688780763	9080818687092760541	0.0183124385533
2554015737688780763	4072297377533590727	0.00652050663697
2554015737688780763	18020208292238533040	0.031830350704
5920078959717834551	9893406598963106763	0.00225353292867
5764267093458969248	16508649418599289763	0.00237922658395
3076029786371742899	8468388089124714763	0.00305577578684
1377043545702713810	8433371268079341763	0.0117777542223
3704226714223611687	12207855016438965763	0.0120701137396
1294968631619503524	8470664928553486763	0.00222075317268
1951259301354150613	15912728612038067763	0.00305617534285
13755779689798205763	12271157980136868295	0.00250422945883
13755779689798205763	12268744148486392987	0.00638915683484
13755779689798205763	17934500541466780806	0.00280617814796
13755779689798205763	10862679617168579700	0.00730940254033
13755779689798205763	17338203417060510640	0.00231343304841
13755779689798205763	8932703466342460763	0.0022852263254
13755779689798205763	15508692232099857828	0.0020510458103
13755779689798205763	7136356303582560019	0.00773568506402
13755779689798205763	15873765470729156441	0.00551075024907
