12791996059643406238	15760181506666826870	0.00235303888254
5531896985226854602	2451558511297155870	0.0259499648054
12763563457089864300	12213938343633626870	0.037267799625
6026689333566868188	12436723444443440870	0.0219475640653
1710677240561472551	9749968458916471870	0.00422456442762
7281315479310163211	8278331705981561870	0.0043271801309
1984222892450226870	6613008503819251884	0.00290642417922
1984222892450226870	11469566389072576173	0.00484524331267
1984222892450226870	8188554337478768198	0.00903176184815
1984222892450226870	12453218240670792318	0.00358602651671
1984222892450226870	11389781395110575463	0.00225108781964
8191900073090220667	10090719439969060870	0.00343168797601
5278612696041424985	15369478839957871870	0.00624159413695
5293677615825276870	17027935679141293923	0.0151047751476
3231572460769629870	16577662954844056173	0.00618889618873
6311952536404448408	11261142674733340870	0.00435194139889
3693132626226437360	15625396941581447870	0.0277136997737
4163414432899832326	8233208098299284870	0.00669769679018
13190134533004404870	15374417055984021890	0.0120385853086
13190134533004404870	12197737494975609619	0.0105030660299
13190134533004404870	6955618565100398013	0.00648612641934
13190134533004404870	12209251915893061848	0.00400561178751
13190134533004404870	10551485912697019073	0.00381787860862
4236793744875792718	7598665581316159870	0.00375483746937
12791075088494264671	1319089612183704870	0.00210055295933
3321557875633211667	15980680214323105870	0.00890870806375
5304495444611261196	7628046588366410870	0.00590847750912
11857825766442946498	12227843055942428870	0.00218641005588
4571323193880853343	13794074218783671870	0.00446232960501
5648812677538183438	8817363825480513870	0.00296925516431
8398095628595911563	14016637810400215870	0.00202466072882
5469825455439553045	13845902481775581870	0.0949157995752
6924768419519598870	8462069302827887574	0.00400140874386
5915104692027281630	8604206688825035870	0.00231412052409
13665197613736327779	6320462196486537870	0.00555830107367
2840438548813055450	6792507930246739870	0.00274667236217
16503969446886684711	10458522098840517870	0.00647985949743
13726692247077686425	17914416634803534870	0.00341601464965
1211663416485347329	12205978098384577870	0.0529256124025
6487784558946526552	13655828492720342870	0.00275510321699
6098094547686742953	6806889266459241870	0.00486734716937
11672723892384844211	8294547964904038870	0.00418765756358
4042883025728137144	9543312741661512870	0.00289440753178
1241806862407848870	11985859781948930763	0.258198889747
1241806862407848870	18353985563588628469	0.0126693979202
4118422379997623110	10865725471136489870	0.0022442180669
5433871623712849870	7566039538628462541	0.00326765979404
4467059997662973870	5171846053850858484	0.00205441482237
11305345586899736350	10090719439969060870	0.0104370715181
4928347826433321232	10349625347855719870	0.00293135412584
