4460168422584923776	17911605223697158051	0.00249591627791
6893001099834640452	1239126074348945051	0.0174077655956
11640972117851813051	10017898258881750205	0.00338798178409
11640972117851813051	16834015057102944997	0.00662382396166
11640972117851813051	8967304470175836865	0.00206108911992
11640972117851813051	7783794036861238687	0.00204321751815
11640972117851813051	15265961875264777389	0.0030607528566
11640972117851813051	17323502679093804722	0.00398106332796
11640972117851813051	7523599713318431515	0.00223054307309
11640972117851813051	12869174688686234088	0.0123091490979
11640972117851813051	7310568316554488019	0.00425043462916
11640972117851813051	8471582793008552708	0.00641658752924
11640972117851813051	10804402188071337342	0.00228680325002
11640972117851813051	14039758263345838635	0.0032649765138
11640972117851813051	14300772181617512141	0.0027244012356
11640972117851813051	9130461738415673874	0.00375483746937
11640972117851813051	11276397211383073376	0.00495413878148
11640972117851813051	17067591515570387120	0.00302359138744
11640972117851813051	7788642831478574296	0.00206922732428
11640972117851813051	14107701514570225074	0.00226757952598
11640972117851813051	8944295569669338965	0.00358333184028
2464037264030057371	665100322918469051	0.0206196524711
12808915107492045542	9501561604406083051	0.00216625358344
10513593207846441051	6582649359342093482	0.0144473074353
5609944150880504397	10237951437148296051	0.00359598251111
12712814299643617426	598014264575725051	0.0030951891411
4904647065632818053	7176291540962613051	0.0156594458471
6774125450154052891	14135981263426489051	0.00379657725797
11554120749626852900	14249597970188964051	0.0027832379364
5373560627225254553	16442281597343698051	0.00343490534545
6753531652842312113	10473296325419384051	0.00383296527987
17771274420789635656	10848402132627923051	0.0024865238155
4584053393414243051	487131356106349128	0.00692992206411
4755605577221798074	9476161981440731051	0.00294316301225
18114608806452392051	7711819511146974081	0.00422667708722
18114608806452392051	2380205812684509343	0.00352034121364
18114608806452392051	13787072128062701773	0.0103450736075
18114608806452392051	10697679931810777626	0.00406746103803
11676058876358239807	13294142940245915051	0.00235843153252
6671158757934367048	504472721436493051	0.0022465161084
13068162115986954076	17723694728230640051	0.00335442065135
11772536252299575541	12240563527505944051	0.0055598472175
5682163699330523870	15889918160914420051	0.00731174680035
5785619552036881051	8436369151393049100	0.0105940287694
5785619552036881051	16687678007138606971	0.0128970538756
5785619552036881051	8416152508356547249	0.00904431263292
6794470281051345141	15805512845412204051	0.00862485694985
5437824160975862394	8292426087819178051	0.0068834683797
6094813381855374310	6956269776562111051	0.0034057962162
14693889513595406051	6935391132814265973	0.00328354551652
