13447829516797671274	8270467053413740667	0.00543269696637
12409737311065863667	16933481910623401245	0.0107266750642
12409737311065863667	14596319956970315342	0.00682216492638
12409737311065863667	14602347247840327201	0.00533578123984
1604944711127381402	795379016181335667	0.00330649433138
4831452513739382397	9737093199800027667	0.00730355174091
12124836376479919611	8227265680388072667	0.00218203343831
2365247837747762972	10767044010311133667	0.00853579199553
5348122505774977073	17606482928166982667	0.00308906926834
3379279706687018050	10593088598647245667	0.00214086139216
2286698059564403466	8270467053413740667	0.00221788924913
6664154860859913685	12194980705784380667	0.00454310850424
13177531147085441322	6515424970928869667	0.00927597489242
1910046161049087667	9180692860433556754	0.00509508253585
6427383908700136667	14324883402228295014	0.00425558886434
6427383908700136667	3261983904254384352	0.22360679775
992741893575750908	7489543326817877667	0.0175790638484
1703038474168199371	12209756303918686667	0.029310519088
5713508105238544350	2403915604252224667	0.00819094500084
13461473643836745937	12334030012654990667	0.00556863313737
15687364441677439529	7106481751443395667	0.00209579598389
8904305826099259667	11750270418227909248	0.00637252987877
8904305826099259667	8339343087416304016	0.00532057922978
8904305826099259667	15426450259014670163	0.00514719101141
1281862530644261944	12883207356199919667	0.0382359556451
6613529510287556256	7668146493239289667	0.00620281038572
7728365211356878316	10348359713428108667	0.00379147089754
13827186088454048183	7894231629838880667	0.00216594360286
4452883345277195160	15137545255203115667	0.00447630085237
9582138448456029570	6371797388963431667	0.0131990919337
11163823248251233542	11039667436737063667	0.00524372962651
11150587251278158177	3270288309510145667	0.0101902973419
11726965987530783178	6119414476961854667	0.00695821611979
2649876130242746477	11895868158391078667	0.0576390417704
3111816829284122667	12614285019773742708	0.00275057630611
3111816829284122667	16686989519578927175	0.00549152214238
3111816829284122667	6200022044783345128	0.00618463369994
3111816829284122667	7666877437467983288	0.0397778642088
3111816829284122667	8691075152136589286	0.00552427172802
3111816829284122667	16684449170896404786	0.00323260847701
3111816829284122667	7341865810429236378	0.00276146176129
1404339506087291504	16831666268389847667	0.00213622551884
3390354796428808181	8930820127589084667	0.0036299852661
13421982171184552577	14480855408304272667	0.00217937864312
11830641359210336168	7106481751443395667	0.00784175052429
4580595898870148160	4451651215806437667	0.0101534616513
3147028900454529619	1697508512204098667	0.00643676051904
3896659511482951461	13011935467829971667	0.0207212168519
11128516673254828772	11050663272172322667	0.00390255974792
4700703435775411935	5896361519255984667	0.0028450912599
