422039163219406711	12429758429055988058	0.00228654617988
10888359061395354325	14505480121462127058	0.00247339940916
5805788432068400915	10354282990261514058	0.00369157032563
15944084917811999346	1979601898989720058	0.00344308036218
5782198371716921159	693707846527468058	0.00297433367796
6251412661591056006	14175314917961820058	0.00209368192373
14091053705885846368	8245119533162471058	0.00210776359621
10660018147938659823	5913294198542755058	0.00205038606253
13614280905581895028	17973359689413248058	0.00249656957364
12680084449405624679	11465616525742291058	0.00353962897076
10432982697962262256	6660915472273663058	0.0183001689113
13641098835555391539	8821103972670468058	0.0435194139889
5805648212832145249	12710755946637138058	0.00203241957321
5454057132707647058	8937892529538169964	0.00550632075431
5454057132707647058	11991148565310099307	0.0148282456465
5454057132707647058	18317676567127288987	0.00453609211627
13984432498948620124	16827394562724566058	0.00748481188565
5790608803172942957	12434134030070671058	0.00219269775798
5949209102381024873	12498616618581741058	0.00212906720961
14890008208569947760	10608264822750270058	0.00379906964578
12992941174544172323	14587119860399922058	0.0274204248554
12243707851894360429	16055928715453885058	0.0314970394174
6250402674393494262	18163136023123759058	0.00203423540483
12948038470506220014	480228135915667058	0.00361609854437
12183047122027589557	9990572602307962058	0.0273179182354
11720694390582096295	8970193264599471058	0.00294244943168
3802647598816540162	10354282990261514058	0.00341773000719
883752261815423631	13665353225174672058	0.00420182903408
7873891258035138058	10970205317144185688	0.0111111111111
8696565593125252584	7189065252301304058	0.00376014256324
14528717637731961219	11281930245561320058	0.0125491161028
3834894785190208058	12208278474356077902	0.213200716356
5200122232872140692	15774040523672556058	0.00632771997168
2902233883661329653	8402425192462786058	0.00222283701773
11735326244598956340	14866590144286824058	0.00444023643645
13481319090098575247	13435430302044574058	0.00294251312313
7292207555012898423	15974252652424703058	0.00397615099889
3046331147958614287	13646138576675717058	0.00418018705251
6056975204731282242	6563839653234681058	0.00266362831179
3770051296722493869	10752015234986073058	0.0121887790557
10736229696973351500	9241330857728625058	0.00284855202174
5274476573726200711	17534786733175455058	0.00353295137913
2147700080908373237	15566640852418836058	0.00713267487518
1476094351493990124	17473796687331942058	0.00314982893744
11512827211414069924	6886097145049111058	0.0148872833544
6952377720556531236	16210713070367834058	0.00249451808371
5787196507048628059	8590499936379094058	0.0064161912846
746180211654019738	6670623940745545058	0.00279776380174
3665467349041025867	82551733605151058	0.0038482322251
5922257001405824058	17197050321541786273	0.00679784678315
