14745187421099467689	16275876773569887192	0.00763358778626
11420230002093212689	8782083299868027336	0.00533714897975
6734594953227795689	17380568535490345852	0.00290979357682
6734594953227795689	15793982447454937833	0.0145064713296
6734594953227795689	11381145209141270747	0.00469623329994
6734594953227795689	13739557542170352588	0.0054109417062
6734594953227795689	11255118714867087347	0.00219474054864
6734594953227795689	12844969213235210640	0.00377716340916
6734594953227795689	8423686216079637284	0.010653379535
6734594953227795689	13237721338784948189	0.00236626911952
6734594953227795689	14213066453863742136	0.0116833272872
6734594953227795689	13223150777968691525	0.00249857933689
6734594953227795689	13240171372793877201	0.00302480836934
6734594953227795689	919178230922808590	0.00334455642764
6734594953227795689	14034588958880837755	0.0138052561094
6734594953227795689	13586020438368942978	0.00789632282799
6734594953227795689	5773004220843352336	0.002331002331
6734594953227795689	11383648771373113785	0.00664147682484
6734594953227795689	12457665172669997268	0.00323700884241
6734594953227795689	5764474609057054406	0.00244116734262
6734594953227795689	7580923036014380099	0.0020653399879
6734594953227795689	13771811095585037503	0.00217257869318
6734594953227795689	9961256109557791229	0.0139373668335
6734594953227795689	11902682203831869529	0.00888336318148
6734594953227795689	6735434252321903503	0.00238283751345
6734594953227795689	13504893665334725911	0.0021378944796
6734594953227795689	10538054381610313863	0.023688968484
6734594953227795689	9231891203755070549	0.00690262805469
6734594953227795689	12446979366864802088	0.00315463691883
6734594953227795689	11964113119113292923	0.00488666107926
6734594953227795689	16323264950394364004	0.00557494673338
6734594953227795689	13242307815921806928	0.00560957406466
6734594953227795689	11482672979234597431	0.00212069165167
6734594953227795689	11367469444724038990	0.00703667218201
3278519431467943534	8365167708430303689	0.00757575757576
15825469405623884156	7816145169618278689	0.00248248272327
5827429991399550411	13436198070382873689	0.00337633660804
958141426701961177	17639834602550396689	0.00414884188796
11032519798862324155	6596718366837849689	0.00321067409914
2008497094501197689	7576770705134750668	0.00421775761536
2283646049477780826	12212765203484423689	0.00254831869615
6066731098965437027	15765171927297350689	0.00298460925293
6387851303568741689	11131314569667641195	0.00267297520466
6387851303568741689	7527124227408403606	0.00754207009964
3461164022324575634	7259041405572120689	0.00359134151372
13743213203531190600	9781073870028882689	0.0270963907302
12574177779120864779	4225205798689808689	0.00528752789509
3422741082455280847	17319865039611657689	0.00515820383825
8932562515418198841	18395008447697143689	0.00246514879952
16242577638151168689	15567373277326202741	0.00377651691135
