10643067955877364378	11608555794997506812	0.00571736692183
10643067955877364378	5852875279353803902	0.0115593419315
10382931351215155189	8510256525273379378	0.00291784620125
9163653418600370813	10181520149097279378	0.00230021853114
14136786985930079235	12284301443297750378	0.044280744277
9775277875758103378	11759536067079242506	0.00376466961664
9775277875758103378	7604312975103177154	0.00369514735627
3271635229524233574	10494490208131289378	0.00354674604531
6327592367646418820	13422069088249315378	0.00253311529215
5451913260551299171	12297421493798875378	0.00453352757396
6330660468566294629	10388060615855806378	0.0215265424455
12971612438387159532	17203579384429209378	0.0165976532577
6979097485459660378	9049757754684011942	0.06415002991
3387263455222254378	16109853621585495849	0.00257956524472
3387263455222254378	17235452020875832291	0.0105181608206
6488654963565421957	8722107988703562378	0.0072048802213
4095306517955902953	17007186382869014378	0.00959456104172
4823302736593693876	7599635155387198378	0.00605726964083
4113400695595716086	16422422396796930378	0.00275982070138
2301042992037619076	7779632440061689378	0.00904653291346
2233922992389125070	13434676810075628378	0.0181220094073
3402471434883777738	6670975716118792378	0.00241343212003
3455822977678783378	11050060645761423021	0.0115278083541
3455822977678783378	11190952579314969707	0.00706136510089
3455822977678783378	11052692670454257875	0.0141847539091
3455822977678783378	12558063503929887653	0.0263981838674
3455822977678783378	6942719395539955110	0.00861460984508
3455822977678783378	12867286401757040965	0.00488561120041
3455822977678783378	5930204017717753773	0.00260294011959
3455822977678783378	9905368332141273951	0.00532661420037
3455822977678783378	8244923111775571738	0.00336383965968
3455822977678783378	10745225528772169264	0.010156079535
3455822977678783378	15416351151305548196	0.0188982236505
3455822977678783378	13976120111588682420	0.0331496772066
3455822977678783378	18048465592916257323	0.0091804956408
3455822977678783378	2756767056674589895	0.00350327709685
3455822977678783378	11052722357268323162	0.00997757565385
3455822977678783378	10266883823885455348	0.0241472644208
3455822977678783378	10746637215214380934	0.00300930561889
3455822977678783378	14210983680213543149	0.00939060283032
3455822977678783378	8522100515687171251	0.00233574103636
3455822977678783378	16729034459901204211	0.0236690534166
3455822977678783378	10047517109369504920	0.0023438107991
3455822977678783378	10250669023908009733	0.0123607600123
3455822977678783378	3440138188975612989	0.00613947697568
3455822977678783378	13334616779061182262	0.00872871560944
3455822977678783378	15976930758342085304	0.00256697323862
3455822977678783378	11197619730062854328	0.00669724615626
3455822977678783378	3542823717912960010	0.0225876975726
3455822977678783378	14214598268880811329	0.00820886379129
