3420748960606782472	7247870449036060991	0.0140358653511
2165095977803172056	11042934414117565991	0.00223433703678
12569850818319069335	16641718759983683991	0.00978841014039
2530214966431086123	17055945349859401991	0.00226487349605
6335870513465060251	10960107792385855991	0.0289885517826
11130664084033701175	13811694117183784991	0.0077461216164
6367939354182369991	9597575995938284040	0.0108382379931
345681740467703026	11400072318195408991	0.0104127129365
12747386642321465763	8254823476393523991	0.00967641249645
6420495376698207324	7646044659237119991	0.003663003663
3460909206270104804	6953766497937968991	0.0111999569922
13258512383710164467	11000164254857789991	0.00871842563633
5975157478508712527	6396889322475272991	0.00260554529021
5959317390222008186	6937242942371683991	0.00380420681146
12307804947910535500	11810281021740685991	0.00714249273926
10373821609466409060	9956793368330777991	0.0188377706742
7547324532266599901	12922102609215905991	0.013580640201
4160820298471406020	11013922555632095991	0.00440695437281
11174254874678914190	8291633494634111991	0.00217498229572
1854122882129795173	13263882036711645991	0.0117435945151
1264042242060411184	12702645952162145991	0.00255264889247
10769399857983621521	491082072405914991	0.00597550284852
14111022409321807960	15034821714429031991	0.0112537284152
7414652434245754528	8641897762830923991	0.00346140968516
4064229807916011729	13921722889807393991	0.00223617978928
1550971544000023562	17331152569480140991	0.00297350516725
6424178412377479730	8996179687056332991	0.00432754478603
7599242533709242991	8845439475004827469	0.00898388836762
7599242533709242991	10718379379194422248	0.00280346408191
7599242533709242991	11493322338040883980	0.144337567297
7599242533709242991	11044674155437775408	0.00293211007761
7599242533709242991	10705216167476170452	0.00292180412357
7599242533709242991	11050350272712024826	0.00519398179188
2927131415116379991	10276141083401573192	0.00273138418468
2927131415116379991	13437130264173617110	0.00354931425
2927131415116379991	6943921453307860530	0.0136845137876
2927131415116379991	10285526643539661505	0.00306195786616
2927131415116379991	6812193181831033910	0.00359954504626
2927131415116379991	9220187961593885642	0.00948304052264
2927131415116379991	6814707013359882133	0.00402519608214
2927131415116379991	5786866871028894084	0.00286534127531
2927131415116379991	11988323325985733155	0.0415227399269
2927131415116379991	16690329801502767061	0.00277992360875
4774547938198780991	12884823079972637177	0.0070675349274
4774547938198780991	6805163661330017808	0.0074216739915
4774547938198780991	1979941987401044204	0.00289139334904
4774547938198780991	12881425176741798960	0.00474605721924
4774547938198780991	8247422859607068459	0.00645295600991
11059546932870825107	16699288424679456991	0.00550832523954
5361509404127997028	6007976520869549991	0.00268120605037
