9868521208148710025	8279218728400253130	0.00531741907044
13268925042456458633	12196118635943764130	0.00472846273018
12514101006731063602	10000922103797677130	0.00425435629812
3795876884760960485	11887752254147236130	0.006773320685
6420850267752417978	6921668531574984130	0.0113812863401
12995706421744967130	1991994757410887362	0.0310086836473
12669111899277458234	12882393133518777130	0.0344214195411
18395304723458192822	9290365197659936130	0.004223358615
1581478405848090223	2352791892304959130	0.0211714310688
7015438072380505297	7387494131072853130	0.00262174767058
4491048017148388976	13777041405589670130	0.0566138517072
12353108133420250130	16973197982596144406	0.00380156694868
12538689006790963511	6396800262033077130	0.00464940293876
9931877189578713016	7296319237978814130	0.00653720450461
7783578634168080130	16384719340982515110	0.00311830769211
7783578634168080130	8882460664569884943	0.00311309028207
7783578634168080130	412390998642288837	0.0223049868373
7783578634168080130	15648102174696871236	0.0136653343615
7783578634168080130	1315092513692852615	0.00269264130574
7783578634168080130	459517465640359374	0.00708258638119
7783578634168080130	1030087794243178552	0.00585908444897
7783578634168080130	14600853501166370121	0.00418468653975
7783578634168080130	17398854410000433752	0.0143003138953
7783578634168080130	5156219922739313777	0.00867436134655
994034416525375725	14056815434173950130	0.00711208052741
4099776417205926656	10731979260049355130	0.00530289487155
1014905109455787763	13491380392510799130	0.00279629769205
6747577123190781015	9108040543219662130	0.0316069770621
12277128186831310693	1657144614152849130	0.0113990188147
6221207890876429628	12872762356527939130	0.00825291534146
2465533906031502103	8611796991257018130	0.00238943339513
13766078969072293980	6834763360115966130	0.00888581777889
14337115916528654318	11916550486238471130	0.0146207580826
4867626211130421130	6097029795720359686	0.0114131159566
4867626211130421130	6096095983983518700	0.00280131827441
4867626211130421130	17131896879254617643	0.00208126123352
4867626211130421130	12841946691943080738	0.00291068091192
4867626211130421130	12848652596357001831	0.00270155838416
4867626211130421130	1840791481619587653	0.0282729643227
4867626211130421130	7882978472633095065	0.00452980508328
5063644439812148209	6846109616272107130	0.00444906068
14393695643263892704	10481276236484220130	0.00240981346356
10206670158955347833	9340741394447131130	0.00551636512741
5687148675622245690	7644536056527948130	0.00293751955293
6507433203325533046	2352791892304959130	0.0211714310688
13838133071714836246	6834763360115966130	0.00375494335129
3499017020888883448	6401224877286110130	0.00849166951256
6912555600270158130	6051700362359392894	0.0272266385059
134020515774189736	8095772481444948130	0.00689147308025
928451559147597130	9556345220153069988	0.01614794702
