10829199448966086101	1402013214313708783	0.0133535272659
280898957663573592	14362474434247991783	0.0527046276695
2731182314565034692	7709016012027753783	0.00589255650989
13303285863126154166	17807354330092872783	0.0204465205027
2476144214086473783	6723694049056389457	0.00296334346606
2476144214086473783	12460570478375756369	0.00872672115823
2476144214086473783	5255450395810625129	0.333333333333
12843460356981548656	383982239976045783	0.00356063585531
1677774673932443171	8129665107154920783	0.00654391966252
1772124620828314783	6957101999549767659	0.00260974765665
1772124620828314783	5178483749890083124	0.00603176244473
1772124620828314783	555500853386400097	0.00284277959376
1772124620828314783	568810532018806148	0.00408544592742
1772124620828314783	10460696063748295567	0.00243160060851
289173627908774299	15560332859048822783	0.00529434114991
12293604754950251685	8598947073368696783	0.00662222612688
5333544322919172122	13438843598471875783	0.00369111764068
11899894848976363783	16893976804226900160	0.00942557726359
11899894848976363783	4220379130463540914	0.058321184352
11899894848976363783	13428847732074302592	0.0170054255963
3708175441414776879	60477032337997783	0.00207441201734
847118759662304327	5325640963430601783	0.00249191439604
847118759662304327	13765354067445201783	0.00315014149178
10417823836803758109	5000878788777934783	0.0259237923683
4789543488046687392	13574173699341994783	0.0170399544148
16864980765151370867	7619304343761155783	0.0179605302027
3076953045676901783	7098638441015946016	0.00454620604658
3076953045676901783	11955405048882984662	0.00719554819627
3076953045676901783	17422711502315754153	0.00299624207282
3076953045676901783	7023493510092275878	0.00617142873264
3076953045676901783	17430576334870046253	0.00357590124516
13617843558928900831	11388656174134504783	0.00362504480356
12134028630443977378	6690071798831245783	0.00223958689344
3333522877223154073	7441685751922760783	0.00525719051111
1284167511170983073	10371655130374616783	0.0174607573942
4640860067503103861	6690071798831245783	0.00223958689344
11971963351314169413	9490985198924064783	0.00429188502187
13589119362012136783	13230495824973101458	0.00807792391722
11974651596331085628	6844865116477177783	0.00678844233302
11851741865400536391	7709016012027753783	0.0154303349962
6382395436422750616	13939815817028587783	0.0146176336551
12144047952758928943	6436703132536335783	0.0149403576167
4333565722329827230	757728018193288783	0.00713104249734
4439439870985155207	185157406315031783	0.129099444874
12183206189542599783	7344775715237105039	0.00518030421297
12183206189542599783	16694316669355689232	0.0171071439809
12183206189542599783	18028287675699078919	0.00335306267788
12183206189542599783	11422667702369167266	0.00237631608239
12183206189542599783	10679958639007055481	0.0294117647059
12183206189542599783	11042565152460532007	0.00294377506612
