2791036055288515536	12799242107724447697	0.00308850935805
8172969230721102361	8280269200031724697	0.00802081697144
8974077105328015318	9425704340232545697	0.0100220728672
5684991074808760697	16267833359873444374	0.0100855863478
5684991074808760697	16616793053623006547	0.00234195890908
5684991074808760697	16503763456281820594	0.0357370844946
5684991074808760697	14357126911373410783	0.00730608536179
5684991074808760697	11328632681223766688	0.00249937523428
5684991074808760697	1791541941092414149	0.00222857584207
5684991074808760697	14374419098285734876	0.00484166419557
5684991074808760697	13655364653413269956	0.0098006251038
5684991074808760697	11767699477145030846	0.00788232812143
5684991074808760697	12456364398764798920	0.00876350483383
12019124384929093382	14063957821586545697	0.00661165153368
12787181470061258048	13485959104313251697	0.004562406534
6295361591221117697	9849427345617577673	0.00332639211197
6295361591221117697	14348630878706389853	0.00224864496725
6295361591221117697	16692173746917560933	0.00308759647346
6295361591221117697	17518034228610790915	0.0036780617896
6295361591221117697	7802846599080559117	0.00776688779743
6295361591221117697	9028671592234998116	0.00329348535856
6295361591221117697	16402977813568932468	0.00484172094502
6295361591221117697	4701277031702293993	0.0509647191438
1081529609076515274	9924630647142000697	0.0115493154779
6911911320606165697	12196039007198902163	0.0207613699634
6911911320606165697	9601524712141209383	0.0170251306152
6911911320606165697	10782451888910332455	0.00864513826064
6911911320606165697	9745072020755762636	0.0217186121382
6911911320606165697	10213027427789092044	0.0250784931288
6911911320606165697	16839306397674631487	0.0279508497187
6911911320606165697	14354459613942691415	0.0180775381516
6911911320606165697	13508404081915097280	0.0766964988847
6911911320606165697	1962643297378217547	0.017931631503
6911911320606165697	16735923641182851322	0.0461265604014
3069568484637627825	4032133202881167697	0.00285365072768
1443227001997313878	6393045610233356697	0.00465015691638
4418823562451388697	8006205494517958613	0.00461899923502
4418823562451388697	8317243532562974723	0.00241410012417
6350103459410260697	12777159159337120395	0.0521995750972
5757850342706052144	5776773268454693697	0.0082501062208
3035800708924882358	16010121678460235697	0.00416920080537
940412378745458127	17363277430926922697	0.00334113843963
10360518558395073697	2387064162561669749	0.015801515438
6417765213159679949	8462551623549194697	0.00377031129673
3531467169258807917	15838406002598356697	0.0186500961648
2168810197744081081	6058555907612226697	0.00388796140872
9300408226281062863	17325658849601980697	0.013870172503
9300408226281062863	11359599591551323697	0.0215816168388
5769281636070484439	14098100919031943697	0.00392973573514
13164498660676306931	8947630440017038697	0.0048025887167
