4924338775469161559	15375014374333470055	0.00286632983538
5925671939085347865	480528347486484055	0.00438693550592
14593801270549841055	13697197933532976365	0.00400064015364
14593801270549841055	12137090992683205021	0.00250219037529
14593801270549841055	15924321978707623324	0.0047500712516
14593801270549841055	9969550764527479362	0.00239374231947
14593801270549841055	9959901411778552113	0.00222585249782
14593801270549841055	14950753645251488368	0.00240035335802
14593801270549841055	1312101739051886316	0.00458928094354
14593801270549841055	8247285313291101147	0.0182574185835
14593801270549841055	12208788553244595086	0.00586009038673
14593801270549841055	10280270733160813763	0.00276797056489
14593801270549841055	6806852218143047658	0.00361598033838
14593801270549841055	17694341688008824962	0.00698089847153
14593801270549841055	6834343007756255132	0.00407434235236
14593801270549841055	10279356475867467684	0.00282707045645
14593801270549841055	17252219541798670327	0.00263743015848
14593801270549841055	1315175814616414716	0.004079763968
14593801270549841055	12229934969508862107	0.00309908094887
14593801270549841055	9969052101579441624	0.0023458413426
14593801270549841055	15921581463079457184	0.00477382715507
14593801270549841055	17539622010804639654	0.00944911182523
14593801270549841055	7512320636053405622	0.00498011920556
14593801270549841055	4700610920916290877	0.00329475431439
3963184296094034069	7175577614283460055	0.00236038198226
10927368457994768555	17531160589352285055	0.00829425804794
5393756456848074434	17650997626359318055	0.00317124912911
1977542032331652456	7970296174837765055	0.00533077517506
6716879028181442201	6781794885783566055	0.00223372379756
5936614334963340987	5672395637295876055	0.00404255767509
11448295257308394055	10712166335175726139	0.0023878388539
6102873465854627844	11044115463859192055	0.00289187692029
777353398380637055	13474107661178410537	0.00914396194949
777353398380637055	9406308813298707460	0.0034833269008
777353398380637055	8457999266053948243	0.00959411945567
777353398380637055	14477177022515043837	0.0071304986204
3795118617352161335	4708936113663301055	0.0076391541419
12895668662752667638	17650997626359318055	0.00307054876593
3425973594942154091	13439786210684875055	0.00221501464185
11408293972911176055	7864968674067677985	0.00272431024344
11408293972911176055	15738027584637697056	0.00203446272616
11408293972911176055	6410808457575808890	0.0100422664659
11408293972911176055	8948306409003766344	0.00210418161837
11408293972911176055	8341177379054764568	0.00833188695073
11408293972911176055	14657971183594871245	0.00540975392401
11408293972911176055	6827221989709111684	0.00335245966328
11408293972911176055	14620855761484751296	0.00677674147572
11408293972911176055	4583521948153021090	0.0368354734342
11408293972911176055	11038997750126666474	0.0122169444356
11408293972911176055	7849931250444916991	0.010216322171
