5620577377640135665	9345962895388214056	0.00587422814042
9238535908592147568	1376371264063870056	0.0425243255563
7455018027567112564	16872271387171750056	0.0026926803516
15234374743333351056	2252814906456896072	0.0198889321044
5716369017909062532	15911569649463595056	0.00633127002725
5897671114910175430	6936261778414752056	0.00237105333209
1744128004886565847	1989516251229561056	0.00313078384008
2129463554162468458	14094809055588493056	0.00628595238671
6194166914662373500	8180041147633066056	0.00849411985729
12596054954479787398	15869685576047765056	0.0364662478745
12407987347597077203	8276211993464801056	0.00630817533085
6297782351783007684	8140951911159474056	0.0659380473396
13060551286637021108	7688642128121103056	0.00431507746097
4874445263298229614	14032823342306597056	0.00313681594728
9419961875201774908	6608216832234353056	0.00443748141809
12954051605275076056	5675647786500138198	0.00347923440216
12954051605275076056	13287361834194827983	0.00949585833501
12954051605275076056	533816550713411944	0.00782540651597
12954051605275076056	1322523464334911719	0.00918630424349
12954051605275076056	9268591646567604119	0.00254271073883
12954051605275076056	17400102922655353917	0.002241791854
7332888467725018950	8340843305480978056	0.00301545613072
1304310890221281471	179754600607003056	0.00833044132098
13735080425432146271	5694353391497717056	0.00813411467969
1806083501023782556	15977777103321557056	0.0052409922515
12636402664939215056	11713344393498266570	0.0433554984762
12636402664939215056	11701505075656009220	0.00679596276627
12636402664939215056	11393270906727259101	0.00531463978087
6150023309469239261	7448715595907062056	0.00232856800843
5851586999731816803	7911041268426606056	0.00425570447235
11545924869050396553	11898540523652306056	0.00473832552524
4717425444097722819	11707172599656980056	0.0072440948475
2186936111846889002	6939629638727051056	0.00737670969297
6430432712640005056	12057067296171045719	0.166666666667
6430432712640005056	9529353259415639013	0.0575435337648
4151863474927577736	6587791840119528056	0.00361062596584
795363909642458671	11264828618772195056	0.00268942586147
971577574340290954	3650709076804409056	0.00230742676409
2218618413722123718	14702478784691413056	0.00485208269401
1403994975712449321	9336656152492585056	0.00323001055408
4935095957314235056	15928297254308969140	0.0659380473396
12375270487810119359	12894309799601619056	0.0114950122468
7834797616044964202	12110649930793976056	0.00262682621746
10979724377153922178	8588103482285616056	0.002729674092
3783087735620904307	11377913146646861056	0.00681693192717
7186792272996970060	5694353391497717056	0.00813411467969
6864667657826426660	18397239264119328056	0.00256976872223
4593329986387467905	6404086115757945056	0.00471598440019
14422764338290135199	799177154598037056	0.00330454398064
1600683876206049003	1989516251229561056	0.00450596759979
