13118168575941191866	7915613613047106849	0.029061909686
4643686576526836804	8429514048773555849	0.00522337445805
12134105026563672849	11824580394328481627	0.00380544614174
12134105026563672849	3217443397962445706	0.0175035010504
12134105026563672849	8467757395927329928	0.00258661445115
12134105026563672849	553285654047732793	0.00544508552336
12134105026563672849	15070160234215850470	0.0031962424049
12134105026563672849	16002087873349662404	0.00507046196447
12134105026563672849	11771511660326894588	0.0112352458723
12134105026563672849	6705085696801414876	0.0127473894426
12134105026563672849	14435192801339914642	0.00863997390041
12134105026563672849	667195699216066069	0.00226106659862
12134105026563672849	6433451876503956190	0.00364725535152
12134105026563672849	10720183793628851204	0.00264880449349
12134105026563672849	7634765662693005633	0.00713340073636
12134105026563672849	67114551443555072	0.0163517485042
12134105026563672849	97785093126879196	0.00724067593996
12134105026563672849	9426104410641519425	0.00362843173812
12134105026563672849	17044338335428113945	0.00282668642188
12134105026563672849	15590199129508151834	0.00398833918936
12134105026563672849	1300499224090149463	0.00646819164356
12134105026563672849	10062572523341630272	0.00429957423424
12134105026563672849	7943166239273319174	0.00767733106204
12130173496402898789	9237885973171629849	0.00253758071538
14788595527004536318	8509045518567353849	0.0170251306152
2624241580143903958	14090502262890040849	0.00723669332609
11896203456844548557	6398110854144447849	0.00374460930242
5554674498036264791	6341284922564709849	0.014580296088
562065190788133523	12673508577473413849	0.01327329683
12285156587825735644	13416701285275459849	0.00282222504445
5935044614295770996	12839848041666835849	0.0100473339671
13254800862152982849	14349725498389171074	0.0031536484692
13254800862152982849	17210505551977310039	0.00224728180087
13254800862152982849	14036430547874032936	0.00509276942793
13254800862152982849	15378305251243350726	0.0067375594229
13254800862152982849	8102935145868085658	0.00304909226028
13254800862152982849	6486246289115350318	0.00334770350566
13254800862152982849	9410184991832689375	0.0072618366825
13254800862152982849	11870324894146496512	0.00586997607461
13254800862152982849	9508271510035257697	0.00219018773046
13254800862152982849	15927432522758309562	0.0240981346356
12766144028759367356	14901018627530822849	0.00462171166654
10330283728774903226	7352438745787572849	0.00685430100961
1952394633277923395	14090502262890040849	0.0128777901548
3062450177887352334	9271383670453090849	0.00610961217718
1342576802172325246	13840465523014162849	0.0286534127531
5994139777304230466	13704146108309246849	0.00735174883985
843569433220909849	6989310969466686133	0.0174714139454
3819949193719060461	10049664338689460849	0.00801798043687
7037822896352913477	11411832465574861849	0.0059684742209
