4393717502284379451	15600542596354791349	0.0117121394821
14159870099186923304	12433288703214770349	0.00538725546792
6458615734906970321	18353279701890152349	0.0032805757732
10237224247375776996	9588059810940805349	0.0143267063765
7231230704486843931	12867536974776866349	0.00929278138329
12470332652969088230	10514064763981693349	0.00239702722849
15791360919244356774	17427489915405896349	0.00218779101265
2268101135355533349	13938396541302609421	0.005884796963
2268101135355533349	1497393896979601532	0.00797072151846
9835227728429023822	8111147217939488349	0.00529167195834
6263234953649099275	17518803167251796349	0.00688493653977
2319557000573700791	9421364903542467349	0.019641855033
11765305462176152113	18344031757603865349	0.00502037385506
7919065820946554349	14748925799143042012	0.00371257559577
7919065820946554349	14365467785671470273	0.0373717546376
7919065820946554349	1645198443805877414	0.0396525792859
5851541602775359349	12876905221567307331	0.0042604525284
5851541602775359349	12206152224986971855	0.00600040804162
5851541602775359349	13427698484607064034	0.00254218483528
5851541602775359349	6915900631126844465	0.0074810408827
5851541602775359349	6936282407087088612	0.00363436978532
12835764807863727386	11416456858432162349	0.00654055949816
18067863362263853587	7329256499957690349	0.0439374775164
4394418924220411387	6963856780606705349	0.0037760591762
5589584086197979056	12275882644862495349	0.00298463583986
6098684441026033849	8138190797278684349	0.0254906370967
2899127677118574534	13935504058142471349	0.00249787770554
16367639607989631349	13440228519219984977	0.00374193430016
16367639607989631349	13424684568699548375	0.00256856469819
16367639607989631349	13424485569815635918	0.00337176570981
16367639607989631349	12204954053632191269	0.00675829964189
7283435656292336443	6228916390844645349	0.00431230818235
10914086497100840461	10547489845017171349	0.00389627476027
11141982559246561327	12197505936170095349	0.0361550763031
411486054423554255	7671261769668651349	0.00287693854093
6688243829339139007	130655332895731349	0.00788012522564
11924870951678055349	6416620586980596073	0.00281109672354
10678329312191668020	9801951729226383349	0.00362711877119
13893271974544948971	6590496348006732349	0.00905357460425
3929214057876080379	8679885489755982349	0.003592476896
1487420097005129598	4392024939265943349	0.00211184882272
3607992906203757873	8952793712630456349	0.006284462648
4767669969069225410	9885821559118132349	0.0180804927218
3279733274016056756	10332498628825778349	0.0027201545614
6688468273731286583	12455710194650698349	0.0727392967453
6897277053028010351	11073588387262750349	0.00374608037272
7159126349199063349	14723603277719713610	0.0928476690885
7159126349199063349	10285288101039122929	0.00295671705659
7159126349199063349	9129446215334213516	0.0256157759789
7159126349199063349	15210294905603966492	0.0179258684846
