10638225651587609631	10220744727957916949	0.00293098895868
9311539810834226324	10425182032342112949	0.00301035537115
1562508399886271949	12205017537572913108	0.00377832254854
1562508399886271949	6949587808242677880	0.00618451542316
1562508399886271949	12207255743881887952	0.0112587200891
1562508399886271949	12217802272364002441	0.00824786098842
6674195691390055261	4306850760246536949	0.00523280577682
5629141998730832837	15047744580058768949	0.0199204768222
3555021092436798949	1858489716457856970	0.1490711985
11230142153460126949	15905837608103329841	0.00414321169857
6305340673991634529	11701032797760094949	0.010277106933
11509187548665734770	6265779038364780949	0.00264701291337
11652553422408753996	6131927271528130949	0.00890235151063
10154562480869009358	15208638827218757949	0.00599652302468
11654194134407662399	13481428647142173949	0.00201158793781
2537721838947546503	8289520572541706949	0.00427631671492
4861279725244974537	1652013745213610949	0.0321080649534
12148636778823869638	987257968950151949	0.00277842100524
12198284148737722072	11948173444787542949	0.00298828497989
11250344700028491800	9194652127821229949	0.0218217890236
13374020121267044603	11684754969538994949	0.00403025994302
13000581068890243909	7497338065847376949	0.0064528216615
11189732803695024839	6481572994234315949	0.0165566544633
10977590954376796073	8275623325301945949	0.00733117339909
4467140395695834949	2646373769304237499	0.0395284707521
13100194691942796949	6411425003747667672	0.00239405099251
13100194691942796949	5379277659211685892	0.00204599967196
13100194691942796949	6384488936699645508	0.00231732442312
6233595867908348117	7634802655246129949	0.00334356543963
5501137494277136625	15925041716396110949	0.00256513996064
2174332180446819949	16618624630930903409	0.00717108481835
2174332180446819949	16747879592258010577	0.00352300547558
2174332180446819949	14022927693149851207	0.0204980015423
2174332180446819949	9271509079548824863	0.0081476027576
2174332180446819949	8919278644918492665	0.00271362677065
2174332180446819949	10858504286239680729	0.00221376593563
2174332180446819949	8006168364027867493	0.00490573442674
2174332180446819949	5519284361330087088	0.00322940415014
2174332180446819949	13230026762150587561	0.00371662473821
2174332180446819949	8279332935642377675	0.00741534577136
2174332180446819949	7222548166027178471	0.00446990156268
2174332180446819949	15404676429648892952	0.015154994659
12669822952970189123	11897880418204432949	0.00786524301174
51080346143045365	11208903074686206949	0.00424361683126
7902943491134466049	7912495983441032949	0.00203879636286
7771188156030760044	17373295171563858949	0.00396444766832
13661291414309915949	6770759582169524432	0.353553390593
55233099448467040	8089019898326079949	0.00963142660662
11989130563496287636	7350352876238176949	0.0058222250974
5993928620512664866	6952529143597765949	0.00270622367703
