13908982857637176704	6821197224305450108	0.00298759141329
5621607891296789108	7612815979716859083	0.00280416942245
5621607891296789108	18366410623786576977	0.0020756360412
5621607891296789108	13427820813947413476	0.00284767410112
11832881078851214996	3562716269867722108	0.0107285268856
5859628828194353342	12084788659411843108	0.0140193038523
6310806656438410387	8379300172788455108	0.00230337717672
10749392091451874609	11647379203562909108	0.00346012475705
10898034196366411755	12206289324656625108	0.00987874174182
4184200975396281817	9964587453019118108	0.0277243486501
8540613255991124545	12206289324656625108	0.00403297942803
8873792433358039801	10066835603504150108	0.0268220890393
1313485318121683067	11059440713270487108	0.0317660468995
4965244375182294213	15339354365754744108	0.00920496613016
12549048043151034414	13427856878831720108	0.00502601412108
13048235986267141517	5503605943558057108	0.111111111111
13656786842621028223	8280321306577940108	0.00208543430814
3902241058924681390	2043973775741273108	0.0339617805406
5538964641277027991	544013293577011108	0.0383482494424
7770297094073767298	8335889406454542108	0.0021023068656
13106184758088839712	12205017537572913108	0.00999650183643
11500242474664164668	8478431780007345108	0.00713267487518
6009335972734159629	9298303417700683108	0.00492365963917
4204062636679253172	16854965837367297108	0.00248133610463
11348941574669077287	8292434278353010108	0.00382762676812
9028614746753980692	6856701542302909108	0.00350974429286
6074214257734156893	17464491377455962108	0.00680965749476
11186133316403098868	10685253436044359108	0.00488858761633
1210410234767833020	10713918824882241108	0.00426719651468
18119162171142407793	960894783860930108	0.00219770135161
13593003371548679108	2938307927363054870	0.012205109396
1338018703511435147	8201561304005151108	0.00286534127531
628136879169537071	15301282874449921108	0.00561054516725
837175626397986241	3898176000773504108	0.00599264554414
2870551926420292380	7573467258400623108	0.00445329385001
12248977893605956553	13611588511810544108	0.00694595197609
12884286905021658943	16093024400942944108	0.00279246825889
1763137943102351108	8182670491360223556	0.0150755672289
1763137943102351108	12865851724855814010	0.00768776006691
1763137943102351108	12192652133407366390	0.00422125092511
1763137943102351108	6937404703886576473	0.00243533289958
5664559475063797291	10980959788779912108	0.00234489954589
14072056610670934229	8280321306577940108	0.00390149034184
6990092777185060328	14665909750844964108	0.00777463016964
11679470350279915114	15191848930818866108	0.00832408947765
12831224799144601875	14878330581857385108	0.0300150112594
11370514486550279017	8548356939678708108	0.00586856076993
11122662551774702429	17614082095408469108	0.00370395775616
10800527753286677102	15301282874449921108	0.0118628051876
853323428773501647	8396789743682264108	0.00260520042907
