3316075397341725868	6832197232701951433	0.00671503996527
3672188638249315318	16205366559362117433	0.0277350098113
12148262430121555943	8284166092508467433	0.00490019488463
6164480895226797792	14784203397835033433	0.00786402689376
13077507758182785020	11901215287526361433	0.00524387381772
3174819007945881208	17038173846972727433	0.00265353759991
7296897200854340843	11049231027540874433	0.0101035876126
15288602432091736707	11747539308597186433	0.0021262739533
13823888461144690433	10696459641201164955	0.00658650634661
13823888461144690433	6937842258033070097	0.0135246321899
13823888461144690433	7259924333712203133	0.00448624495015
13823888461144690433	4412718339923263321	0.00438457344598
13823888461144690433	10405800767632769614	0.00875678229155
13823888461144690433	17497473555147224391	0.00462621002059
16189122577722806882	9217652773002525433	0.00400166503906
1977174091851279150	12188987100315980433	0.00245359066633
6098468295721700433	8888621118591663425	0.0105661972268
2147527791547745081	15313569132274005433	0.00255096230564
1605280559893351433	4424338880038234766	0.0259499648054
1605280559893351433	13901091957962645891	0.00237641001933
1605280559893351433	8522327363402628575	0.00352936291573
1605280559893351433	15914629976809882695	0.00253648662436
1605280559893351433	8666551291865690980	0.00501664525191
1605280559893351433	9604355970676724693	0.00402454407014
1605280559893351433	13898488150577621510	0.00421468467673
1605280559893351433	13903166461607953262	0.0104370715181
1605280559893351433	13061366091297838094	0.00378153597101
1605280559893351433	1230075296912827474	0.005622326736
1605280559893351433	14122920030547726729	0.00594385793018
1605280559893351433	8508817857126900963	0.00280568108337
1605280559893351433	13921190163010530808	0.0072140609225
1605280559893351433	14492982695121187398	0.0031036300336
1605280559893351433	13905058857970619991	0.00334759095701
1605280559893351433	15594019155147853548	0.00326155362297
1605280559893351433	12219227162111630834	0.00267524117968
1605280559893351433	12567411147456101023	0.00354229284995
1605280559893351433	7498596775846710254	0.00646305611941
1605280559893351433	12391841765607887317	0.00279628675959
1605280559893351433	13906096286502936231	0.00372911138591
1605280559893351433	16171880835680127942	0.00301230782913
1605280559893351433	2030670919977266424	0.00309826274893
1605280559893351433	5459134219823524311	0.0023665076427
1605280559893351433	15936438317596206292	0.00338100344139
1605280559893351433	596801039326739338	0.00231264104379
1605280559893351433	15924114042109694251	0.00686883824971
1605280559893351433	13901113024847752892	0.0176914964145
1605280559893351433	15358847352846975241	0.00987248129598
1605280559893351433	12037012867520144735	0.00237399803189
4709090628378945068	16792919070920555433	0.00624220211799
15109939014543581687	12796717873286096433	0.00476969839193
