13980919577653307057	11745761854375301892	0.0111282976815
7031091707307891892	1814707314474586833	0.0211288563682
12990686310921828892	10267626950835031888	0.00519664612754
12990686310921828892	8797409276728292063	0.00523531508612
12990686310921828892	12054893661148283175	0.00689409291425
12990686310921828892	9286599834164570478	0.00229258926126
12990686310921828892	17372126459300824582	0.0200200300501
12990686310921828892	7611190575055864249	0.00517226004212
6398455278064840979	16373881175962696892	0.00518475847365
12311234646234501180	12655698496416271892	0.00425443330213
9664362556583340492	11180554657368509892	0.00924658401819
4294107508834976110	4492205841724743892	0.016701497774
10881180540111486079	14823243273166820892	0.00732409127855
10109833712178055564	8574303936716240892	0.1
4409659893088344695	2676706522055697892	0.00472582192735
4501659326744102892	5912505513804880843	0.0167883569468
10454315615136557179	15641667446433445892	0.00251329277202
719683893308264885	8760830184098985892	0.00272553434569
5266519872545773883	14474872162036373892	0.00471498829989
7520371010093492923	12206931323472747892	0.0142320819693
6450165245148486669	11726631034388631892	0.00497032872083
14181620830592086505	15847330842265090892	0.00660414976649
5825681531256766024	14694649068798353892	0.00338730143718
5669073995539357126	17396766015615989892	0.0163451942591
359877564353338133	7807574054056490892	0.00628694613462
6759495133287586490	9232070939643250892	0.00255040638225
11020717209878960852	12478031976316502892	0.00374876428294
287953729359602063	13089773241067789892	0.0262431940541
10975889279641612746	227876186875254892	0.0246556836361
6239665453066301782	7898921726268627892	0.00629740902325
1292000469872594814	6947620202120639892	0.00414695072261
4237889867724625150	11643337519014050892	0.00402983449769
5165989468712168892	14439521892244984146	0.0102275368716
5165989468712168892	11423356761117960927	0.00762625879407
5410490186589612892	8237951975622754914	0.00857240833123
5410490186589612892	5543995413574460048	0.00374114862515
11080236290854964660	8258794706546878892	0.00625868506198
8793084584669629700	8280593066362054892	0.00572223228912
4817146467695839583	13871271077021605892	0.00222285898415
14006514421698335119	8292604247346332892	0.00231891266633
5206583002426864254	14309144647600951892	0.00257045628351
1630616452086511153	470143980715162892	0.00903876907578
1915790486073596975	3666195325827084892	0.00331755715493
11500068139620323152	14037592901308404892	0.00287477411451
6999176771334601892	6512752061721648284	0.00228479682091
6999176771334601892	13419032404551561513	0.00361739957583
6999176771334601892	11993107943098283081	0.00308401167634
6999176771334601892	11990486535579083718	0.005
6999176771334601892	5895101985488567415	0.00460775677584
2660738464162939098	17541127481920133892	0.00223470522283
