12605808853666735471	10685400482863977772	0.00323972570792
14495215558040533149	11674250393429155471	0.0047274058779
3904096012182150629	15869600848919464471	0.00742146960242
5569797494165786749	9502305069646078471	0.00643782753281
4944132609847296686	14044467440931567471	0.00996815278536
4341158175450994769	5897799757821509471	0.00202402610849
2291683464559898928	477930517338642471	0.00490302124096
3246212243102991637	5473006252684026471	0.0230021853114
3730060864631826667	11439468446256842471	0.00307228723896
7109418922721165620	14408243706839337471	0.0123968000551
3905843596648110195	10736069467266308471	0.00319448061672
1891342991256359944	10013482291216387471	0.00414766406605
468266552699650163	6069318120738801471	0.00437164996988
5635339318451201092	1703111533456871471	0.00221576488061
1788058081450098419	9778358707607637471	0.0173032135051
14657948529870387596	17702339003548215471	0.00456454483921
9165094921272966273	4821203055783952471	0.00349125749078
7333772861877658905	6819243533914299471	0.00517039306228
6430958258711418006	9198704424327642471	0.002017593454
3309844675189947576	10391146051447378471	0.00214681762188
12713319782112583904	12440240498719975471	0.0180129018583
11677729499156302471	6099092607273225065	0.00871875700311
11677729499156302471	17808287403055872637	0.0175357655958
11677729499156302471	6553097995778082172	0.0102836258724
6566042082126705208	10050872934555080471	0.00933520056019
11095591860729452121	12893832406225580471	0.0207613699634
4705013987932910471	7748888274372698390	0.00438664003965
4705013987932910471	13593699335283372175	0.00743376291813
4705013987932910471	7156710213145109326	0.00246002646117
4705013987932910471	9596478417620446789	0.00275778397179
4705013987932910471	8217843394799137248	0.00618297844227
4705013987932910471	6111844339244109814	0.00607613707696
4705013987932910471	8605392026841979702	0.00390786032062
4705013987932910471	9236388448881859488	0.0162865585496
4705013987932910471	16590482548306605697	0.00267194451647
4705013987932910471	11720568700739047861	0.00732881041002
4705013987932910471	1863518962593675343	0.00569821383293
4705013987932910471	7472130536613008597	0.00258810404744
4705013987932910471	11675712209629680317	0.0136158428083
4705013987932910471	8561612909421291619	0.00231397182877
4705013987932910471	8157581660929292497	0.00615574051934
4705013987932910471	16696476208941338654	0.00512275184538
4705013987932910471	9586683442955121692	0.00590775571188
4705013987932910471	8598749653836392821	0.00235567501981
12812151331006687143	11039643825333442471	0.00370350049937
10842486979000271249	10013482291216387471	0.00414766406605
6199726307942810430	11531382552722215471	0.00407120095404
4383761776937859011	8595795179966965471	0.0111594355254
9761446542954825225	11319802558852472471	0.00322439755341
3528839285505518412	14712028218276395471	0.00267137242686
