15905570040347584677	7222482574187493122	0.00465908164388
10030963493970391122	11997279296570634446	0.0518475847365
10030963493970391122	7885817614540749095	0.0635000635001
10030963493970391122	12938731744956823325	0.00403632899747
10030963493970391122	10674106568412951240	0.00230756805737
10030963493970391122	12205222849928472395	0.0063819965089
10030963493970391122	7425728471652749299	0.0244411858369
10030963493970391122	10812656792930325223	0.0518475847365
10030963493970391122	7139300207146676680	0.0028433656024
10030963493970391122	14574513113799718863	0.0733235575107
10030963493970391122	7888453380032926177	0.0635000635001
10030963493970391122	6954723820374792555	0.00991704379698
10030963493970391122	1147971616352809268	0.00803219328902
10030963493970391122	10251525912020080119	0.0074067978195
10030963493970391122	16319066408635722669	0.0244411858369
10030963493970391122	6958280547268159480	0.00631849247633
10030963493970391122	3076217857720457197	0.0382919790534
10030963493970391122	7899307436772295132	0.0259237923683
10030963493970391122	3324554987151479567	0.00330792316572
10030963493970391122	12947754960203210914	0.00308020551817
10030963493970391122	6854713748575288910	0.0352234976838
10030963493970391122	7886794423274161935	0.0480015360737
10030963493970391122	15730418367559895733	0.0208786922665
10030963493970391122	14718038939750029156	0.00749658046507
10030963493970391122	16398188602979519959	0.0235833315318
10030963493970391122	17207030048781065279	0.0401609664451
10030963493970391122	6944907861528183703	0.0068374569936
10030963493970391122	16856972423454676251	0.00478310149804
10030963493970391122	10182869626288469931	0.00693875817056
10030963493970391122	16861856302907151540	0.0518475847365
10030963493970391122	8732154984064702154	0.00270519365524
10030963493970391122	18183230724503599427	0.00874304930649
10030963493970391122	11379457443717435976	0.0635000635001
10030963493970391122	11383608516832872864	0.0567961834247
10030963493970391122	14294538789252151327	0.00816387736485
10030963493970391122	6952269998206142753	0.0105106052959
10030963493970391122	14714701093013669013	0.00470693786774
10030963493970391122	17320207478075205433	0.0339422116651
10030963493970391122	8987292568748326550	0.0058705829473
10030963493970391122	10261864117442088128	0.00767235825766
10030963493970391122	11243250154275710621	0.0733235575107
10030963493970391122	16874006392714160451	0.00504780187064
10030963493970391122	11386175721806086282	0.0733235575107
10030963493970391122	7892967158889519371	0.0352234976838
10030963493970391122	17316041711975959618	0.0145679136687
10030963493970391122	6948775363554081865	0.00295589026303
10030963493970391122	12943986542931969922	0.00261481028664
10030963493970391122	13223590077910042473	0.0327912917892
10030963493970391122	16852634253016013386	0.00421232831755
10030963493970391122	7889049160836900961	0.0171246936313
