13209026771738989279	13444103670804574872	0.0020115024747
12236898992634168160	18036484619957024872	0.00359684306945
5785953641930562911	12195035230447123872	0.0358748001667
9292653558423326412	1885818132866412872	0.00453870776332
5470099878714294707	15921988166465341872	0.00284440061994
14329577180516414444	12325390660396641872	0.00438091137343
5645063897049849586	16168804239126580872	0.00738092811263
3524492900840552509	16237784699805726872	0.00568053463163
12126133740440876732	9769442721102988872	0.00349223665639
13768689111851490517	2365635948129632872	0.011556254088
13494948215409252320	1979887823548435872	0.0114287580221
11340127443013502407	9268329205582564872	0.00387178327937
6533411246311694397	9840827935995916872	0.00537168803242
12058760989256451872	15621478445049094003	0.0506369683542
12058760989256451872	8412856936236329057	0.00491117433834
12058760989256451872	13439579764529731307	0.0134595475515
5532018583877961022	12202371494055206872	0.00777980463289
6176314381057214095	10876740801248195872	0.00544815549868
2584832900582675265	1318016364086922872	0.0025803551897
13150503640819946796	8449734378847874872	0.00456549616262
9175354390899824574	10670278990962317872	0.0116028332937
7748527398632795059	17819457006738289872	0.00425512652647
5427744350138051663	17464115210892475872	0.00494057638941
9425723711148544925	2194356506621691872	0.00620269106304
7028997450741607872	1617595728550180488	0.0279508497187
1851201106351117736	1318016364086922872	0.00364917330501
4614995809375034872	12359469433539411577	0.00478474376469
4614995809375034872	17397871344270972851	0.0039793608466
4614995809375034872	14080872770778553036	0.00242614130545
4614995809375034872	8798715715454249965	0.0487950036474
4614995809375034872	9449607500915991719	0.00378315929625
4614995809375034872	13436666165982546351	0.00294397916895
4614995809375034872	7691021669917107395	0.0040109245926
4614995809375034872	13438405189676088883	0.00433840500094
4614995809375034872	12357839493418160757	0.00249423872673
4614995809375034872	7664915087385852603	0.0430331482912
4614995809375034872	5403123488230471780	0.00838591009044
4614995809375034872	12428454706213752122	0.0032886908913
4614995809375034872	10321429031323533543	0.00557105225387
5891286803797991936	7784575067989604872	0.0124746864761
2699309962551616655	14005738159119799872	0.00734579584513
11476848819620527882	2656748818968647872	0.007426789213
4477936802886099092	13337413547825878872	0.0071869946822
1070931230861530872	18049652517444920835	0.00448299796906
1070931230861530872	17372043025350842459	0.00521853575904
1070931230861530872	16735033623743360693	0.0156211866992
7979656939336913618	7622559756821513872	0.00230599686345
5462423844074386581	7579618240048744872	0.0083478387113
5408310330807922872	6957627892541130938	0.00459087661816
5408310330807922872	16564195466347767929	0.00333589183154
