638065998207947647	9227404805519481793	0.00259098660754
2050450974038198793	11997404588915457979	0.0105181608206
2050450974038198793	11995986442307007674	0.00729189216812
5576009127493427793	6399407019421750966	0.00295632941073
5576009127493427793	12199204707390435503	0.0063286069257
13142822091707680140	10725399580431244793	0.00852926936546
6584638042476576642	14886520398873475793	0.00263440825949
6564878332117407745	8447282512058835793	0.00231919328369
4544124332662325533	7882202694632573793	0.00228729371721
2028196805717869251	8299668307273900793	0.00638954809155
10060106238380701617	8368213431152379793	0.00313595208262
2672511411200303575	18092530275468005793	0.00752667286664
13925070917064987091	15635017071367467793	0.00379504591687
11861440511252634709	4794690176181334793	0.00251275317656
5631852126942943181	6871050096375356793	0.00258353948648
11692179314963590439	8431342764016248793	0.00367148661697
10226339636839027825	14914984412959375793	0.0180775381516
1507074397950897975	13767828223370168793	0.00216407637475
665983917169568781	10383753850035620793	0.00464153325142
8203871173804483530	9493068234674077793	0.00362890953427
4765286275330586497	14930151485405687793	0.00245282294112
5216185955662805443	11522431329175140793	0.00435582046633
6206273293297174494	13271001005092642793	0.00330355207188
4248993118749396753	12206024612989674793	0.00956335913457
4448320675983972570	13278098965010279793	0.0209426954146
11618929633254789225	6247506221170087793	0.0129185597332
966556108119654793	13986966028757964958	0.0036589801085
17468965431443318644	14069651507210521793	0.00775170507816
5573952463308915578	13891265802567837793	0.00551066657472
7907171486182282443	12051109512078675793	0.00309329312353
2309600006629009847	5541459316989072793	0.00420658492585
11835868490080289082	10414240830845191793	0.0102302124863
5985108062801579113	11022383375765709793	0.00261763960671
6239344520823102793	6396502530150067917	0.00201359333885
6239344520823102793	7900504329655278404	0.00228783239829
6239344520823102793	8149377957813065140	0.00588153894367
6239344520823102793	14508421985084934561	0.00665602553192
6239344520823102793	6813190078035037307	0.00480325348087
6239344520823102793	8013796144780477086	0.002382411447
6239344520823102793	11759522808558420207	0.00642452787076
6239344520823102793	15429357805419740331	0.00601015371646
1663594288314118424	12940676473048950793	0.00430878407263
4146463452264820840	18092530275468005793	0.00476028589231
14971124176232765309	12450430669433321793	0.00287827292808
11286540239413825708	12210752010517479793	0.0030280793624
10022164037291023416	18137493342759877793	0.00412803951735
8398571205877889061	9151630036052934793	0.00200800783864
784097132393253793	8933903475796194497	0.00384047686321
784097132393253793	12044624550317112390	0.00208184296364
784097132393253793	7613082357987856176	0.00391795511033
