11401570241409715469	7677656061075735741	0.00557312829354
15675386658303612728	10058169542617216741	0.0223495078134
3013498415195447660	1567179226528293741	0.00968003865828
6131711269855121682	13598933849241634741	0.0123939433204
11234135501490991741	16093134607434989754	0.00350998210458
6429487002432791941	8445042307557673741	0.00588826454786
621891629660345205	12200337165636247741	0.00248158822441
4410866216070000041	3595810103735204741	0.0202113020864
7445039426918791684	16625693303995758741	0.0170054255963
13163851634832919788	15567373277326202741	0.00218037305537
5698660588047355273	17366132841238868741	0.007184953792
17729160190514403270	16625693303995758741	0.0133797973083
5320802856461879657	17401755717325506741	0.00681740715684
11903156759933884164	11832538106009532741	0.0234146452895
2111615409907761129	16158251654675056741	0.00241512077971
8152760606065667156	14674986069452975741	0.0061969716602
12460390430476400660	13443825584537491741	0.00232583298635
2300478831812104741	10265623847911442240	0.1490711985
2300478831812104741	5496116564626900396	0.00622138907272
2300478831812104741	11055452668111752093	0.0041759204939
10810800422911203307	7191793811953962741	0.00325480897293
6178007583869175548	14239560515307385741	0.00278606661749
7619082563397124708	5165721224260943741	0.00273592947259
1308003797919863741	12192228254495928463	0.00332464519721
5120800599244145522	4661560699850386741	0.00277842100524
10059416547871497741	13266356401718504307	0.00843829277529
7063528215843888079	193147103401759741	0.00407299032234
2934685565043405213	8241843649865264741	0.0169515875905
1639740963547339702	4714453965538535741	0.00367116496802
6311247057781564880	12207166773611578741	0.00244316281386
14836945804802696119	16649203539037147741	0.00266238190477
14123345193841610791	9997553292454325741	0.00308575843883
6882955961604118101	16302088721704528741	0.0026209641197
10307677502400759403	12480868499377566741	0.00557036075604
14543784755788189808	971587780634162741	0.00334253798665
7058477247095506021	4661560699850386741	0.00207091274595
12060178931245344808	6401267388331942741	0.0136691637953
6619864436236781880	16302088721704528741	0.00310116656816
4912706575486632669	9894968567143968741	0.00570099114646
6705878372388634156	17469102844676949741	0.00427412878093
11835294978568526309	8278653489140583741	0.00312207442595
9645839042387980199	6401267388331942741	0.00455638793178
4683543210205639992	9782270721812259741	0.00509514867096
13744824692720957404	12359681049484778741	0.0081292753448
7152581690590279445	16288564118861318741	0.016448792374
14882404836757157994	13060304066073599741	0.00899915411927
13105026617198246902	7572198212150310741	0.0114617415193
12529891118610840973	16854219251612710741	0.00548639551888
2589611649114130732	4712254362545759741	0.0100881520672
15460819945450387741	13418930832891921761	0.00552823779877
