12487407088758465362	18434776058494061817	0.0161206470055
3114899108341857336	4713440422031632817	0.00312359713662
867996840781818817	10888626102039809102	0.00462571505349
867996840781818817	7833695731515474461	0.00589573041356
867996840781818817	8521574962526969580	0.00688020916154
867996840781818817	8237141493884017409	0.00268664844116
3842722544931267987	7628926115161018817	0.0181071492085
4281118180482875393	17459148390849920817	0.00872971334798
17374510061739682115	10644234565646887817	0.0147313912747
11898780285502460718	4230674082364749817	0.00288516494137
6541315248675759817	7618039548953771559	0.00240474954978
6541315248675759817	307367705921114405	0.0142392942953
10094408277580252240	1485491605891594817	0.00851071535314
7085728217953658810	12869233482486240817	0.00738414700861
12939089648441553028	17244698022215735817	0.00357453027503
3234758789957017416	11109472352618010817	0.00581985817877
13419571780070601817	1788244131981382419	0.0114227915596
13419571780070601817	12216679529282312300	0.00887216801235
13419571780070601817	17370533082325699207	0.00527544748903
13864600975881876379	13925878485397302817	0.00308959999067
1368026536262769452	16827198450175204817	0.0146868373862
4813280342282450888	7177642321004879817	0.0050853885988
9425923608233345413	11725868776391160817	0.00864126412275
2213890238195106182	12212904274383558817	0.00235154205901
5468089958395528169	16791252550076135817	0.0235702260396
14184857677276867256	12094504476695549817	0.00547602098293
4809411488509407817	12393065919663567654	0.0107334697685
4809411488509407817	12213774742316809297	0.0108274324868
1759865229590400897	10032373182239517817	0.00217535278925
1592141756883974091	1128729651508830817	0.00332148935227
13932554221003382300	13430933428301858817	0.00479187985183
4615641136191555817	14471593409328208246	0.00203362958696
4615641136191555817	11013349409511272937	0.00361324120938
4615641136191555817	15987212017557019585	0.00237337612791
4615641136191555817	5822455229418177267	0.0138329656119
4615641136191555817	6852910705971283517	0.00291963647417
4615641136191555817	3255852703735596448	0.00840454842765
4615641136191555817	12430338002189248227	0.00390672692449
4615641136191555817	12461907058508595783	0.0205023092026
4615641136191555817	7389816698413096187	0.0098180870457
4615641136191555817	10678882732545882457	0.0021222527479
11022082878779314126	6956081446743529817	0.0267835792003
11195593456319500565	12209553684495750817	0.0175303757799
14615248433502473764	9600072638634882817	0.0410304969931
15200553761795937666	13177508908305028817	0.0144247440803
2320028314014919331	12203711992160359817	0.0296956935458
3873454051987231619	8430815204414700817	0.00667081869044
10772172440259938783	17244698022215735817	0.00291859174799
12698441149533734817	8059637047765568032	0.00237987331796
12698441149533734817	17567198845944816688	0.0174820900319
