2595124258889235002	6131100954085231954	0.00900535527604
2068812620575762716	6546503644698387954	0.00295583861146
2693503192957277498	10091362460968694954	0.00515491311776
8902200493173107313	17217795474003690954	0.00218916934364
10742355334132062447	1855400701790164954	0.0046645525486
6332236553952230065	6131100954085231954	0.00300178509201
10282627489011930635	8287713516571527954	0.00717847159907
6216694291545024954	3271894485656215375	0.00437319642838
6216694291545024954	12701551415509752127	0.00299691476587
6216694291545024954	12216190491404034660	0.00410260078608
6216694291545024954	4709091853559253040	0.00797274788725
6216694291545024954	11381422407299979368	0.00461422710832
6216694291545024954	6963618251091622509	0.00465489020925
6216694291545024954	11428685295921313432	0.00413311367796
6216694291545024954	12366178991414765950	0.00493395693718
6216694291545024954	11164085316369957750	0.00305129155323
6216694291545024954	6619472519318265959	0.00232732534004
6293880700627274040	11079488606240324954	0.00296035542503
4118689433131140276	9277651277596584954	0.0741249316661
1790905224893767093	6585511123079984954	0.0105679671585
2324320084093683852	14124110755115303954	0.00367388928481
14646829454264370971	7915095293331571954	0.00285119066348
11247582558757584954	12272593360271955114	0.0038967184549
11247582558757584954	12206294929579499204	0.00255646641954
11247582558757584954	11380972835919307326	0.0089575388924
11247582558757584954	10660787093619895602	0.00269485984877
11247582558757584954	862465013100723439	0.004507203196
11247582558757584954	6580669199395726204	0.00249780757491
4788962421907767548	7085568015476934954	0.00314192111803
5523167949101449743	12214911256905773954	0.00755368023752
10910792805430420039	18032294531174010954	0.0148249863332
11924250902744580437	7269617766938500954	0.00711622116267
6984861816948032693	8382703002033330954	0.00392498051252
7320715198759974569	11994415805587896954	0.00553212776818
9331582847717408954	11639769073478304718	0.00392238304758
9331582847717408954	16946933091135792060	0.00359775081361
9331582847717408954	17640900484578886860	0.00462566556552
9331582847717408954	11317191733565283920	0.0695048046857
9331582847717408954	14411211249207805224	0.00251386448745
9331582847717408954	3840494775504584518	0.00367801203328
9331582847717408954	8105765782766221100	0.00377932080219
9331582847717408954	8097989559734268624	0.00388746194831
9331582847717408954	16692959184723337901	0.00365197067859
14093611926084729954	5756087546131319863	0.00843649081219
14093611926084729954	8259630915829685559	0.0118887659656
14093611926084729954	11872105262908599227	0.0042276590429
14093611926084729954	5812073928162428251	0.0169637785936
14093611926084729954	8468409534137588118	0.00200632992465
14093611926084729954	5805806462771762151	0.0632455532034
14093611926084729954	1037653388495300703	0.00625917543924
