12738621778132735100	17201436891525916364	0.0158910431541
11678915452928619243	13169204108768600364	0.00507797429636
12188305579580428906	10836328656924685364	0.00437160819647
5696879091552419364	10680804708169221851	0.0107340881094
11489638768445290852	9601515412566824364	0.0538381902058
71775165155161364	15218588544767616146	0.00213815835746
71775165155161364	8072373006306890697	0.00355496153161
71775165155161364	15682808846180304082	0.00308641975309
71775165155161364	15679086354792200344	0.00305926290923
71775165155161364	15406674792985795730	0.00705556261112
71775165155161364	7349938673885313279	0.00717884153757
71775165155161364	10249105886915502184	0.00251861205093
71775165155161364	591496382132314370	0.00316957608804
71775165155161364	12432031944277468552	0.0027685645591
71775165155161364	13925018572451194854	0.00642930624842
71775165155161364	5896361519255984667	0.00212060581978
71775165155161364	104343827790309636	0.0273998312176
71775165155161364	16611001823965638661	0.0029569238634
71775165155161364	17445915345938357154	0.00297192896509
71775165155161364	10406180423091170320	0.00250266049091
9573844797558313762	7425165894810101364	0.00255343100757
2818613683389709364	18286301366202622848	0.0251497727414
2818613683389709364	2924246292738520375	0.00242556314546
6242663430468256873	11060627837381368364	0.00238474069263
12973698155482525513	11043892454263179364	0.00673832417693
1921372264223599629	8459793391209276364	0.0072259164127
3636353671817574128	10269188428914938364	0.00232598398015
13104252606295969545	10871688283312205364	0.010349504995
1523633803460073095	6548425393478041364	0.00865387415737
2500659287819649777	15737623054066770364	0.00249293630069
6528876738386144829	10369673687096146364	0.0111111111111
5643133364789824318	6918513809316185364	0.00207757926533
8607160431916044111	5383733856049684364	0.00310380942381
2994252333315853526	16779766327427786364	0.00226032715178
3781760874480739813	16702182094510416364	0.00256177932074
4480290261009925424	10528598486704144364	0.0195515471751
12262803199271672649	12068323441899619364	0.00650118657483
6146969590506159149	7736601979659889364	0.00509726635546
7787965028510401364	8588656046919538551	0.00526753716985
7787965028510401364	15102058254511308590	0.0208695967782
7787965028510401364	13298037835729865810	0.0478913142611
7787965028510401364	1399410476992388310	0.00380638332835
6641751942113199636	8778148775920162364	0.00355532099989
2622804552692710400	7478951864363635364	0.00760198042182
2622804552692710400	9492740642967041364	0.00204567856798
15337453589824851113	17522729538225025364	0.0200885850923
1983155004138078408	8799226563125386364	0.00532850434421
14223478130404456562	7354835898695202364	0.0105726913283
2386739668643139241	1966238838315813364	0.00536619396455
3379174900295879109	14100439254676287364	0.00454381193515
