13518109336756141588	7746390585250557339	0.0062924201854
9939629333939071661	33472934122918339	0.00899915411927
3548704833626090940	7765284835845637339	0.00980109582377
4849589811283482888	2549945365381322339	0.0221024836851
6935207425065250138	16171007436994623339	0.00486354630847
3768836062167875010	17157982144411993339	0.0169711058326
16669749704787937906	11052754376315103339	0.0020538601092
6976349643433466003	15908539549939344339	0.00731898915931
2265797616347388825	8427298417854156339	0.00417166697283
14150930446395983339	8297272928478640528	0.0099073049713
13455996787441578652	15923813355820963339	0.0051583410884
5128887485729159339	18350578124463067980	0.00769731941343
5128887485729159339	2440086681888304961	0.0154801729207
5128887485729159339	6723813028243900143	0.00308285369788
1128492478440927913	8819970534045475339	0.00446446366999
11584580570215224066	7181868289808626339	0.00479606653633
2376167713384956672	15860967273952567339	0.00716335318827
2404916743319799758	15919715969749776339	0.00710023871404
5044613346885792112	17797571176272956339	0.00270783048043
11389354494036166696	10464093103772350339	0.00553534742225
4325850057436091919	4328853269462804339	0.00262051412088
13520012360559083237	13440034588602256339	0.00234951614348
13407549689194981868	13448131639861501339	0.0020675725262
3898958993612820140	10921244105236625339	0.00531134034564
15582611224751013874	10801172006445599339	0.00349083202342
5281278462499014857	5957149058846416339	0.00250516439613
5029274900324359638	9260794363971740339	0.00315194048668
14922394254825147966	6603260092016450339	0.00354897895037
6200546479585380282	15925295695017726339	0.00323135934234
1034006276915390297	11042236982607906339	0.00370956017054
6554745749075842339	18277426233842982930	0.00351000372622
6554745749075842339	13823222716249086494	0.0113997594676
6554745749075842339	1425719205455667151	0.00640236880248
6554745749075842339	6220899820537755508	0.0029811854847
6554745749075842339	12215888233024837522	0.00542549593334
6554745749075842339	6478047231290347661	0.00275169031499
6554745749075842339	6257698165779318197	0.00229496071557
6554745749075842339	12208418236909541424	0.0111545746902
6554745749075842339	6493425348934337514	0.00389063826818
6554745749075842339	7242271001562561805	0.00313416491671
6554745749075842339	9997498323081844437	0.00230711355416
6554745749075842339	5759146726925334299	0.00638746221927
6554745749075842339	7472708574770417329	0.00548565252433
6554745749075842339	10676646456157952460	0.00225209803241
6554745749075842339	12199314980615927547	0.00293760827466
6554745749075842339	12879720053228445214	0.00297066980648
6554745749075842339	7476067456609070416	0.00303868562731
6554745749075842339	13652794938170498891	0.00279235938861
1878896077654457339	13113129162382588805	0.00606517476325
1878896077654457339	9982950018853089485	0.00716924168346
