5613708403096796721	9747326725124657234	0.0024094916598
16094757749467809091	9039616913573244234	0.00221507984975
717793909680094277	10159954710506292234	0.00543992674862
3121798070388296234	9951782701752172862	0.00514038615517
3121798070388296234	8242608858418232282	0.00534675270017
3121798070388296234	12213395429699366117	0.00394530273247
3121798070388296234	2729455635221021855	0.0163956458946
3121798070388296234	8237001868826861078	0.00887706068819
3121798070388296234	12208629179913299776	0.00433963036603
3121798070388296234	18365647992238482899	0.0246182981959
3121798070388296234	17026197801832822579	0.00273813365606
3121798070388296234	12214109970527290210	0.00764383930281
3121798070388296234	9037225391944471116	0.00590641593282
3121798070388296234	14067136244806108127	0.00361373662475
3121798070388296234	7722451502017196157	0.0154857403271
12157910825372539819	9977165853132144234	0.00721143428454
13814298336069013797	14096590032492009234	0.00293924472995
808456610225340972	14023648037999772234	0.0111358850797
8625874795654350635	10371738354189647234	0.0310985206786
265625482011941714	8282284591806435234	0.00673970139067
2981957830723743179	8598785972001058234	0.00273818497954
7613141972479497913	12236263410777157234	0.00854139474769
5128873046502138666	13420086071770679234	0.00639059179428
12453326140695015530	18043444085855439234	0.00625880764549
12933707908618108454	13934766757173280234	0.0225188674556
2515196079718632807	15674674627110902234	0.00462769587578
5470677317974894981	8000667435175194234	0.004489770487
15532154404502648303	16587333308980659234	0.00615108060912
6660070626970110234	10827523785258343087	0.00369106735263
6660070626970110234	17210657396588773870	0.00357782325618
6660070626970110234	9015203792450976475	0.00235154205901
6660070626970110234	17331043718055662437	0.00652605836776
6660070626970110234	8453069221392840360	0.00472034320031
6660070626970110234	10817179479052409603	0.0213200716356
6660070626970110234	6143317068881798412	0.00259552088117
6660070626970110234	8501908372393272505	0.00272691216768
6660070626970110234	6870848843391345741	0.00695384062369
6660070626970110234	6821118239919080446	0.00209555668209
6660070626970110234	7090751760245492762	0.00278509396091
6660070626970110234	8074414367850480707	0.0146176336551
6660070626970110234	16554986338945762370	0.00236306929505
6660070626970110234	2544202347952033796	0.00290570018231
6660070626970110234	6815802865657987014	0.0185058302549
6660070626970110234	6156904717599800075	0.00505592446424
6660070626970110234	16960656385280598537	0.00838001903942
6660070626970110234	16588581839425310807	0.00479573560956
6660070626970110234	17184390708380776245	0.00971285862357
6660070626970110234	10810602455780377317	0.00836827408756
6660070626970110234	11111965595905065958	0.0036632248522
6660070626970110234	16272437754967782814	0.00553848775622
