4580484501009443802	15910013956463282640	0.017010345436
10274817276275363153	12503878928531813640	0.00751858447402
6700288676892946640	8443895881910288803	0.00612931991552
10470450717079412642	6553526407217772640	0.0035129479975
2556780176372654213	11684179176717056640	0.0100748316636
13346359918219523180	8163372396740991640	0.00419037737095
12813574137955132535	7043034867809920640	0.00328949148146
13009721321782458542	14157117247532001640	0.00554376194054
1600024902880232353	9732754490216577640	0.00502696660098
1867633590892670640	3276600776282107181	0.0173762011714
4274251913684572281	7855584964092299640	0.00445506124058
4274251913684572281	10490126021531400640	0.00293385098855
6753776363245824433	12208572366120878640	0.0103114704148
6388255482118225226	8226392058278813640	0.00263194350773
12437736745237490472	14499106394272798640	0.00403698675499
5617691122000709397	8892559307386685640	0.00326203946898
14903824847795049045	9024420886448573640	0.00457571269702
4966746037207746640	18148518201974249028	0.0153483308639
4966746037207746640	12215235522619412581	0.0396525792859
4966746037207746640	13417820497943143708	0.0261086816663
13207310192647133938	14749863792066439640	0.00455752348019
5724908071597876554	2396909215415676640	0.0032373141486
4639578796863665560	6820892775576472640	0.00338258916007
11928489258005730547	12204881292669458640	0.00454231167735
1679216799199832383	9270015555814466640	0.0022360847482
18121890897404679154	8981384815552892640	0.00268724010606
12384385150765272360	15229722491002720640	0.00446981225663
4051278247569781216	7188376362210453640	0.00286920718003
11561347702309260305	6774046120845196640	0.00257057517721
12221866865966857640	13505708661103342004	0.0102624845301
567880305145236640	92442257326913584	0.076028592127
10244424579859365004	17338203417060510640	0.00208147763426
4070105642092463934	16687978345526078640	0.00515450222038
6964144514297010238	6763048100693905640	0.007728981596
4640129053980076140	12207146930871762640	0.00211066307271
13143985571250284081	52925359350813640	0.00664572868412
3021327506643771416	11809652461806993640	0.00276754651731
2874927001157770778	8067337679034369640	0.00274878839494
5415159992140390971	17514623530632025640	0.00213859837112
4547383825947575640	17420297322636521516	0.0204337107361
4729544328258523324	11783899277666254640	0.00401726311606
12646060670962359925	9270015555814466640	0.00341567587298
11530302029160703626	6943001329549141640	0.00381058158715
2556713197888694387	10431293645380910640	0.00259972756283
608243286648107479	13900894612825568640	0.00270724495528
5484980252594534675	6553526407217772640	0.0043814159414
4958291007858976889	7043034867809920640	0.00232602173319
7260054872099886154	8229474715281733640	0.00235408183849
12166490679890250997	10761608184789372640	0.00301538758438
14827351791153126346	18025354667234929640	0.00542525639181
