7567109503503711185	12200188673153778150	0.010313663878
12210053197490013397	13261123246025347150	0.00871975133019
8070520865869744201	13337571146911413150	0.0816496580928
11358251497641795286	3913084494492815150	0.00857966199371
14589746151164643611	9114196789809539150	0.00235519150016
10746624045260663446	2615808077173880150	0.00218285465244
3400171464378087684	14448008675032291150	0.00824589791307
6876601565993295713	10182139447617098150	0.0117242076352
8255473091473452693	8244303764238599150	0.00931210111596
18237565259901386843	8471348549508080150	0.00334214593621
4056780867909571150	13424831886060471066	0.00534263047621
4056780867909571150	13431400810972353087	0.00788698475272
11085478110317925194	5969333419759476150	0.00774287016353
8798286606681346648	15773835374255706150	0.00392383215931
2560020266265146150	12447837037414965494	0.0390434404722
2560020266265146150	4698697641749961490	0.00484979968316
2560020266265146150	14596250906799017773	0.00304031430205
3048664029231292150	8289710512842721044	0.00851750442335
3048664029231292150	6940037527573522583	0.00465807062426
3048664029231292150	6952992274138161594	0.00720637671737
3048664029231292150	6948805514388288081	0.00715894632646
3048664029231292150	12211143410836364219	0.00255368077014
10533006172231491029	9606903307230453150	0.00279262069868
9030972030212154474	15742111209515031150	0.0028923728327
8662862117104979530	10341985019656824150	0.0033659541621
12577769244230099150	13596142442957144736	0.00384643835655
12577769244230099150	12104025436898743728	0.00248867122263
12577769244230099150	15630385920894799077	0.0122535770349
12577769244230099150	8059523475540637510	0.00217953393035
12577769244230099150	17976348617612376246	0.00430690541366
12577769244230099150	15631656569794409835	0.007900757719
12577769244230099150	15637366539878936106	0.00400995705559
12577769244230099150	7017629583141617063	0.00416341526807
12577769244230099150	15632805971809224611	0.00477654930113
12577769244230099150	15625427552895780725	0.0071888515469
12577769244230099150	15640455390253482887	0.00307118586332
12577769244230099150	13027479394471676860	0.00280419147292
12577769244230099150	12638900247564918903	0.00642691572733
12577769244230099150	14693444865205160986	0.003885436701
12577769244230099150	15644929058225692521	0.0030043444188
12577769244230099150	11193405462414960379	0.00571661950475
12577769244230099150	13133081153862928201	0.00611646536181
12577769244230099150	11409282202709538610	0.00297666510987
12577769244230099150	11321273519666298030	0.00473301528539
12577769244230099150	10918282342997953686	0.0117851130198
12577769244230099150	10918193398521382594	0.0115701689083
12577769244230099150	14110328535240104234	0.00362190487677
12577769244230099150	8178899064376891794	0.00328922455311
12577769244230099150	15630438426827649720	0.00296956935458
12577769244230099150	14516674824588293954	0.00692045665448
