4448771352712677350	6642786474447093849	0.0167435847734
4448771352712677350	3435739450160248919	0.0155832066121
4448771352712677350	1980178490165585771	0.00541038731049
4448771352712677350	11746539821998049915	0.00304828468319
4448771352712677350	10492323434091024621	0.0100707436814
4448771352712677350	5961911885500449943	0.0830454798537
4448771352712677350	11922313541184727141	0.0149154084911
4448771352712677350	15187870955042856257	0.00824701949875
4448771352712677350	10878899121250469298	0.0124912201964
4448771352712677350	9184518172091573437	0.00335581806703
4448771352712677350	16251183254616396866	0.0450377349111
4448771352712677350	15752432483730535902	0.00316240415886
4448771352712677350	6987650405081223466	0.0120877369257
4448771352712677350	9162990356992286006	0.00539894158726
4448771352712677350	11923160890997011009	0.0217339954092
4448771352712677350	6328058705532732733	0.00815898474605
4448771352712677350	8534174209860054519	0.0217339954092
4448771352712677350	10058429599489723075	0.00495407798667
4448771352712677350	1725842758431442050	0.0223550917005
4448771352712677350	8525448627227447102	0.0301237616564
4448771352712677350	10578395702630538342	0.0109803955341
4448771352712677350	3456531490015544696	0.0364178520365
4448771352712677350	2639492729120384642	0.00888301269074
4448771352712677350	6236248342807922918	0.00344234589059
4448771352712677350	11550310477564011631	0.0323254091918
4448771352712677350	13128340759143361969	0.00508993191778
10929340167770601450	9973269312896752350	0.00397464316759
4222394122863980700	15027822247114109350	0.00268253700406
3314317458444279350	11764924657684397818	0.0223105374127
3314317458444279350	6260397776061273040	0.0157212495243
3314317458444279350	12891097912012262208	0.0253673144716
3314317458444279350	10217102690057388688	0.00650311085683
3314317458444279350	16322505623021350608	0.0126480988332
3314317458444279350	1434641500440760874	0.00607020110576
6286967848275351350	17819308452537848625	0.00523825915897
6286967848275351350	10137070427054208195	0.0111414129455
6286967848275351350	4300682586665984964	0.0314970394174
6286967848275351350	13782856716333341388	0.00391007029431
2757589632327326054	6686524636720893350	0.00219724506343
3994878811908228783	13889898636884096350	0.00330049180992
4113124437208820263	9601690618574930350	0.0100610546329
3493790065178674350	9991806042647683088	0.00323931774196
3493790065178674350	12402453562762018111	0.00621970413571
3493790065178674350	17625167874457612069	0.00440759642721
3493790065178674350	14490926152069247023	0.00287361067569
3493790065178674350	9419660037764879120	0.013274466232
3493790065178674350	12634884159362242816	0.00246538103174
3493790065178674350	6900824120667717380	0.00340551971239
3493790065178674350	7133128099634497602	0.00684385910829
3493790065178674350	8745613058854522392	0.00274695214477
