7098822825482159764	9269867160379816397	0.00318163313973
14966572567544368463	13581553434957754397	0.00206594814467
6096925389776505822	9323113759280624397	0.00687890676994
13249356283668755252	10461738868886751397	0.00205088620507
2285971327044734147	17576872439343700397	0.00930806623509
1562341169603230397	13427950363015854156	0.00609303184999
4319705575908075103	17637334996968793397	0.00682693267099
5848607306976195507	9579338748585805397	0.00335089710917
2480779665419861137	8787916986499804397	0.00210773550449
5303372250672480237	11281593240320519397	0.0024319457367
1240204573892731283	12060735150165302397	0.0035054719306
525520159920850101	15776743294837409397	0.00497974870233
637520481996272397	13941111261384545043	0.0229476130274
637520481996272397	17184744797500859278	0.288675134595
637520481996272397	9431704220642813963	0.00558572059473
5458642795994564203	15328720975791906397	0.00523072936595
12623824798727337397	8643679088466466844	0.0211572109187
12623824798727337397	17104399796949531437	0.0507673082567
12790551880177491017	11281593240320519397	0.0032792349624
6187016024157525878	12058493335723808397	0.00376306996658
10868753944950154449	14758716879319335397	0.0175249909308
5589706890409400189	12451610565316036397	0.00421195465562
6080283031108757831	18234443958729725397	0.00760373830841
1884710956859942908	10042473914643972397	0.00573265967075
12592718484760972211	15776743294837409397	0.00248987435116
13170664007161206532	8223991593299814397	0.00260393710876
1898638732333535374	7617595294231878397	0.00341549656143
1898638732333535374	11998690472283343397	0.00261662680157
10450900716390870009	7353289272480918397	0.00275648450443
16264941601817424177	15428283677419549397	0.00494528635953
2220045919753326397	12213616070851206444	0.00458416667688
2220045919753326397	6957886780355522917	0.00941972104851
4334583779447883397	8256531846903024264	0.00287996741278
4334583779447883397	1497393896979601532	0.00235043754529
4334583779447883397	10839151591634227791	0.0021689677764
4334583779447883397	12201148489344705941	0.00415700707454
4334583779447883397	1387130651704491093	0.00213796288299
4334583779447883397	215857849569841597	0.00741391905739
4334583779447883397	9154597457921040663	0.00374261561904
4334583779447883397	6951167304003765362	0.00486498498066
6850690423627364655	9202242854701457397	0.0119022319373
10905145214338009397	8487734408556664855	0.00846394526865
5979796288040077192	8703264908448991397	0.0153483308639
678580961388698331	13422023243751779397	0.00293211007761
13118828927178979106	12204497120770497397	0.0278855693267
15067331928907165397	14015923170664655648	0.00239938583583
15067331928907165397	10373614684709850643	0.00229069377581
15067331928907165397	8270377761040295268	0.00200367409951
15067331928907165397	17224186728209335962	0.00801875373874
15067331928907165397	16117364952533891835	0.00477214175995
