9359120279157008146	1324761412905476218	0.0041332195887
2453169226846562095	10352526674281644218	0.0557278212575
4170502101248932838	7690661218151013218	0.00286034356277
5866881787118311539	100743853634004218	0.00872041440394
10825324558912416468	11191846473284647218	0.00601384779324
6538474648010688049	12208315608650007218	0.00416970818818
5538997794968227276	16783699465217356218	0.0058572750657
6006688843785211591	9881879477126190218	0.0242464322484
6225962227623253315	17259464386149511218	0.00428290073224
10039232667702331218	11621453663411225180	0.00880348546166
10039232667702331218	4501018749558009824	0.00337637509775
10039232667702331218	13440443941980888220	0.00561310776627
10039232667702331218	17637702938358369936	0.00849565240036
10039232667702331218	9191490074160178871	0.00293063651296
10039232667702331218	8670954127384552806	0.0176418708008
10039232667702331218	4461663345865862389	0.0145989290618
10039232667702331218	16437498921666911402	0.00738696699993
10039232667702331218	4897698573299220995	0.0031274748607
10039232667702331218	9616669452584703919	0.00269900863377
10039232667702331218	11419901684504542578	0.0159576725581
10039232667702331218	7715375106179809089	0.0104661847448
10039232667702331218	5867551774931091535	0.00349270524431
6433870931626848757	10728129667775256218	0.00267008656761
4758397439208406795	6475446517470398218	0.00543510369
12305737737245886934	17174298483685066218	0.00705398259484
8044017454428682218	12494045283364835402	0.0122425526719
8044017454428682218	14398603691432247018	0.0116690007002
8044017454428682218	6482948032562642539	0.00308641975309
8044017454428682218	5738281162262546915	0.0050115398277
8044017454428682218	16261359362210100650	0.00643889507739
8044017454428682218	8937558204846885396	0.00203050812758
8044017454428682218	9139844722360619301	0.00239368745676
8044017454428682218	5735397323547073410	0.00254936189809
8044017454428682218	18243309176642937758	0.00291130993233
8044017454428682218	15453839196567487111	0.00235545282516
3765696840161660492	15995052669605531218	0.002876771873
3720540859974033559	11977419553663269218	0.00299452204063
1941318728471833134	3651271356694933218	0.00395798341771
1096155433243725025	13921551730661188218	0.021837392736
6558905586298361261	8351342930553939218	0.00675737378399
4728570107142694218	12215566694591991376	0.00290168509159
4728570107142694218	2830751263039116998	0.0187778941547
12232537247360027218	5696665406696949072	0.00699232314722
1138121734635983929	9603568900727605218	0.00337441379924
14872481081943017367	8567226152242827218	0.0339422116651
3086344863625745822	9954337230539177218	0.00248640083518
2817725934275883463	9509171250891948218	0.00406561174114
9279304599252821218	7607296933811456069	0.00256031790881
9279304599252821218	14045621660830681159	0.00208076106518
9279304599252821218	2179605226334365617	0.0055598472175
