3332907966947704947	8511902751941668192	0.00249645287606
14347407792834163192	4310519536705595372	0.0124669285857
14347407792834163192	12752791118492407006	0.00288262254383
4067888400649134873	8799380766700061192	0.00426122607318
2610480044469791985	3250197277771471192	0.00742781352708
6778157604264577879	10276141083401573192	0.00260427263695
4144299626239858192	12216698611764340646	0.0143754745108
4144299626239858192	9993548677252718813	0.0057622771856
4144299626239858192	8590459503569767742	0.00270767165641
2779234996913349370	8516544413294117192	0.00609620117757
4666479340885011911	594910914404756192	0.0176721478461
16141695701928426258	12614522622495601192	0.0079681907289
2760750706813428133	13552369219270873192	0.00398662736049
10753252898000339881	10507182274963074192	0.00223567676829
1957308526281083539	7552561621801330192	0.0248145833493
86605412000284790	10417629281519462192	0.0112112132333
10062086968696564035	8283629904572797192	0.00308812643691
12383730640995373054	14515671580254355192	0.00321276124375
5544084508441802192	12209049309299151381	0.00814679158003
5544084508441802192	9205358710095775736	0.0201210909146
5544084508441802192	6531902956845375534	0.00216251223631
5544084508441802192	9231292382220600525	0.0181698090536
5544084508441802192	10634614064523558755	0.00369767264076
5544084508441802192	16799104197048302596	0.00287784381546
5544084508441802192	6455511257885392921	0.0022510136768
85485085334711811	13552369219270873192	0.0101639453523
4761680172651666564	8243926657498231192	0.00799641840665
4391894819253813192	8276457931923396324	0.00920886835855
10090071004234218684	4010362841194679192	0.00571130262911
3552537965877938863	11637089931577984192	0.0107248242015
5078264540421852691	17982536355850775192	0.00293188323067
17838427299083099679	6061964917610825192	0.00626962328219
12282341975256160521	18041988131821602192	0.00574447073574
14387327933550610192	12215381770481471854	0.00382558157923
18035619143915400138	9259788783988540192	0.029617443888
496775034276217972	6632915467620076192	0.00523431092928
5632588252589100082	13555747282620427192	0.00219636512429
2303923850898148599	7225762898846682192	0.00371088809619
12121085440380821192	12345078104062351734	0.4472135955
5098916675825500808	6944143804082903192	0.0149906337799
10318465947008962559	16381742709309754192	0.00605771417845
11827289955128753526	9313917548698262192	0.00708614189666
3306962843499543665	6949959340105744192	0.00234571226228
4703084241946149424	12443890460781925192	0.00758665074213
6966477724892249209	12893816685808081192	0.0115872443665
2310791107102175761	12202368749668681192	0.00331744761941
2300065793022144768	6658005361303368192	0.00555727102744
11294876484072072695	8799380766700061192	0.00401752247002
2667097253510048407	9076589276653541192	0.0181848241863
11657668142197017795	11561747068652440192	0.00866458741517
