5193173242552188633	2827761197048506505	0.00840009945777
11775807136355711794	8274917902702481505	0.00274573002044
3290666894671280930	6350309104735978505	0.00222658069025
11975524437896129193	1073904300494208505	0.0257855311565
10311322397068724708	17950208901651488505	0.0122370516369
9829281201324781591	8294822490334150505	0.00289661664214
14939250030535642329	16682954908739710505	0.00240647577985
5892741341774511637	9497992851065354505	0.00623152753213
4282536422180645875	10328706204720845505	0.00257817601641
1670647436649960619	9566346372303250505	0.00523653519672
6159654541942582711	10732097968617362505	0.00303868562731
4588216984255281257	2858834679311216505	0.0124630550643
18252985338920546533	12821680214558495505	0.00618321482629
7311555824211044505	9833004483497597057	0.00703179938079
15573629949014895505	14570421511662651277	0.00312836235242
15573629949014895505	18095676947581303578	0.0180775381516
15573629949014895505	7343663305730032381	0.00271923924152
15573629949014895505	7915191053957339543	0.00214674341841
15573629949014895505	8458028952868013530	0.00273628793043
15573629949014895505	1854112249466500975	0.019245008973
15573629949014895505	16797162123356004629	0.0118345267083
15573629949014895505	13437390744090235322	0.00440995302984
15573629949014895505	17805540110065193823	0.0052036771768
15573629949014895505	6690914593387972969	0.0022182821088
15573629949014895505	8055091188265490465	0.00273291377218
15573629949014895505	18060592784770663144	0.00216204213978
15573629949014895505	9006487075123030669	0.00612334166006
10540777610346336699	7913399640334569505	0.00658493535946
12425086456405991661	8015492935054849505	0.00683266718076
3920117629990909636	17411287885670641505	0.00250807015897
5736794807487588649	15429426692096794505	0.00649556098891
1661822863834758505	11602074656709183842	0.0114257736225
11790577278573005093	5001644257212700505	0.00594869366902
2818387436915587491	15197790122973461505	0.00203615740594
6468601455043372271	14922533248303240505	0.00500150067534
6087748422524706140	8280235660618010505	0.00503364915719
13366233268751114783	15633825638842561505	0.00446740301493
12455841510475021505	6944507420238925744	0.0130643633612
12455841510475021505	10321781003117655778	0.00546684841203
12455841510475021505	8467284247899126182	0.00276454137312
12455841510475021505	6175424187433531105	0.00216610111734
12455841510475021505	8243585559769181233	0.00947282356095
12455841510475021505	614689217421356428	0.00908190670307
10371326380204801593	16810561903862771505	0.0042444959373
5541920663704958864	16910040992775438505	0.0023624163832
13092842369732136358	9324762396063588505	0.00510509819942
4601544385995226376	18149105288206174505	0.00236524958396
6356741859640117152	8239457035303460505	0.00248004614913
4550654990742580041	12343352442004831505	0.00494081759904
14917980626293234157	6888555391920318505	0.00260565142889
