10476659400704048822	16577811156983133070	0.00943186391624
7128008919752923579	9370423373952407070	0.00648967664564
13996711592373169156	13913438101932879070	0.0254823595719
10919133803838814957	9426080146890654070	0.0114965314449
4977371833102689273	9404128856578489070	0.00365675323816
1086081892519218443	17888851918007398070	0.00337314654354
7048420594624819659	11088475082375211070	0.00346821041011
2286337055418276203	16420768877385867070	0.00221191306241
12215444236273147268	5701417136340771070	0.0258976989622
4972361401213355015	12397330051958318070	0.0156173761889
6383304995182354729	10426773349300401070	0.00249532564253
5549803081736709167	8220334239622203070	0.00328351011498
12406737552653464650	4699812817158835070	0.00434515738635
5742177591387736099	16577811156983133070	0.00233378107329
9513396647344616620	10827956820144097070	0.00396488390058
6326816344149313244	10682477074644833070	0.00423538744375
5619876447734043381	6399356230951859070	0.00505980617266
4564800318312187021	7526542245173696070	0.00623443335067
8219951479481803691	10007191347049568070	0.00295842451174
6082648295418757206	12309818575866496070	0.00340348750256
6236864177283592161	17811113417405087070	0.0276818266179
15241349448133405131	14487640849930034070	0.003893645286
13453786296981168544	12847825005647464070	0.00255168471911
5997632175382841215	558584051600148070	0.0128405787122
2914920250692595935	8271367790076306070	0.0020292284666
7050668900784534792	6939152837193303070	0.00458937760374
7649983240294577475	10155506748509848070	0.00692676261346
6166670673573521627	12679424699203877070	0.00305606116799
6268124898748149879	8337631981909962070	0.00232234317415
9242884445192470278	9200600619214098070	0.00345403052838
6165436568669633530	15496200845846986070	0.00684706691681
11776110024821362652	13033856342859397070	0.00236782081071
2106858356152421666	10383090354823107070	0.00253329410699
3664550503930792570	7189272714553048070	0.00476152687794
6031899325696593933	8212687221593606070	0.00565134122949
14190430482622872424	8365469240400311070	0.00216152690239
8564520191233015699	1755274605936066070	0.0385185607886
10020314603009354326	14858217120820681070	0.00870784180768
3028782269248493936	11440867282772121070	0.0147058823529
3925988831205059169	7710768566719943070	0.00208179333972
6047648219829450291	9596034640571663070	0.00450217563929
4956733520564000154	12757099576509570070	0.00243570851968
6170090273439933888	12217361655912681070	0.00640709787032
6553977325925451758	6122073057474532070	0.00514616855995
7339051546439263131	1231370123304705070	0.00391048881936
8246932588206896070	4568508556411876105	0.00886832943724
12489175304770135461	12309818575866496070	0.0021525544992
6136780761646871504	6808144105699677070	0.0298540717013
9118998221919576663	14067734304402661070	0.002385480165
17171699670687831263	10016002949197017070	0.0102868899975
