6831666072093008797	13443725936875439028	0.00362719035082
6831666072093008797	9081287770086123400	0.00228046761313
6831666072093008797	10831805273260569773	0.00255996552876
17115824293186652050	9274049148546876797	0.0121160952918
4601371990735387256	9186427072534451797	0.00389591991368
12816734374497512939	12507387908484125797	0.00252178138612
6952201662688556243	9875766659233769797	0.0102716839433
11624425636551398692	8806211589941287797	0.00639006987899
12270239084751879797	8248254167650515595	0.00440507263067
12270239084751879797	8246287167208635279	0.00320799659491
12270239084751879797	17317369263722463832	0.00364188180657
6688080719126365797	16238953393161533584	0.0112423437603
6688080719126365797	9349573340337818497	0.010905702556
6688080719126365797	3602077485291293583	0.00846121804278
6688080719126365797	18347780125102927157	0.00268043538953
6688080719126365797	6475393421995086955	0.00223428126688
6688080719126365797	10272071525366720620	0.00410332602687
3933121877240501082	10567218597770893797	0.0219793491132
7929242923649845316	17831784858812516797	0.021790681682
5757217303663599385	10269568421964190797	0.00696665380159
8241125632566427204	10476495481817087797	0.0144942758913
6336772203648472550	9162616283331559797	0.00398333670589
12223994153262602234	13933819621534421797	0.0107248242015
5087786494342068507	10041925521231995797	0.00288094728214
18094914800892673635	4786199682892761797	0.00945967539681
6979360805989168583	8538035536306915797	0.0023819653367
1326653572586679797	4310976721328888488	0.00762404205165
1326653572586679797	10047874638472914098	0.00637149499916
1326653572586679797	12198678311895123548	0.00274160963397
1326653572586679797	6595775058540092196	0.00221357610019
1326653572586679797	12204788478440155391	0.0138422392574
1326653572586679797	12202751989637524279	0.00243364475703
1326653572586679797	8280688719385853623	0.00456235905023
1326653572586679797	12505593517056091093	0.00212212371946
1326653572586679797	1665621909562633083	0.00531794537264
1326653572586679797	12201043760765304058	0.00262927660712
1326653572586679797	9777980490091959780	0.00747059570589
5855158051196678606	10231533213205257797	0.0117338890635
13055182047307188537	14670968882708896797	0.0615457454897
5009169537646374159	17341413119355785797	0.0228336688639
11164647286848830822	6786632955982100797	0.00459412144794
6825289664302059837	9216299076613328797	0.0262431940541
11683233537871077764	8039558264442643797	0.0164621599442
4051142064949696363	6065333164254496797	0.00300178509201
6446204029275487662	6786632955982100797	0.00369008714631
13457765493610694970	14737624662761669797	0.00557624670932
4301555264964227287	10999857201381180797	0.0185823536562
2070640657780344677	6951001007198344797	0.00639072229309
3393989561248599666	9186427072534451797	0.00308370373195
11293080814274996661	8386201450010988797	0.00763381020691
