14202274878414748685	12077196415217392920	0.00284479192082
7120025310752100967	8226210406971335920	0.0130811189963
11845025619112914625	8771392374561076920	0.010294518393
6023031306191536353	15226531733110939920	0.00258820806882
9465215286720046960	5605356485779197920	0.00852183320942
4418272500243562920	12192750290548979509	0.0106047460496
4418272500243562920	12890224606966925557	0.00700243026503
12138811045604471920	8617585400299865503	0.00238664164206
12138811045604471920	1525209811010432908	0.00732134265822
12138811045604471920	13488945700142933263	0.0105036453975
12138811045604471920	3585755640466044311	0.00226604201002
12138811045604471920	1211608523005980627	0.00274055927586
12138811045604471920	13098901004900239684	0.00761431129841
12138811045604471920	9714356658510868935	0.0295656197995
12138811045604471920	14421381285552826170	0.00262431940541
12138811045604471920	8142822949495976241	0.0108798534972
12138811045604471920	17278263209636712787	0.00233065410316
12138811045604471920	12472593106562633385	0.00870388279778
12138811045604471920	14002585729723571751	0.00262431940541
12138811045604471920	9543490746580279823	0.00640499476904
12138811045604471920	15525567456665569916	0.00259307639409
12138811045604471920	14495447644198476919	0.00318814277445
12138811045604471920	8071075979934226406	0.00233065410316
12138811045604471920	8289219860334084041	0.00228838344363
12138811045604471920	18103858962136917605	0.00256292331776
12138811045604471920	9990179658838644921	0.0043375070593
12138811045604471920	93502281108532149	0.00543285731516
12138811045604471920	12215188904917546916	0.00359963832651
12138811045604471920	6944849647181311196	0.00201780291771
12138811045604471920	10321227756087821469	0.00725323566482
12138811045604471920	15969193036513855880	0.00769321818621
12138811045604471920	13812645619971607705	0.00541880073969
12138811045604471920	15973862494967499062	0.00322735165166
12138811045604471920	13979305124653987395	0.00426060720365
12138811045604471920	12195645317585777043	0.00576428719888
10622474994498053501	4215861856596331920	0.00356400372119
14338896666363477920	2437327195388476601	0.00248148889532
14338896666363477920	6704630051808121422	0.0118921281732
14338896666363477920	8448715772794501126	0.00500062511721
3622198478601349195	6945930923248574920	0.00910144578848
7908096228066296405	6266199018471389920	0.00619198013973
2378837035732520646	6938341423478589920	0.00275868629534
8636972474425615920	10829119263627391276	0.0151203070542
8636972474425615920	13494701192481187932	0.00260489105486
2267625591925514355	90573968056877920	0.00575511569395
6215499643596437789	14113330146950626920	0.00707142139177
3395039304456490649	13922714537367239920	0.00392292627632
6125859377808382759	12920752431108927920	0.00539289296719
980568010422571920	10504878447631305589	0.0235440804674
7189676520117419920	2092274476054277423	0.00403186475662
