3533936257966624405	7386059123443972094	0.00379147089754
3558309482125620066	7173608719679742094	0.0032791997001
4177642768010860722	8458061827847104094	0.00276352776141
10908842286196551571	12016640715462744094	0.0035383657317
1512414755018089931	8287693789845296094	0.0021967413544
9290067998894940018	9512506985213207094	0.00310910044197
4100594029260712316	10398147118710729094	0.0155304968953
16463653396810728282	8418299288151025094	0.0056593902245
8082174701266411296	12436505741167110094	0.00233762291106
2127544611041310714	17654839169790354094	0.00797579034028
13453999574500489696	17748318727072343094	0.00551493883202
6880267337418632710	11265513372309453094	0.00253432709703
5594905031602417702	7964372070224043094	0.00739140494986
9228606080142541751	8351714358146686094	0.00305526230217
9660143412634327293	18025708337442945094	0.00220205565358
5802280488036866977	12438467583408678094	0.00218214772904
10821110294321954135	8026963102450806094	0.00210356234906
10499351142522910527	11703637368966172094	0.046373889576
10668226634106437094	12818461433428169001	0.017823075145
5693447403952577184	8181475003998885094	0.010950071997
12512343132638465474	15656245391992422094	0.0141990458562
3296186790843420087	13279749750928366094	0.00822606560672
2892724778811486947	11265513372309453094	0.00327180221355
6346213614412272094	11726084322369845278	0.00623419104385
6346213614412272094	15910358812327427240	0.00658322283669
6346213614412272094	13091758126028181304	0.00298962012055
6346213614412272094	2808531322660886036	0.00269243634286
6346213614412272094	8725401331918087903	0.0032681832813
6346213614412272094	4782954200618682696	0.0020600523536
6346213614412272094	14952826115904572585	0.00423740225849
6346213614412272094	6481138756280394182	0.00382150101734
6346213614412272094	15910318869051155559	0.00435586178878
6346213614412272094	2149296631535630297	0.00204391732911
6346213614412272094	12205138823143372030	0.00267003897885
6346213614412272094	13077856742678807944	0.00245563159127
6346213614412272094	8296910231288288272	0.00480885954035
6346213614412272094	12893502045050298859	0.00428231163678
6346213614412272094	2152019958720508594	0.00283504617927
6346213614412272094	11724213198399018710	0.00712995486789
6346213614412272094	17346509819636353468	0.0027005730684
6346213614412272094	10955690887414465505	0.00827379240402
6346213614412272094	5993977784225548949	0.00523280577682
6346213614412272094	6470306148561441342	0.0114437151781
6346213614412272094	6810492887138990943	0.00535594746655
6346213614412272094	8299170608214959273	0.00279887037996
6346213614412272094	9098905043415597321	0.00420309074433
6346213614412272094	2429424523460631176	0.00256587448968
6346213614412272094	6951144845595825356	0.00234177909826
6346213614412272094	15709212738143218922	0.00214976227899
6346213614412272094	15907000452818192266	0.00477687627168
