6650151026374367571	17203603427889608072	0.00347404466377
1972287689018587585	10326559425660335072	0.0045727935207
13330042847193708046	12342704111724742072	0.0333333333333
8198689131778453629	15826653870021012072	0.00287505925378
12862063765185958247	2386905124158655072	0.00381646032048
10089660269582814366	11739539210826174072	0.00485048424801
2294168778118277270	13684030529316470072	0.0045401576579
5761892166277339072	12303802035287187774	0.00232817670019
5761892166277339072	18365927134357560538	0.00438318330319
5761892166277339072	11452231913795633360	0.00208621473414
4189749301593345105	13568842285293387072	0.00433963036603
3520480427523194928	16367585594904864072	0.00663577165322
11688271218303619530	15453034078594353072	0.0158990750187
13262415696694843398	7139651725496940072	0.0220272866818
803360713400109164	12852874115393929072	0.00521690218106
14470289070577619235	8347682171069940072	0.00267475307819
6579968303106438398	10674450576487380072	0.00238237088116
13133490485898979072	5387316330515817436	0.00209254940191
13133490485898979072	12199013134576925385	0.0156960536449
13133490485898979072	15549573407823504259	0.00754078338632
13133490485898979072	12192274446914638638	0.00644129899574
13133490485898979072	12190274667087152381	0.00499183255582
13133490485898979072	11596126124042721057	0.00808214408281
13133490485898979072	12214874779688820487	0.015457963192
7634507938883390681	8179567542363710072	0.00225454643835
3707233253074473011	17954712861478450072	0.00216401556816
5328838071585458731	8166950017250338072	0.00574437595735
5891214141568427810	9340739266858722072	0.00855044465606
12111024660415125072	7625680627490943092	0.0287005788965
12111024660415125072	7635636108333242131	0.0166759336491
14074835080425434602	8897665413544446072	0.00583628870276
6914741968061156943	6175878921166011072	0.00656532164299
7570011631863887072	10835408125359072697	0.00504973227029
7570011631863887072	3262585685089712206	0.0061884221436
7570011631863887072	16655834070301243531	0.00326553353445
7570011631863887072	14663110223565168792	0.0400320384513
7570011631863887072	13428665775864691016	0.00440909564614
7570011631863887072	15748484089892797262	0.00474152026132
7570011631863887072	14583407471035238617	0.012944509327
5837643644601587552	6488681366899292072	0.00584705346205
4352716950350558291	13397470626218296072	0.015625
3089018304180510080	17292446942917908072	0.00304968772796
11255496344817175351	8092534285759948072	0.002619237387
3594063641523449313	8820286155106209072	0.00662527754283
7033010195289994549	4901068657239870072	0.0210351580956
11252591685588337971	5605377200400727072	0.00401499590942
12754623641220915711	12172216035705875072	0.00368750214624
18359414771258953514	12803128282871702072	0.00394226643286
4287765579225219072	7179877216051167489	0.267261241912
13812417565261310072	17412963227688467875	0.00305544769733
