10222096599163151023	11161018656721144585	0.00443608400617
13983763093918019222	7865448906427149585	0.00661990406637
1854649509324170037	13813756370165384585	0.00210147112442
10450497041484570731	3260336513732434585	0.0165976532577
5782198371716921159	14228253618719229585	0.00309391487017
1098530795198076439	13444073983990509585	0.00603769630002
5758987623548605775	14278951301463249585	0.00231021441541
2253653178356837585	15552214332049168430	0.00385766985872
2253653178356837585	8718995866842771308	0.0115965901761
2253653178356837585	16853005229584631450	0.0115662986393
2253653178356837585	13245387035590802573	0.00947963119643
2253653178356837585	6258947116556556431	0.00280567004049
2253653178356837585	6525403288411371257	0.00244791623836
2253653178356837585	11040861994061320859	0.00581995674275
2253653178356837585	16935623707793210272	0.00293020871404
2253653178356837585	11703120456792602422	0.00502037385506
2253653178356837585	4711155237468716443	0.00795683193377
2253653178356837585	18240382890245425112	0.00463993413567
5326589941547813754	10448430762429357585	0.00517468321397
15076634758779048757	10448430762429357585	0.0143591631724
5286411250829473451	8517899011947423585	0.00276592633188
5229407213758844886	13768047319951376585	0.00284744320425
13200669274732061777	8071960618752096585	0.00376974866566
3307966099354308363	12450034613274591585	0.0109817196699
3733802993089361221	16395301220124957585	0.00506162069887
5348412322918587423	15947366930608578585	0.00496077886374
15976105167399127585	17430049990920035683	0.0241825416703
15976105167399127585	9833079820293089013	0.00736609528445
15976105167399127585	87338800209136416	0.00245373838846
15976105167399127585	8030962916275861803	0.00293736747723
15976105167399127585	9842248815389819808	0.0471404520791
3575668390721154479	12892430062334063585	0.0112508790093
4751047352695204770	7007402155838509585	0.00263358590633
11833979268778031518	12435752992211588585	0.00266681838332
17888586637182715649	8283633357757510585	0.0077264434562
2526560089862231585	7958402366697464402	0.0266123147706
3770461429249682344	7818531238265270585	0.0118478090096
5407535631516428003	9467062456769776585	0.00762603703281
8319695115416990410	11460725009823983585	0.00214069460454
4930159343109856805	9954295745189562585	0.00278369080925
1570388430400960577	3033666931961043585	0.0085825053999
6310441872027721638	15140934943076336585	0.00364524354061
13391378449745977585	15835482407229772708	0.00384854569769
13391378449745977585	11023774003829984305	0.0629940788349
14066136577878219585	16777370107782004585	0.00436087050268
14066136577878219585	15966010606830960088	0.107832773203
7963832060640270723	14600296739083393585	0.0141421356237
13024124985944948414	7895177502654546585	0.00485620025114
13588172881362472983	18198984272334132585	0.00304138278584
3766556924050960362	6861141276006068585	0.0125629726907
