4061964530844486742	16116098602781835545	0.00369744515312
4992061119300741357	95200918235540545	0.00455279762036
2593558629327885807	10130790612255192545	0.00441713176298
12941373252671427282	15213834083948869545	0.00453413334594
5243988972095112863	1191343600883622545	0.0120753926
3170114266736262529	5262554813855179545	0.00573728092073
5049902018370662579	15213834083948869545	0.010216322171
5980822428802966409	10759490046502309545	0.00205982071689
9195577231027844545	10007581753422148768	0.00667319476129
12289474543335698908	9416417986473795545	0.00750628915185
1202165821526844152	16599361160286775545	0.00261713753861
12940954789602007545	7959679406481716757	0.00978841014039
12940954789602007545	17987223203632282111	0.0145049452162
12940954789602007545	6327946468878140036	0.00230081511611
12940954789602007545	11735413919413839147	0.0158590369924
12940954789602007545	8474275806368925252	0.00488072069748
12940954789602007545	12195315060279844353	0.0100442925461
6554477025446590111	6146107521504732545	0.0140859042455
1043515838024026923	14677865999751919545	0.0228575160441
18145407080650216373	12818419359326085545	0.00625782717902
6728079053578484545	10506669111866055243	0.00647877145117
6728079053578484545	5790103430115555100	0.00623346429287
6728079053578484545	9349101253715146157	0.00750037502813
6728079053578484545	16777774063208375458	0.00507777789814
6728079053578484545	1152417246173176937	0.00420896893563
6728079053578484545	13661479896238793147	0.0032328787507
17624470484959334864	8807709457264341545	0.00415675567126
2030062235791274545	14918474938354074678	0.0109369659815
2030062235791274545	9736004109981896977	0.00394607058494
2030062235791274545	13734178860835425798	0.00521534106284
2030062235791274545	6058114810161078900	0.00250986274626
2030062235791274545	4297660460478744809	0.00675044195746
2030062235791274545	8455563747600124729	0.016866980208
2030062235791274545	13765190124281178376	0.00205195670417
2030062235791274545	15273519422376675657	0.005622326736
2030062235791274545	11310545387115942770	0.00551569379174
2030062235791274545	11395087052276620150	0.0035046752887
2030062235791274545	11515524774787078216	0.0112615754582
2030062235791274545	283909197631380793	0.010755175493
2030062235791274545	8080876173527876214	0.00227155425212
2030062235791274545	13229669052543734557	0.0173421993905
2030062235791274545	7640653609190707310	0.0036712391872
2030062235791274545	11319773695541729512	0.00471247464475
2030062235791274545	13741729555095188362	0.0164288019363
2030062235791274545	710067182403543409	0.00643756072962
2030062235791274545	11252935520581651343	0.0102597835209
2030062235791274545	12720044524513884781	0.0284555196612
2030062235791274545	9560376114312434793	0.00225721557751
2030062235791274545	15052775094168128046	0.00441102546317
2030062235791274545	15202890477228375547	0.00663650226392
