2703528184088433785	15606165216428646940	0.00485299680154
12609494596919343940	15949236439782627801	0.0195440776249
12609494596919343940	1967595638961758630	0.00877328007929
12609494596919343940	17956756385538553131	0.0370624658331
12609494596919343940	16997705921242817515	0.0152286225968
12609494596919343940	11669988966426088502	0.0024791085697
12609494596919343940	9376606353082788963	0.00853299475082
12609494596919343940	12216746560804426717	0.00262323564761
12609494596919343940	9116920442263691628	0.00349517910377
14540401873278772639	8854675177639817940	0.00234501559652
13323915647148438307	17462442608954864940	0.00697834837154
14365424724590239673	13410315368292976940	0.00385414408386
8986513140898452943	7623941610884472940	0.00228804797732
5229575704591098582	8070352200713214940	0.00253800566948
2906261365646549075	8143096112107765940	0.00475996231648
2913632683152140924	9515854781982942940	0.0141167483048
710733881114128784	7550029313527358940	0.0426789599776
5461030011764874168	7566305629133902940	0.0042860466859
1156983457247871940	12211998053577373749	0.0026402692029
1156983457247871940	7336660228280407614	0.00289463791694
1156983457247871940	12721018298839197806	0.0036632248522
1156983457247871940	16700631280570734484	0.00282681065123
1156983457247871940	4943403438019828324	0.00405054204943
1156983457247871940	11455788511803345795	0.00945840589732
1156983457247871940	10346061882127302221	0.00300714141924
1156983457247871940	17644801732294203031	0.00310043612252
1156983457247871940	17554601556355772588	0.00489168652577
1156983457247871940	15753887462932186039	0.0021963492315
1156983457247871940	11026796737399584950	0.0131613131118
1156983457247871940	16705711939121278687	0.00371814016065
1156983457247871940	6276294984107318730	0.0101383177445
1156983457247871940	7339786337552796089	0.00407056005641
1156983457247871940	12198007128761448504	0.00330600641997
1156983457247871940	8277015674485127662	0.0165885160959
1156983457247871940	10000816571848502873	0.00258769675107
1156983457247871940	1555344857891432645	0.00412515840268
1156983457247871940	12343488402543609225	0.00333591039289
1156983457247871940	12319028378981150039	0.00347862387534
3501675044914794592	9959921164311591940	0.00507228798298
5286411250829473451	8757022289415200940	0.0133905889197
5775115811908649095	11537878450736507940	0.0111296760549
12573257595561738787	13572277580793724940	0.0102576242483
9527667740903338519	8287866400179826940	0.00248277345243
13569837326821587749	5085645703945632940	0.00236801996632
13569837326821587749	10577264446426464940	0.0243757474709
11736410827216494086	11879099793185335940	0.00309360394999
14344987441254493218	6963151345201536940	0.0137153695512
6673723154303182940	11493249083033618478	0.00225926546682
6673723154303182940	15929538100482942655	0.00281879204788
6673723154303182940	6812461836261048663	0.00317612398102
