11614112964413314436	8278728736998501361	0.0029161708079
3307726539661193236	7672143406531525361	0.00389870214315
11870220951922951361	7622086481594401896	0.0214718875467
11870220951922951361	13242373372390802222	0.002458747142
5741118564739228974	17649172325476377361	0.0288675134595
3655816847441935903	17809763063641725361	0.0589255650989
5632362474305635811	339367726970401361	0.00871312890094
12767200469683586672	4538383992994731361	0.00221926517205
4315835379451807285	8278728736998501361	0.00271005695543
13488361651870985043	6945162419934206361	0.00278975031597
8365150831621308623	11393256665265114361	0.00247137427442
17287249310539197851	6241417812465019361	0.00268081100366
17155782444590686919	3090517457421265361	0.00495949750536
10307044154409884050	7118581753139863361	0.0115624322516
1948583017526173465	13036007974743590361	0.00497826751589
1463754270554348327	12218193311929725361	0.00654728501099
3186246528392770306	16745976087653374361	0.0111908362189
10941994207197760463	13974310813720777361	0.00523912177885
5957301998183557580	1333622674686971361	0.009763185849
12080528807914482361	913297894902125961	0.00409231627795
12080528807914482361	9471814263352544142	0.00231362498445
12080528807914482361	17506993961336821007	0.00571437901103
12080528807914482361	9823483850968614431	0.00807713337189
12080528807914482361	12485801348062913929	0.00591064448926
12080528807914482361	7703765881682746360	0.00280527258363
12080528807914482361	8577250872745420471	0.00867762668126
12080528807914482361	10723619790583193475	0.0122572584461
10577426067993290428	8455744090424508361	0.00871015372642
2839527562530525096	8060900187012180361	0.0203615740594
13700473924992645708	8488279225258213361	0.00855545003899
4670449299998708727	16422988127714967361	0.00487000153015
6228968038394551388	13538152134428943361	0.00432014820091
5819919668547309959	6772520253460393361	0.0357142857143
5888416958807073488	17869445954253517361	0.00665543585081
5948440512678725794	12918261174091913361	0.0321080649534
17557517788741911176	1212179513502893361	0.00603989847258
6206474831003410776	5691629432990866361	0.00402415301499
2099249558620149610	11646323578652492361	0.00720731250107
11433630461976853179	6214808664416979361	0.0303868562731
1023636911551519361	4432059032818431391	0.015294382258
1023636911551519361	12207841628914169645	0.0962250448649
1023636911551519361	18304103277168525323	0.00305668928809
4165135314542993786	12636146224722923361	0.00282395751318
1677704446083201684	7868102759301190361	0.00908340524391
5278244834640950515	6546710116600633361	0.0135831456231
7317189056484581889	11393102161147100361	0.00288682351744
8015344390103058647	7105679349183685361	0.00293180762672
5509354591224906397	11048277087582688361	0.00200090461337
14276375531457461115	15007200193717419361	0.00201224351708
6095725536969161325	17910290153670445361	0.002746983237
