7305177113730355727	9428870674226137320	0.00201442660739
11666333204562999320	8369573711551279582	0.00201219870555
11666333204562999320	12200928312093576992	0.0962250448649
11666333204562999320	11736134813467649385	0.00324282447454
11666333204562999320	12191392118826570394	0.006685412101
11666333204562999320	12714491506235015798	0.00859517705216
11666333204562999320	15927107582864169291	0.019641855033
11666333204562999320	11732367444160263909	0.0149370238316
11666333204562999320	16983636557013755947	0.003112954526
11666333204562999320	6933550902710146941	0.00588520459622
11666333204562999320	8360121179954264062	0.00484877337912
11666333204562999320	12212659379764314062	0.0118146867501
11666333204562999320	13126769115820299818	0.0785674201318
12077531323691686109	13178658490687125320	0.044280744277
3345323007593133928	18336679595948936320	0.00654476051311
13718252808619178724	4677861398608899320	0.00969458417912
4798589039241181463	12460169005378667320	0.00327469549613
10677591796024052969	13440631725229839320	0.0529998940003
12834804732964867670	12202797743818259320	0.0211904359479
2293830729435406126	12987223739966834320	0.0161416347074
660593234798912613	12460169005378667320	0.00231555939163
11221554030095581622	7897348608611713320	0.00484826047137
2231229034963428427	13439103263532024320	0.0321744726044
6131659047957204692	17909786976847672320	0.00974786666912
6359327193175092930	9224459973064836320	0.00529078312455
12650057808692496984	10890136854874747320	0.0167694617726
5861944621771968521	8793876025922209320	0.00244763025013
12869483711683927458	9453567744891994320	0.00215385227131
423858988613343320	11052863266666471441	0.00742228726007
423858988613343320	8598510926639568922	0.00358563460502
423858988613343320	12220723868040475759	0.010609519737
10757588293589395883	8506852695000605320	0.0181041815531
6151574489029428222	9401632058396403320	0.00234140034671
6137536500069035800	9978437048654227320	0.0233762291106
13401049780449655662	15786015167225267320	0.00607939244129
12481330152207764907	10536603275199782320	0.0128036879933
11844344091509487320	17365058072793897098	0.00219240790158
11844344091509487320	15794238517702338756	0.00228721593917
11844344091509487320	7769965005099256159	0.0136208941321
6181690846133957965	8702952255366705320	0.00309166651423
7047106179890311118	12874474815727814320	0.00295585152409
11640573067278276388	6723108199074111320	0.00338580611555
11295539462362659721	8776473540016751320	0.00238073645093
10302891728849347230	8776473540016751320	0.00212939541632
7114258414675396320	4256536177776117826	0.00709701938097
7114258414675396320	9301379051989631752	0.00679470762493
7114258414675396320	9233856394232828364	0.0206724557649
7114258414675396320	7809976410365497278	0.00621201896279
7114258414675396320	8444710413861720382	0.00579966014987
7114258414675396320	7966241820462790141	0.00565161198485
