1403662035208226764	10323226729927649547	0.00432855820087
4920280780744362790	18419234310827400547	0.00267328082289
12917024803906366178	10323226729927649547	0.00478540114517
4370449536120572770	10703819319685939547	0.00227183561142
4429934987777252526	14252905480174800547	0.00469157941583
3809282490973126801	13132664326595698547	0.00692078811779
18178647882063377538	6890929766003969547	0.00240643397233
12362241193060803878	6056128314780879547	0.017010345436
4534614995720038576	17322488917045882547	0.037267799625
11859591485201082239	11849090814249169547	0.0051550501054
13117419125208146809	7003369177756058547	0.00549085983494
7681523947654740085	12434988934712735547	0.00310804908071
1004164135747722130	8458790862873253547	0.00558493651778
9990183796318619680	538907572966369547	0.00823024360771
16738199869070319736	6190028420476552547	0.00201831247428
7189358948016113308	13882745639463854547	0.0173762011714
4849397199853210674	12207526910953105547	0.00499500748752
17753763757465501436	15930982197327943547	0.00200226383793
18200388181252398448	10972074931658687547	0.00696597765719
969317716696498547	11159939789640771575	0.00903729251462
3315485500608202403	8805149422778176547	0.00390476073599
6361166195911876764	13437759591710394547	0.00428683425811
11025558080515873547	6366850286702588585	0.00449848426616
11025558080515873547	9275340348879416038	0.0033564607087
4024963387801323256	6257338306657102547	0.0287717668824
13070466447310385547	8593306009703572258	0.00530192585018
13070466447310385547	4491669177036124986	0.00368519780157
13070466447310385547	11751052235274304803	0.011396057646
13070466447310385547	14027339865883516860	0.00241712361336
13070466447310385547	18329225124406980285	0.00264646595336
13070466447310385547	6618522606259748166	0.00292247782465
13070466447310385547	7712564432340858734	0.0360374985078
13070466447310385547	12832650632760557798	0.00222385914572
13070466447310385547	12902956799742443674	0.00446891949048
13070466447310385547	12167501791271072066	0.00403922553821
13070466447310385547	14903191919788649402	0.00255591523916
13070466447310385547	746102298238143802	0.00374209149457
13070466447310385547	4805656101129718116	0.0128799263064
5626164357732204083	16118411745572833547	0.00312149637951
6635271974374572580	7586449102739566547	0.00660098361984
12138877376378588301	11738649903262187547	0.00436435780472
4309768287613463644	1469658917794568547	0.00334770350566
5721434458620508547	13764620593035696430	0.00592577636089
4845379538122211941	1300791928010498547	0.00280121935605
9315437627322725815	8042502414780750547	0.0100402416113
11836198969716553023	7354236291190282547	0.00747038724839
4859304499231628815	7209162038192303547	0.00453777308431
4393959929755420552	9425180895366357547	0.00232779820257
11242427366677623821	541179434710755547	0.0020664288803
12535473902042630489	12211059343631870547	0.00685816857996
