3944382097833258560	10266974266148408408	0.0227507877597
3285741692359034928	17372176684688479408	0.00632848019515
1706521116982669504	16405247347461125408	0.00446033169598
418498659091257938	6952918916214216408	0.00209570393503
7840730061034827020	7951056585277107408	0.00353112275773
13026569039826807408	17290254493012486841	0.0110539422071
13026569039826807408	12265201111633157623	0.00527486031695
13026569039826807408	16839302949715415389	0.00862838784661
13026569039826807408	8454466522349104176	0.0468292905791
7006352515486965833	14329487369271626408	0.00811614523349
11324774709909367996	12835975362764418408	0.0032644197781
13181443773918963536	5274087565552613408	0.0104886129255
7228041547196566408	16303632371669627388	0.00619840002755
7228041547196566408	13437884231613816592	0.0113533783882
7228041547196566408	13437801639391025352	0.00514589600912
7984472724793266182	15878632449839064408	0.00250567551857
7046835565161837830	11732869256881068408	0.00250451218657
1161224823718578845	7098735985554676408	0.00315557916405
3422662558598885408	15693376774077120050	0.00957080229034
3422662558598885408	11418134684313651527	0.0130144801574
3422662558598885408	17407317558903093370	0.0430331482912
3422662558598885408	10763672897670800574	0.0312195270527
3422662558598885408	9798976479275050157	0.0125808559349
3422662558598885408	10754277712592470566	0.0082411362739
3422662558598885408	13239947059435223845	0.00311254736433
5500942842012760033	6945836081291005408	0.00280595719775
6508554754253086408	8227505047597391321	0.00443329313832
6508554754253086408	12200936657233708487	0.0160540324767
6508554754253086408	12191273646425468355	0.00666370567755
6508554754253086408	12202702460096623955	0.00266226868178
6508554754253086408	7708761732631828622	0.00392594832921
6508554754253086408	13637965906717651055	0.00422087488387
6508554754253086408	17308642642004868382	0.0209426954146
6508554754253086408	8233604687154867767	0.00520790952981
5492956475103726962	1772995134214536408	0.00246268817869
5928893443359542506	8868403262885079408	0.0032866653428
5787887987204881306	6945836081291005408	0.00443660788092
12975138355976472408	14095353998960503414	0.00214021408177
12975138355976472408	11210323589174234471	0.0190415750624
12975138355976472408	15419169071191188077	0.00832755231749
12975138355976472408	12702457345525746701	0.00515108189232
12975138355976472408	15972632523660052921	0.00256875112634
12975138355976472408	15421384934993642722	0.0283296349835
12975138355976472408	13436616533289407574	0.00403324183804
12975138355976472408	12130736084612081213	0.0123016957826
12975138355976472408	4427190425366072362	0.0201455741006
12975138355976472408	4418022242073499842	0.00708240874588
12975138355976472408	15559935378743812986	0.154303349962
12975138355976472408	13448612316720930498	0.00768004757958
12975138355976472408	7006029416320021027	0.0225876975726
