14316243552464515936	11742657192439979709	0.00225295521044
11691722937225001321	8281074175583851709	0.0141237866202
13843439848502128605	16851935599740317709	0.00233437236027
3512373532225218551	12432376194413991709	0.00417719544513
9358387171128191379	14312407903067613709	0.0040628928182
12932324982859898291	12886341793319829709	0.00207697870137
2081173416441765503	4291561622274207709	0.00597177245549
18372425965542355405	12686887105204319709	0.00454062566232
1971468346517129454	11951434434271826709	0.0196494372973
1971468346517129454	13498603982831090709	0.0242393082782
3558120987978425662	6393860387003753709	0.00243969209516
6974505877980934918	17636271501926003709	0.00268832746012
4361173238360478114	11151225759419659709	0.00241037342952
6031585175930219593	6670906987989160709	0.00271867642681
11190925931575317709	7012634063153219087	0.00787279555684
7562975650990201208	2524287357672846709	0.132453235707
13194853554911646845	15911822184909773709	0.00369081594321
12710230914997358623	6393860387003753709	0.00487938419031
8755904626035678121	13599844497852073709	0.00253301777275
6629820153743890709	12206758949186108366	0.00999001497504
6629820153743890709	9291645473111995603	0.00268770595336
6629820153743890709	13405189909885663871	0.00290983053291
6629820153743890709	11767586150094405506	0.00786111051061
10933501179036184367	7358766781666961709	0.00352147606137
12961783709876445709	7708128748916677602	0.0176501127405
12961783709876445709	13084582223506037753	0.00562543950463
12961783709876445709	992831135768270586	0.0192628532132
12961783709876445709	11966643665350743287	0.00498909825833
12961783709876445709	11007450198896703691	0.0816496580928
8985948128022380110	8448609226294684709	0.00315506082472
12932877951406859876	16444595909905862709	0.0032290674066
11340565361597584830	12705985333346371709	0.003568016921
8673990051885022234	7807297867800216709	0.00237256103751
4200868606591034663	12646781929977500709	0.00512638543267
13201332968572232924	9052090154359134709	0.00539414815003
455138835023667343	8331306787488961709	0.0216777492381
12705628941580271990	7116591135359355709	0.00309100182235
5914338894618718394	10989614478221970709	0.0345032779671
12874562622550722353	1982080975723407709	0.00299409249523
13656381090260486915	10012580484046183709	0.00527632861491
8666730558333040483	7770974640320486709	0.0552157630374
5518595475461246142	11683603571343901709	0.00496047368833
3977924911786830040	11775228616335209709	0.0207748062953
6030354113065467605	11723223269904892709	0.0023026687046
7394687892223239897	11151225759419659709	0.0107795176791
739274350476093709	13775950447606809703	0.00330727182166
739274350476093709	6451299390437254351	0.00302193423144
739274350476093709	16878598826333309736	0.00374177712556
739274350476093709	16708526688965177763	0.00518364383138
739274350476093709	17917098575505683959	0.0206901472151
