5408578904837219347	12891614093365443712	0.00960030721475
3582557137723252794	6394932951957379712	0.00206547655605
2228354708815369463	8346147027501771712	0.0120912708352
6417997313003815712	7562629062850930125	0.0061884221436
6417997313003815712	12914733884907759495	0.0022525264991
6417997313003815712	11977449240477334505	0.00207427813162
6417997313003815712	14075444953567437777	0.00486561840101
6417997313003815712	15214414373235281268	0.0036780617896
6417997313003815712	12831404485493834935	0.0124688667013
6417997313003815712	11393269950015645184	0.00315120487294
6417997313003815712	8274039680655835211	0.0021950101796
6417997313003815712	15739458805574474641	0.00359721539418
6417997313003815712	6457385204674322748	0.0026511865124
6417997313003815712	7392163607139047988	0.00218442689816
6417997313003815712	11313115975458314659	0.00455979712637
6417997313003815712	15404228306239773309	0.00211032465368
6417997313003815712	16840034053219849839	0.00362433046679
6417997313003815712	8790367856339004403	0.00300312487565
6417997313003815712	7913877078239220684	0.00238713119285
6417997313003815712	6146052998517996853	0.00348434170836
6417997313003815712	12066260692229340208	0.00760725774313
6417997313003815712	16800225166953563703	0.0175035010504
6417997313003815712	14760400178374247130	0.0112027678737
6417997313003815712	8662681226156649565	0.00202033807449
6417997313003815712	12331084702957823902	0.0041701432352
6417997313003815712	11335144989496572676	0.00288214359944
6417997313003815712	9383113809413298459	0.00375950476448
6417997313003815712	7819695571919565794	0.00241910312411
6417997313003815712	16369149423191570420	0.0066296440348
6417997313003815712	4943217356653947484	0.00237161338249
6417997313003815712	6418764055644194877	0.0138888888889
6417997313003815712	12921770282657177318	0.00493912987308
6417997313003815712	6238636160248099841	0.00406948133371
6417997313003815712	12286964507662897648	0.0033130750755
6417997313003815712	6435013105861354969	0.00492187019349
6417997313003815712	12632103515900490753	0.00393128414827
6417997313003815712	17335714140445799992	0.00303080403106
6417997313003815712	8827631795567377861	0.00221507984975
6417997313003815712	14511370467467663094	0.00202430808829
6417997313003815712	17486745008438894674	0.00390244088159
6417997313003815712	17273076856319754558	0.00319568745353
6417997313003815712	659354121895716491	0.00636645717123
6417997313003815712	12027263836714936107	0.00381423873561
6417997313003815712	8389940327944171457	0.00309137104268
3702980933454284197	10592204024354696712	0.00403055456104
6214546133888357712	8247563283659777775	0.00621501759155
4547722131669025589	12532379176294056712	0.0231248645031
3198982854980597413	13508414172716222712	0.00376474965271
1802012559160067712	6402019785461705628	0.00305591846742
1802012559160067712	9420013603795901690	0.0076306980859
