14540401873278772639	10993867230678114334	0.00504356277224
17369433913570689194	8183351465369987334	0.00278604499182
6245879339854951591	13444103438873325334	0.00685962060762
2741815351725433840	989336655857277334	0.00586331287275
7806076774530107909	9896053962218066334	0.00288855725876
6319604166442296334	8247472891713905900	0.0184963311542
6319604166442296334	6949799434203964080	0.0186145197762
6319604166442296334	8279026949484461560	0.0101760418479
6319604166442296334	12202050800486682253	0.00273960264781
6319604166442296334	7086811058891970560	0.00248803950783
6319604166442296334	17193838007747058305	0.00260819378339
6319604166442296334	12213884751072213267	0.00447769173948
6319604166442296334	9780694879066505384	0.00225564164808
6319604166442296334	6825870432225359353	0.00308001557999
6319604166442296334	15773514613239530829	0.00684995780439
6319604166442296334	12435430473107049343	0.00378956471884
6319604166442296334	8551389433111977841	0.00200278179303
6319604166442296334	12779949893723988771	0.00585647143325
6319604166442296334	8460971247402505634	0.00241841681457
6319604166442296334	5596277792476200031	0.00205082582362
6319604166442296334	507243029403854093	0.00204558012637
6319604166442296334	8294266489992706694	0.00417304703281
13116080434309617050	10896133207638703334	0.00499401077845
3553125840964598334	12199564883372610270	0.0103728635722
3553125840964598334	7737131249213919922	0.00582528664574
3553125840964598334	17823003841670338869	0.00432572243164
4253054168633687968	9699808643984431334	0.00607725902558
4034651890924292580	10872719405275845334	0.00380484009563
2528781619579735887	7346571497363745334	0.00646305611941
2331760453290344334	2928231153330307185	0.013261619783
11708025710306166334	13439116685445082053	0.00529115341753
10881709031032476348	11723577613275510334	0.0083806075859
2051861695279842932	10319788449128126334	0.00432418534617
6673723154303182940	1159420588207574334	0.00275028501305
13574773605810186814	10146501606649151334	0.00392353012859
3481165882468833335	870213280683968334	0.00470547857833
8265039800704313071	15173189321753714334	0.003142231324
5348412322918587423	13647935724154928334	0.005180582268
13391574872403729334	14586862480335220854	0.00873137700614
1015135191868134283	9971747916235529334	0.00230547588726
5352466269247283001	1769801512890806334	0.00605615872479
3771221050446306286	17499030098099634334	0.00472788137372
5889596325364167282	10872719405275845334	0.00240639216699
10722953330273172908	17184640064935419334	0.0059401864535
7454500547617626789	6554978273864783334	0.0026017505263
15251619110429750904	10516991230445657334	0.00720787414631
7536910787514341389	16940893150560118334	0.00848677517814
4930159343109856805	15570334916366366334	0.00475050001644
4451596242862675334	13437801639391025352	0.00891295333826
2818370338714709334	11641155490249116868	0.0034593172286
