11820662443074431225	6690972470550071748	0.0028177735384
2148418671355684014	895335351349852748	0.0109559850954
8182090209083880274	7000107656276958748	0.00644370560856
3786514243726330685	2814482240398854748	0.00630178400399
2607567884974488733	12446068361278373748	0.0470881609348
5079185911760372748	5250898976075106184	0.0579284446363
2167062380512494586	16544802816849230748	0.0114624944667
11942932994714379813	13301835329740599748	0.0300828418798
7387749393999027284	4725046905502486748	0.00963142660662
6335044020360933748	12213113117134873912	0.0110283683644
12287485998842750234	14491803781348005748	0.00462447833046
14198860752697128211	10989417520585608748	0.0137050611172
2753338250983276109	2816594415094497748	0.0445435403187
3471486091962769449	13435498029383502748	0.00360749985164
4294659323775361785	14094451201772061748	0.00219619561897
16837809943278260748	13439845021622317643	0.00681455726868
16837809943278260748	6213843241242583354	0.0119250598938
13320407082873402748	13444024407084995498	0.00297988806797
1631329974455689813	12201625728901833748	0.00308671380705
13295966538450393041	10269853491807322748	0.00226807522595
5266660669831947620	4025037558434971748	0.0101576512375
3559300638447132748	15862569352907674936	0.037529331252
3559300638447132748	13051130140699112299	0.0329690236698
3559300638447132748	11741291091263281215	0.00235761208067
3559300638447132748	14373584867789847551	0.0121446541889
3559300638447132748	15814989451799031616	0.0038294786692
3559300638447132748	9262661000475888470	0.00914014161845
3559300638447132748	6451105965966247439	0.105409255339
3559300638447132748	16494497084514787852	0.02
3559300638447132748	15834818663084677143	0.00823666225822
8727676772055216040	14083792698014825748	0.106600358178
6605719533209055578	13435498029383502748	0.00360749985164
10573476901919417980	12880104259664117748	0.00497364731302
5157887577180169147	13773489122095104748	0.00523940941352
3983840180912552701	6549378102970810748	0.00828741930165
844318681623446581	1339878052327251748	0.00296016086662
17628763437401250893	8235853046607075748	0.00216584199884
11824601885215258289	14283416524427169748	0.00566138517072
5741560606709430655	17977056259900701748	0.00387346755992
7823749907927285905	8988463350364943748	0.00841793787127
5986142417444207909	1422893686935623748	0.0056472845631
12631125509536785942	12234694714948266748	0.00694846671205
4731682742966059847	6275532603937195748	0.00231454818287
959177553176533761	7261149218601686748	0.00996468792593
10842767553719175237	18261549978646112748	0.00227557351964
7166088406925345532	6824958202717312748	0.00401008602007
11439249284310654946	8097666247450830748	0.00252093185621
1948937961338133782	977472602308632748	0.00461093952047
6796237762696590038	12200810475301293748	0.00490762451906
3452199006019617078	12200810475301293748	0.00454357742188
