7268104147530043360	9267402806923596719	0.00227136087823
7821727616120388886	15867448846820055719	0.00245333221679
1907638746299364431	2566109147322715719	0.00502919116164
5716478681132669313	8506050062287688719	0.0306858205966
15521926062270633048	5569727348080638719	0.00698157897048
4492979066617270719	4558962433790820394	0.00576055598961
4492979066617270719	911972242510526548	0.00909241209317
4492979066617270719	2308299410052232551	0.00209515189648
4492979066617270719	7741258848986131563	0.00321535097576
4492979066617270719	16141634916798424095	0.0150584650484
4492979066617270719	470399599688585430	0.00306620104829
4492979066617270719	1863534704354113686	0.00270707631512
4492979066617270719	9674981365757450793	0.00930484210398
4492979066617270719	16393655956653650529	0.00808214408281
4492979066617270719	8860201872327533862	0.00521045390397
4492979066617270719	10532927772479093141	0.00763447758551
4492979066617270719	9605123309803895850	0.00217501316295
4492979066617270719	9019295121852632711	0.00262039715915
4492979066617270719	7831852018679148844	0.00329613216521
4492979066617270719	18133802884930919595	0.00266297656253
4492979066617270719	9222441675908120987	0.00323828152174
1977071435905831719	13494754254647158333	0.00956554649516
1977071435905831719	13424075735582757516	0.00309052941332
468399315629026489	10866739772333447719	0.00373613199719
12878784741766686359	17042146566454388719	0.0203362958696
3397237548945927135	7537837257184561719	0.0096669131761
6439470195989730372	12428153721952903719	0.00465106217389
2683847102213983277	7344104244878285719	0.0036503401226
12612314783441542799	1896103212688411719	0.00331249337502
7878308254716863452	8900858421181950719	0.00250428442617
10887502801466751805	13527143041081827719	0.00332591373531
7542911255862396719	6249415390054560690	0.00779018463034
7542911255862396719	18365238248057658805	0.00326535943487
7542911255862396719	16297150854720875476	0.00543510369
7542911255862396719	10339238159731910919	0.00366627643268
7542911255862396719	12080508595215615795	0.00499052698955
7542911255862396719	13309670552772092540	0.00510996143603
7542911255862396719	18365830730303478727	0.00352775935372
17628068683377326694	14951602596813745719	0.00426447956844
12522589617370474190	16263223030214903719	0.00293520296166
12098316279668003851	10264259653858608719	0.00228639676035
5982171722967595542	8506050062287688719	0.00767145514915
11038378385743713519	10246715441114263719	0.0042137491404
14592072069746841882	13278476574211708719	0.0156921880979
15340937585066971243	14081635157599941719	0.00273991112804
1308432542707293795	8177733280420755719	0.00678063503621
10369738260767438818	11869133027646642719	0.00782205424107
1573828798246984133	8179381588623667719	0.00453870776332
10002721635243650628	7346375839622128719	0.00263429856789
464483701578519719	7413788323646107467	0.00601113089778
