4421569181432305764	17360151776964259697	0.00725094721685
4421569181432305764	12017453357126006085	0.00341239297464
11418655222404278188	15924127932060695764	0.00357288719047
14078931057986392015	17380478680416542764	0.0087330416158
693175350819116132	14925973453083301764	0.00467473495004
3915723561296617308	7499671337503028764	0.0278639106288
5698620327816818764	17784488829275032213	0.00295639400778
15170225438163211764	501106672057045357	0.0144247440803
15170225438163211764	15950919195009996258	0.022622350159
4080496576854248764	553838353187491569	0.0227155425212
4080496576854248764	9329212080584931066	0.0571661950475
2386186115549936502	10282282236874342764	0.00266172164091
13059260427776876785	16928530771109542764	0.00615807444948
4956253367029808435	14074507491818557764	0.00348705220407
3516450199155586226	6393648155474041764	0.00635718787657
3848063296863810764	9378561923451184622	0.00272480575552
3848063296863810764	7460655392067422	0.0157251365931
3848063296863810764	6120959203915426560	0.00642134819828
3848063296863810764	13507470939756566341	0.0183124385533
3848063296863810764	12445204196662566768	0.0186338998125
1548433803571793126	14329064232421231764	0.0038345993862
7335750568972157834	11454472805831270764	0.00465670679122
8258929763896878221	5979108770328347764	0.00335981219981
23000687546425488	6156209259575745764	0.0027580566739
9481566910629502681	10282282236874342764	0.00704225352113
3207133490532171386	11861175524522871764	0.00413916361583
6135348351684275969	18023803939847924764	0.00370263725396
12521718108846089084	15200105298292856764	0.00346415011358
9187833049424225074	2653763722195990764	0.00293199664756
3683375681074285469	11214970902796384764	0.00301504492281
4257767972451482149	8779240933535752764	0.0627455805138
1081285195171176536	17344827193646239764	0.00713794239494
3833212437582920764	9187169549641731017	0.0159759901527
1829023109200379275	10801019156285733764	0.00241042944758
14766150203233308518	9436935591518321764	0.00509779618929
12768763580002356376	8476853245906423764	0.00255554798357
7130200288947376619	12196754346922659764	0.002031215907
15570992224668874764	9770260910355767258	0.0324272217563
15570992224668874764	16106866177047087123	0.0785674201318
5437409777621257974	8100828684030289764	0.0100180487463
13942728894708084764	7767315933688023011	0.0207212168519
13336873725770363182	12196754346922659764	0.00454193684503
10719266119263341585	8479879132542620764	0.00591643477984
13712936162424826645	16687974776413692764	0.00502976366903
11904980919406612764	18055615199067956112	0.00565576844618
11904980919406612764	14483540651366109296	0.00352530333786
11904980919406612764	12445227406734180989	0.00226565811945
11904980919406612764	14738257725118789548	0.012987012987
11904980919406612764	7028859268175183647	0.00359477412115
11904980919406612764	18010822972237063392	0.00335033286792
