10332866739299257979	8439859582660937403	0.0212142641753
3479955840581980615	15756683448118160403	0.120385853086
2841957385417045689	1499433143241787403	0.00237757173166
2369060633673631584	10683753819815875403	0.00571755382191
3586655992231861604	10058100720319161403	0.0109586162158
292276694543480893	6943133185372740403	0.00579829508803
12648951472634724403	7033761647842689567	0.0120930389526
12648951472634724403	7461703232168975753	0.0209060502502
12648951472634724403	5542062027182650297	0.0101409239289
12648951472634724403	12066639690604513009	0.00304394610933
12648951472634724403	7714361751469634377	0.00486654018152
12648951472634724403	12377609411417389920	0.00306731149696
12648951472634724403	12072551519718175971	0.00224473818738
12648951472634724403	10791140490436886946	0.00432305380478
12648951472634724403	5847026461649036126	0.00532774804524
12648951472634724403	14505902243997639280	0.0114572269488
12648951472634724403	5854025200951313792	0.00564494468955
12648951472634724403	7136158993694572583	0.00856737314235
5484128272660661599	18237806029048489403	0.0117998720901
7736283102760057403	9281893416610324949	0.0145927101354
11075366104322070593	18160464643055790403	0.00205074819816
10496481441074229192	6947100777479436403	0.00254127349457
14575093332340024572	13440728170848897403	0.00395593886065
14007359739129675662	6926405700400600403	0.00334300489329
12729879741566765167	10266652372295583403	0.0147602480923
8651809311756791468	16950974026935649403	0.0119182823656
4476067947343558180	10058100720319161403	0.00346541872455
7946300374346696073	10116520870003793403	0.0071888515469
7862761099284826626	13437540479654228403	0.0094205569824
5848196015825353324	16795667437704128403	0.00335257270374
1841562628154907107	6785109256186766403	0.0044422512815
5468996522126951040	11664282502239049403	0.00254951103155
5415120384781585133	9959758745824511403	0.00489631661343
2393293725172898617	8241322025006334403	0.00457408492577
13788865197144040992	10372319948903960403	0.00256384973143
14116845645531437770	13428953298021079403	0.00368015338021
10555498686907090072	7145785993871165403	0.00793650793651
4445663302994491960	7769757236000517403	0.0119531399195
9422354954405115155	7637056671847035403	0.00352069028069
14618813102312365136	13214867248502737403	0.00278325949676
4889433892350896403	6248611827410961745	0.00457791774438
532138994149775555	9692489128819809403	0.00381901994831
2603714972334194116	9231215759217098403	0.00570377252495
7978228537289895569	8278232247350593403	0.0054425043023
6091143542768308067	15911894494964681403	0.00616814068574
6565438228555278663	6311159868375222403	0.00202332581578
13332991162054843546	7540680869175302403	0.00357828133482
8747944780926500328	17764077376262747403	0.0219581437546
2617360251597032639	13133331361686726403	0.00515635203283
4005556866900479790	11001669366021620403	0.0122859023367
