2056578428630796641	11008815968479017642	0.00360043150157
5466954451101006642	14392874588021969442	0.00584605422194
5466954451101006642	8240485405070325330	0.00260081761751
10161651790937382	6747049147124027642	0.00613924557236
1184230010615540642	10278522754378468777	0.0208017574067
12109885418300836422	16978557844924724642	0.00209618272158
2363439224951105846	9295009765804184642	0.00324159752615
9175102009986379684	15073698324897110642	0.00301555210344
5900209190874303904	17326138066271757642	0.0104990131391
1560254017086838260	10223904492892930642	0.0180187492539
7412432421794561424	1879126101100117642	0.0104507415587
18027997647137801854	6679372896540525642	0.00382942251149
2933350521305217642	9593511375171509696	0.00482063483071
2933350521305217642	6423072462704165908	0.0041349152686
2933350521305217642	4483324880031513120	0.00208333333333
2933350521305217642	11130882262269678975	0.00224549640153
2933350521305217642	17039053884846344538	0.00399591028074
2933350521305217642	16062081731789059251	0.00319294957748
2933350521305217642	17035689353425758446	0.00220170336823
13206113561949636772	1484187842855223642	0.0107582870728
1621531412355339572	10738244768920632642	0.00290184390963
6660460089474591642	5796099135009722407	0.00298952660245
6660460089474591642	6551472178774643076	0.00412077804338
6660460089474591642	12165153794212608939	0.00284360700543
6660460089474591642	14090597280444862437	0.00377320881245
6660460089474591642	14833622209036606433	0.00252365980827
6660460089474591642	4718715221717451081	0.0106280788524
6660460089474591642	6786397557462392856	0.00498457170462
6660460089474591642	14027488858192655842	0.00766874773592
6660460089474591642	16697965832420631152	0.00210530981348
6660460089474591642	13430489951471100653	0.00214248224127
6660460089474591642	8608846202704438023	0.00300952365884
6660460089474591642	17432888259862766789	0.00349013034222
6660460089474591642	6930157182471390215	0.00218800047688
7668306073238541367	12210758684845821642	0.00273674901189
11945683175080563098	593079936520912642	0.00398055866125
6028969072122622642	13417585550330911980	0.0368105086916
4450054259829496617	12196854402518990642	0.0157877244488
6100997424408718165	8290410786116057642	0.00394251153009
3750456088263585938	3658951844993617642	0.00575912283721
6316933349122902501	14724355839661405642	0.0084925881433
9864707424285696426	14947197471777494642	0.0216523267487
10824276944371541392	10503679217587833642	0.0102495391014
11325637330716022893	12684699005065144642	0.00333490852325
2682995517203033813	95730492942738642	0.0452678730213
2244400499841336760	9716490351287317642	0.00242805002365
7404548278861772107	13434374783707641642	0.00231379838711
4836339881492780656	14104964358722657642	0.0100503781526
10281621976052087331	596040241607771642	0.00289159883718
3362946109117672169	7105405325329223642	0.0104713477073
