13222350094672933733	12709985664365447025	0.0152339228891
10382189886269753989	7859048451576495025	0.00796111732251
3849317581253171025	16041994985678363998	0.00428852900958
4945723112187944025	2396538299725927088	0.00608670799582
4945723112187944025	7570975855867073368	0.0150824244352
4945723112187944025	9109935352697713423	0.0176336403965
4945723112187944025	8479614123852538209	0.0244851053437
5467664111262194686	8507719848946364025	0.00235154205901
6194265574218084025	13369024309269054639	0.012695917903
5677635503331262618	6942819163131945025	0.0129358420951
10149239530639437591	2387083129077422025	0.00882608751545
14521909488917080654	14736251683415346025	0.00608220299336
2612081122599427015	6152228043893164025	0.00556915125418
12785336084790442918	15967245831180346025	0.0104177971313
1507904446985259310	6827128862746169025	0.0097576068852
13080635857234819421	12200232295505776025	0.00228428411891
11828437708183665217	13099162636846296025	0.0248605505082
3998772225527501518	12712283772529214025	0.00427467544957
7164078875131902924	9818885111456994025	0.00973123680202
2531908638174285025	17809049145690802696	0.00720151651099
5399723104869306381	18097985215412772025	0.0044301596995
5602184513660462216	6999741862344358025	0.0050154462826
3269798705286070119	16001631223857570025	0.00247974875268
17209623754804528824	14709643495416355025	0.00655713034642
8453953865389518608	6130778913161853025	0.00238042615442
6098083444054059937	18097985215412772025	0.00767326168518
12997509668656986162	9400302899532070025	0.00829882662887
1469421299990550521	6678622493190330025	0.00497826751589
9336943881140788764	15982051348326151025	0.00236412565151
15883120559974536025	8102509806616391916	0.00815518545143
15883120559974536025	6947047292127735379	0.00259164782654
12189117825710579333	2387083129077422025	0.00882608751545
4804624540140507856	12434293137083768025	0.00450876057884
9194893823841256159	14514173340447491025	0.0597614304667
2949672780426249839	16001631223857570025	0.00495949750536
10182000031062948193	487983438180816025	0.032075014955
5969656104517829597	4328399137786723025	0.00272417882642
14742485023091711350	12577629302719744025	0.00447124179605
13417507552268074350	18056550640644399025	0.0408248290464
13932290609213291299	7585048206642822025	0.00982092751648
6116577140613041025	9391228101313953386	0.00341489906015
6116577140613041025	6560839979314821454	0.00741493805475
6116577140613041025	7793978129199629534	0.00664367504316
6116577140613041025	2814382120499254998	0.00518197321507
16691168459862402052	9106848938541292025	0.00750882806251
4568021571207797528	18097985215412772025	0.00425635976246
12972466413785340396	9466783694051568025	0.00221547121814
6231822151571182381	14801038044918937025	0.00464108333301
4820771517169081771	16652413038599894025	0.00344263146258
3004653546789930025	4642256016522170051	0.00452303511009
