4208093144101709159	6611954359278550452	0.00737109636811
2728210548078707660	10525596141308454452	0.00237153335099
2556554636023533452	7921801060108061544	0.00394447395506
2556554636023533452	16685343447485712400	0.0101628955206
2556554636023533452	7966951434738192778	0.00268172662236
2556554636023533452	17810655441905054488	0.00407035773056
2556554636023533452	16700493605428809873	0.00823973736091
2556554636023533452	107714942565783373	0.00838767982985
2556554636023533452	6958673425082471202	0.00254836006866
2556554636023533452	16698069079158226475	0.0049577296417
2556554636023533452	10331682106037709629	0.00848036418858
2556554636023533452	827831009090551381	0.00363691673022
2556554636023533452	12497873875975199336	0.00851194852207
2556554636023533452	16580581220935149402	0.00344723078404
2556554636023533452	16687385940662506683	0.00405997856093
2556554636023533452	17629069026378617452	0.00487810681899
2556554636023533452	10653459829067532362	0.00336778614019
2556554636023533452	10296967728702476266	0.00203431117014
2556554636023533452	11456412806085212331	0.0050814477603
2556554636023533452	16708188932702105564	0.00244129828195
2556554636023533452	8442193760620742838	0.00486027090252
2556554636023533452	12217203088611226355	0.00230458797754
2556554636023533452	16699300493534505873	0.00740618838207
2556554636023533452	10059334748825569134	0.00744838922724
2556554636023533452	16688786435002571464	0.0101092650907
2556554636023533452	7729201725738265068	0.00786378373785
2556554636023533452	17464892124981277867	0.00781416946503
2556554636023533452	9745711732393382075	0.00227856060485
2556554636023533452	16691503053406191601	0.0040092479733
2556554636023533452	15644325393719604102	0.0060528296405
2556554636023533452	2188452116299380619	0.00281064144654
2556554636023533452	15753303291859394953	0.00285512749882
2556554636023533452	12863179348485632887	0.00444672878326
2556554636023533452	14975650294410048647	0.0263340326575
2556554636023533452	10641813388489751986	0.00322237131007
2556554636023533452	3873340478475281733	0.0372419461362
2556554636023533452	17811884730314386606	0.00209407667486
2556554636023533452	7914326528578463292	0.0171523811087
2556554636023533452	11088535934381442732	0.00291829346072
2556554636023533452	8248908822755521928	0.00240110053252
2556554636023533452	7911674970382699566	0.0021537573546
2556554636023533452	5688429060210482086	0.00201803299224
2556554636023533452	12654338348888649804	0.00424018209429
2556554636023533452	17817503960581380583	0.00314111501229
2556554636023533452	7935067377112010931	0.00864190945072
2556554636023533452	17920612830841423397	0.0028279520687
2556554636023533452	9764818452850153009	0.00436739524051
2556554636023533452	9188886070113573005	0.00226050039454
2556554636023533452	12436248704397478309	0.00208421551227
6809474527912213380	7480184945113191452	0.0253184841771
