7093084590786423559	450161284800491308	0.00291751089157
9927106966250846643	11556569823553868308	0.00492234718823
12846840805977468190	6961511470807195308	0.00227296209499
11998704775390969308	10962579439556191992	0.0141676604055
6241495363032834308	13986907466859695927	0.0166297526309
3815047166933555663	9682629375029583308	0.0028534880742
2253653178356837585	8718995866842771308	0.0115965901761
3498255235589347454	7538712173734870308	0.00226944738422
6693168662104295308	10005304642833884359	0.00617213399848
6693168662104295308	11040832423212880341	0.0060516103511
6693168662104295308	7175341378225989143	0.00372833375867
7824658151050561668	10655045949904892308	0.00284790505416
11135060135229584850	14502988520222513308	0.00421682003169
16832755303730051918	7839417668868426308	0.00730530550532
1371853893612226116	5377272965984430308	0.00265269720793
3918367040723233004	9914521573426357308	0.00389284863223
15542961856166616308	10747183472542597162	0.00300247505959
15542961856166616308	15780179324484368268	0.00377619378691
15542961856166616308	6263690319615693664	0.00600365133035
15542961856166616308	11051533907407944175	0.00580376112731
4452222662004111308	311782079085958256	0.00273435393
4452222662004111308	8275954355669819194	0.00800409914841
4452222662004111308	1388018141598070767	0.00431258888068
4452222662004111308	12208875453325743001	0.00335780388706
4452222662004111308	12896078084895385137	0.00430467021646
4452222662004111308	9969316955099414548	0.00210548713298
4452222662004111308	11173552921813777207	0.0054711832541
4452222662004111308	2246331677086303524	0.0043478671823
4452222662004111308	15910215553612660617	0.00221825482013
8662440386787924948	10687954688172602308	0.00263457282258
3812054835811960712	12770677903579899308	0.00906398186973
7963761473785842308	17607083598722449878	0.00263407922579
7963761473785842308	11004541032485909462	0.00563275257016
7963761473785842308	14680404051687959571	0.00445638816532
7963761473785842308	12495021245145966438	0.00587544471455
7963761473785842308	16890810700731303823	0.00605582556916
7963761473785842308	17620848376230678071	0.0022548043284
7963761473785842308	7489161092854840590	0.0115102313879
7963761473785842308	17604598874238566777	0.010595217974
7963761473785842308	7990772589953917332	0.0115362432434
7963761473785842308	6048332833133555630	0.00394171513117
7963761473785842308	7718416516001037590	0.00414605956068
7963761473785842308	9299710695450543471	0.0160623141551
7963761473785842308	7725787564713002845	0.0140028008403
7963761473785842308	10578354852810878935	0.00587544471455
7963761473785842308	15524274286017018786	0.00230495526402
7963761473785842308	13434566897648040768	0.00504189575426
7963761473785842308	12296876271439377419	0.00707850414735
7963761473785842308	8221842356333167087	0.00225091673184
5550741223423417047	15647149821821397308	0.00636568318093
