5319431606297625743	7655825576332213440	0.00455213717245
11462019538079533421	11449462412212068440	0.00307947517897
3930504201963789098	15864851075997025440	0.00678766038954
6891692199370470823	15864851075997025440	0.00226255346318
7354047718476727440	8137319009283060307	0.0133226794496
7354047718476727440	12095946509563624277	0.00217294795955
7354047718476727440	17582025051574969115	0.00510529778494
4062948234986990984	1483084029449934440	0.00280105451542
13305710705462915902	6433210081738070440	0.00449661925114
1485388553198809911	8718780298214826440	0.0632455532034
4341427849296545673	14383411735241350440	0.0339226765776
6048999033743184384	11046134005896660440	0.00213229795129
5526030328876514383	12205966665300715440	0.00537168803242
2652222316623596383	6827912290908346440	0.00301017806317
6985103203441401874	2355632837196287440	0.0214966790196
1788346226932681501	11112635885606805440	0.00257359550571
8780015789560383032	12880773462626988440	0.00248161878961
1392644107933943176	7767745929786421440	0.0102977929046
6547437445538847464	6657307308614548440	0.00291012623237
6030874522455213643	8966062203382246440	0.00313925713372
5990211884029058863	9495853886943345440	0.00566120372479
5971248182381787674	2608697483933504440	0.00212413349708
14523640166701587696	18250703227429485440	0.0197334259491
7556072543152108431	9495853886943345440	0.00566120372479
10912367466009706148	7370861088348705440	0.00215728769217
12455966641458303077	8345988556050152440	0.00299385095716
9268860217282902440	12441909214772150411	0.0154672056222
5625641110054889096	4011475186628000440	0.00215922798427
11553491278031641175	8288614583568925440	0.0128458748885
4527987789891225059	5177517442208865440	0.00323436646874
12313450648756116273	13236228098749633440	0.0118778584536
2944240948257512738	8274701367590668440	0.00338986946152
3766706681326542943	15439393353860468440	0.00316557156832
11908520163445873971	18160879531715922440	0.0118946517017
4007905109046220226	12709365157903096440	0.00302946858088
3798534914959253440	16550351044609688284	0.00310433282298
3798534914959253440	5385650574646463851	0.00267456173876
11523473850897411440	18096852161119512423	0.00784030428498
11523473850897411440	13454862668004372711	0.0177053557949
13551685670124877571	12214802997880048440	0.00501683464146
6377531867721753072	18036834030444846440	0.0173161795718
4718228326486115440	10830584166853590929	0.00217387194988
6420222148699511447	987846954337241440	0.0050424085068
10177691425669761440	18413722604439923080	0.012503908082
10177691425669761440	17807155576116506973	0.00636413604683
8395570280789196056	12880773462626988440	0.00656574616616
12879366616181878767	8536161231081041440	0.00241557873538
2941396724055078108	10341639592618586440	0.00361246311101
16381341863720183515	6408069916963872440	0.00277405584779
5583703756170521896	1109587369605471440	0.00371688145906
