12646319988143826549	7869270353712180647	0.00513489396207
14082124280625449186	6290935790762493647	0.00756794348644
4708815984444350195	6115755572793521647	0.00636555420999
6648521996156325433	12664601277355866647	0.0123082166926
2098222349363076380	10152549245823047647	0.00451496027394
12408152607035751566	15999136328008682647	0.0114950122468
10817967279069753535	13879953154724433647	0.0127411797859
13126230478268036427	6936865749920946647	0.00581769103731
4731946294255177445	15774527252028508647	0.00722818123533
13477889193596900544	480241201197383647	0.0026907398776
1821061412817978477	12194847742099823647	0.00564836548656
2132449402751354424	2046435257074349647	0.012757759077
4402420898998218647	16163031859245332069	0.0252216636153
4402420898998218647	86262043265183387	0.00388684523347
13825848456472270237	14361390665243358647	0.00702104553119
2665679446090154313	10283096439306059647	0.00282851763876
5231636847877275957	13103344066612172647	0.00322783918606
2839709901294068758	8784956531419032647	0.00217931653752
1701000267210398647	12265260021398789121	0.00460043706228
1701000267210398647	13182346189681457634	0.00486665544093
1701000267210398647	12853531491240115654	0.00292217834442
1701000267210398647	16337779588471762329	0.00898388836762
1701000267210398647	17937270648570516676	0.00465091126092
1701000267210398647	8432889790646663535	0.00356090673939
3828423519404724258	14094959965948023647	0.0297745667088
16804154958187027754	11860184812424744647	0.00213662532277
5346918056549662350	6814306739598425647	0.00549965490748
6949502377534246312	12194847742099823647	0.00301917834943
7233827846956529647	11021331233148579872	0.00964620251907
7233827846956529647	10019255897509851952	0.00245790032016
7233827846956529647	7621312558889032519	0.00893783898095
7233827846956529647	6825333612875024420	0.00264361613149
7233827846956529647	6820309441716215386	0.00271653890896
7233827846956529647	6811908627389335250	0.00582094265808
7233827846956529647	10031299003065001884	0.00316644427574
353175379748869647	6561320575380770743	0.00225017010523
353175379748869647	10548147589213000823	0.0114745618415
353175379748869647	13543139751107014215	0.0134999611877
353175379748869647	17110430717956840587	0.00419620230909
353175379748869647	17094660126276294502	0.0186242022319
353175379748869647	15998538349254327926	0.00451989231575
353175379748869647	10753785614760606873	0.00639006987899
353175379748869647	6579981667171324671	0.00411070384173
6798008379701550382	8750001378680755647	0.0049434732389
8259465890266403429	15255820412510708647	0.00208559758064
7167955516633094604	16684538231338600647	0.00213884783281
8082210800375524776	7517341322600337647	0.0148708132936
4988830095707980451	2078168011578406647	0.00288324552863
2394278572605698647	10385951191180636553	0.00742392338646
2394278572605698647	10845933984765219511	0.0102576242483
