4185642086822861425	6827642820005726574	0.0111386479839
12189820169223474574	15913937958805759565	0.0119352479007
12189820169223474574	5830782874278791513	0.0071572958489
12189820169223474574	7386089445173603645	0.0110196600818
12189820169223474574	16271808821030746873	0.010199834356
12189820169223474574	11470532288666058867	0.00621453751913
12189820169223474574	460240489745520487	0.00356694994725
12189820169223474574	12450897851973338382	0.00228605619332
12189820169223474574	16961070662173017475	0.00317589972486
12189820169223474574	8650611847905740044	0.00280687448243
12189820169223474574	12193463585859978816	0.00508033285399
12189820169223474574	18411083737790213749	0.00962250448649
12189820169223474574	4718393013363507399	0.00290923940431
12189820169223474574	444878594280932343	0.00228912678731
12189820169223474574	8647865246245676564	0.0022957951874
12189820169223474574	18294058460403596207	0.00265758262908
1167891467438945200	8681476342064708574	0.00567047977124
1694178124241398289	6593950930034746574	0.00282182051136
3879752789084093334	13097224189107579574	0.0034253405493
6049217094054536741	6892575051952077574	0.0496291666985
9157952464089786315	16104467513463703574	0.00365221423261
4888918923179726524	8225667789303673574	0.00865160675257
2199171071258231977	1439741290649581574	0.00440293721048
6961369321294636574	8458933073632535772	0.00651413962903
6961369321294636574	15222295818163162126	0.0192094687599
13004885758237000303	517540376932195574	0.00436103637516
2063414890093441077	7857838915796758574	0.00332156264198
8403352544444737774	13218090400271707574	0.00604651947629
16252142316400886950	11913766367452920574	0.00723442049522
13695775831316150578	13372811419613425574	0.00283679096711
17376893528177199319	13436616533289407574	0.0106709548808
16305521125316980283	6700877621009800574	0.00286562361667
4821954584957037971	7227791476093511574	0.0102115271511
3805958513097312574	8245944076648738553	0.00756015352711
3805958513097312574	10424772249558285684	0.00209693378807
3805958513097312574	9816903527869433589	0.00516873522077
3805958513097312574	8449591223299265475	0.00992485556959
3805958513097312574	11945158052719060063	0.0155756437839
13114746547710406799	17642765385121239574	0.0141933238951
13644453793550836115	9304960023394619574	0.00228169013903
15009285562287268114	7452126500078576574	0.0028926632413
1490195383426410554	7191599512900182574	0.00870388279778
3768807007135152037	15279984165382460574	0.0163430112615
9155538550382333931	11724955520386703574	0.00826530965096
4081369750587138741	8027745267381208574	0.00511163012568
10924984330886371849	5349510544652382574	0.00591302058631
12889186534780362373	6932818172419180574	0.00794577239453
1582205822725253574	9062315047445334141	0.00271656897985
3808532602055341909	783877996355624574	0.00381160563573
5332400722624019720	6953021613055352574	0.0127650328966
