10011348795175566289	10833715526816875941	0.00211365952886
13629892497624363768	15363701079534201941	0.00559016994375
10446590965622059934	10833715526816875941	0.00422731905772
3897426933885325608	8122901156586045941	0.0173657177912
7683691233916618466	331484386228582941	0.00274924543568
6232895184897233210	10038393768704735941	0.00238095238095
13692927404495719993	11694104349730237941	0.00350588122815
3484698540683555407	5897442027397913941	0.0025269934786
17268477442272868432	7874794451323240941	0.0126714320212
2898601385330231941	18091983787497337498	0.00233425788255
2898601385330231941	11867653245869026133	0.0158910431541
2898601385330231941	1854327913537390116	0.00547110136916
2898601385330231941	8425107077796947139	0.00513124226506
2898601385330231941	9213487463913827843	0.00682693267099
2898601385330231941	8551482392184710606	0.00281276425843
2898601385330231941	8598635197203794821	0.00343077903997
2898601385330231941	9195771187521631332	0.00818134489456
2898601385330231941	9213457777099762556	0.00751391362223
2898601385330231941	10165637335425417143	0.00426091660471
2898601385330231941	10168405658787582985	0.00349198114246
2898601385330231941	9820267753646003015	0.00719219753337
2898601385330231941	9193098755776963174	0.0106697399944
2898601385330231941	18087735313281415542	0.00310997237859
2898601385330231941	9822717946529889797	0.0144518328254
2898601385330231941	9492394844761315933	0.00515573520741
2898601385330231941	6295900417339105778	0.00254519675742
2898601385330231941	9833666389526547081	0.00903876907578
2898601385330231941	7446158492685152799	0.00729480182554
2898601385330231941	8502921817276705681	0.0023441649585
6293243044779362241	15322035416709409941	0.00374902772201
10570864444444309228	10975912873553970941	0.00634489156356
1417887885905565460	15648523853372776941	0.00789337037964
13059297003210628294	3516942348619416941	0.0118770206572
873204157420838920	10661428639516318941	0.00220320977088
5257188344383648941	17813255782635285933	0.00205606427864
5257188344383648941	10136378519021295196	0.0217597069945
5257188344383648941	16617422244821237689	0.00364371872393
5257188344383648941	12656585686327441674	0.01689343446
5257188344383648941	332513606817436095	0.00782972292354
5257188344383648941	5744013860455416763	0.00389461963847
5670333651329962969	11877884866929902941	0.00459145727628
11168710891468773959	11853011986403278941	0.0168358757425
14291516360623077505	10044028887021868941	0.00440793897099
14381037338797172018	9072522962071274941	0.005963165984
6312314713386889639	16111769076219257941	0.00375192922211
13836610755505261941	14729558835035936773	0.00907666764483
13836610755505261941	13506622561498207216	0.00249607955376
13836610755505261941	10017681181928799575	0.0028122636864
1838668289972610256	12206229628853452941	0.00612816889113
4173024710227521941	11633327437665887760	0.0029870315773
