1715707583419200480	7893843875580365961	0.00450903557872
5271755729483825193	6735625937880493961	0.00401693899423
3549406655253007939	15855060223821951961	0.00381523796858
3983977169182874410	1118190909667709961	0.0152145154863
7738788277790125150	8302734314433905961	0.00303910658536
6415943242395038170	7815139596829102961	0.00312882169643
5769566396325441961	679493079174356010	0.0141449648997
5769566396325441961	10321221985946956878	0.00247114788968
5769566396325441961	15018355334342034086	0.00222162986656
5769566396325441961	1656789067061495078	0.00923789992456
5769566396325441961	10452597151273488005	0.0040919051345
5769566396325441961	700346262152617272	0.0286534127531
5769566396325441961	13159904701957924399	0.00290312762742
5769566396325441961	1649990863908588925	0.00350598896186
5769566396325441961	10635345098047955927	0.00393073744054
5769566396325441961	8978903814632634881	0.00399075217003
5769566396325441961	8476424973635181403	0.00279536889095
5769566396325441961	8286690386615014653	0.00234955505403
5769566396325441961	6123848807364980735	0.00247273389067
5769566396325441961	10452775156192254958	0.00757445354656
5769566396325441961	14066672572545802405	0.00318846687481
10493955703047919886	16270915750942886961	0.00373326696473
12623335251901459475	9843221982905277961	0.0404226041727
4789064016838080197	7171059016700857961	0.0821994936527
13356223340574837961	474291237944641552	0.00795532109507
13229783991164482060	6958978543902067961	0.00216804492742
8188919666462625404	15418719648432289961	0.00991217079595
6002585530489543423	12012340808434229961	0.00479717012054
13700477432648855034	10329048528851975961	0.00283866477902
5076690850124424184	10556132822497749961	0.00220783369118
4254729654814227649	9457257430920639961	0.0029096704
5977628059756764983	10231051407115047961	0.00213987594857
3727926918616622961	15662127554338093326	0.0020391015186
3727926918616622961	10717402248316150252	0.00228699461431
3727926918616622961	6049833069411291071	0.0199840191744
3727926918616622961	6828780066365134340	0.00371032610747
3727926918616622961	12201105788796428736	0.0123844351155
14510936860235803828	9577956591749834961	0.00526213763455
2151301633480410961	12503139175257228329	0.00257049025145
2555049355479747787	10698506741324393961	0.0138342892773
7760038882096830319	18039446019244274961	0.00409987593963
6537641836033250615	8940022944827632961	0.00272510926374
3362444813706466023	9327989814923806961	0.0106880069826
3362261821748931719	9453548069558942961	0.00388666908314
7174877264369165759	13947239699110273961	0.00361550763031
5719439051411549961	18263610221089887620	0.0132117573539
5719439051411549961	6055493402641879537	0.0053580228343
5719439051411549961	7465594186382533956	0.0130956928147
5719439051411549961	8370242502067982037	0.00437231850734
5719439051411549961	8391440073336679355	0.0216067907851
