3682624849954843787	15912451248333177317	0.038490017946
13286178806337670197	12877067580123571317	0.00356077128962
13460792775666929823	6461727669803938317	0.00305247119736
5334359544785504810	16091890828801007317	0.00241020539874
17878323121513868187	9155101894409911317	0.0191530117127
15625941104555261637	7485012668796815317	0.00554188873152
5602986684859076403	10656134654323060317	0.00272488668113
5536813313687460210	8226744249868171317	0.00392991780643
6272759335624414476	10269627718252246317	0.00276602155815
11012939442625060767	7404950763531040317	0.00877328007929
5964557847243842365	7636945741239876317	0.00678625357193
456279912972592747	12261815269154337317	0.00374460930242
3272883936423858665	5885635134511022317	0.00266348658646
4222813317268578505	7173157945755990317	0.0586210381761
1972933622223952317	1967597186190608356	0.00658222448189
17519652825994347635	8109083666453363317	0.0226921364949
6004913789947963614	6953753780598529317	0.00708952460093
4733572966980077799	16988332021452879317	0.00537044845976
8536920717614710123	15215720092685088317	0.015541746804
13778235806143184121	12325783819871835317	0.00302381254762
3169311184540368581	2105860434003996317	0.0877058019307
12100300411027194317	6927036166992665353	0.00263208025693
12609131335220825222	18036560336826706317	0.00532812615447
5026516876658280060	10228758080045425317	0.00546065035413
6274098536919636988	9922244070352383317	0.164398987305
15637107452496402551	9884457541814578317	0.00234873833826
13404710604885972495	5861433476663744317	0.0117728560086
2080329022089115693	12212146904110952317	0.00909692557674
12760293737482537317	10549895864191777723	0.00221327788601
12760293737482537317	16935364514652220063	0.00971744340486
12760293737482537317	10210141450000371345	0.00241247678379
12760293737482537317	10554761718552029271	0.0181668104878
12760293737482537317	4190908332826904758	0.072547625011
12760293737482537317	17723276762556859706	0.00243844422268
12760293737482537317	13938555940520039561	0.003938717652
12991754553780980549	9863192712224920317	0.00707460599963
1535270938647045935	12219385530463466317	0.00327085698538
7657923491804665549	8118835845962237317	0.00316803286742
2990943572356243333	936975497965505317	0.0105082837927
14148382279719493317	8484865720808883490	0.0129488494811
14148382279719493317	8045610809680619640	0.00707354398567
14148382279719493317	8631782412825916350	0.02069900999
14148382279719493317	6673411176973403761	0.0276500631805
12864415439374999011	9741982975764887317	0.00257202871149
1216487058847717206	8245143116670327317	0.288675134595
3571022336461754317	15789262325737234335	0.00756881052471
3571022336461754317	6833935972895237375	0.00301862807724
3571022336461754317	10029506751188410238	0.00485322540915
3571022336461754317	4857748063832516292	0.00254473522313
3571022336461754317	3870596752183939011	0.032686022523
