924789008872892453	17512207119674688068	0.00615562389248
924789008872892453	7357628337395575508	0.00678157048976
924789008872892453	8057198032013801687	0.0103114704148
12506706468689900608	9467638881684515453	0.00820886379129
8832441265794107890	8243201920401571453	0.00660587867697
11003081546096127359	18123439771567868453	0.00419262336346
4238291060615076031	10144591911245007453	0.0157426641518
6794483976754685726	13715273124394424453	0.0124688667013
17788115258726772453	16900316061670600921	0.0116184853085
17788115258726772453	6959005348704651249	0.00668451587309
17788115258726772453	12214461530739222264	0.00693508625151
17788115258726772453	6405519518240268300	0.00684353857535
678871795350998416	9430733093073487453	0.00359516903768
5825938121592268453	6829697256551348366	0.00846971141644
5301660373761766123	11372608376675845453	0.00344745611265
9024601998032073419	14928247715546618453	0.0567961834247
10590603748953039567	14749026294924999453	0.0033348158032
3205146236272384637	11992403845868144453	0.00313066109794
8026441522410972003	11059267041402117453	0.0124235585199
1810459003281769834	18436011355246473453	0.00426323926315
2356203305425693929	10340672046147116453	0.00460228809005
6542047630679878605	9754498027058661453	0.0167506302543
2340176342256003671	13227879362838992453	0.012905643323
7842143947385649453	10674903226181850393	0.00745832649006
8963579495643348885	12077746828217239453	0.00204485723019
11523572488084318540	10274725316388290453	0.02
1373192596230967453	243195415752256479	0.026889882837
5887368552592257426	16213141105067458453	0.00257848453984
3940768834540686519	12622128497739310453	0.00972939428817
9049999637340905694	13418358932183368453	0.018148850216
7113982328225109299	9430733093073487453	0.00227378454648
6371209761086166920	16510841352081365453	0.00351455314322
14380847583512531527	7719542790229342453	0.00658008667874
2745875007192294440	15549844694970982453	0.0137855652477
9377506475135665178	11750158242212010453	0.0131476555712
6929420244746198939	10226011880503064453	0.00470292808451
9474573702522174438	3438693519321216453	0.00357142857143
4103067425274707453	6574055727036652295	0.0081978229473
4103067425274707453	9225905587026648841	0.00340490769352
4103067425274707453	16049143430500812788	0.0209060502502
4103067425274707453	6057512651518679807	0.00256352958405
4103067425274707453	6575836961719737875	0.0058464538565
5575446647738181619	383513961435987453	0.0131013111138
6274070967624910850	8615921646023163453	0.00604078001655
16640667575641397390	5745271431147685453	0.00613139339485
7551501693493754000	6938633764565962453	0.0175357655958
4114163546435326453	9793265937053830233	0.01327329683
4114163546435326453	9147513425577845766	0.0890870806375
6093285087180046583	12202307709622235453	0.00203996687121
6226880869412210534	10704124350863555453	0.00388376605591
