14394025242684450962	6615419629175449967	0.00261837529946
10480388576878853374	11829341271549738967	0.00734500320463
4681227071750145967	10783881680428932273	0.0126470872686
4681227071750145967	9348852210189700826	0.0168430384213
4681227071750145967	9192849384140531157	0.113227703414
3424311978414968032	10315879941086331967	0.00263203467149
3348887010528162238	2153155135759801967	0.00879735134029
5611607362693873656	16152549644019206967	0.00268409229131
16283161531126228837	14467347095233136967	0.0522708373489
3850284747160766472	7018556908308701967	0.00249811151698
10437170367975334328	10416827681030411967	0.00925806874055
6268465747579184289	2153155135759801967	0.00235119104474
2387943280582638967	13013661411668374697	0.0338642730739
13807586169046183773	1497542331049927967	0.00330357009861
10043744778680554967	465865793827523034	0.0153069193731
10043744778680554967	17141213950273294956	0.00712506668648
2937923304968635972	15881615822846158967	0.00945967539681
4601775575685107967	13817153059154415815	0.0106131042361
4601775575685107967	15505519870498908436	0.00335138634892
4601775575685107967	8305193261302673441	0.00634195615208
4601775575685107967	8329395221351555694	0.00239703411487
4601775575685107967	12100102019348364939	0.00210674365092
6202578557003043153	6937931485888763967	0.00473832552524
12732352817586199711	6436865156391012967	0.00929037486211
5560902166675753967	6939238521811775566	0.0186145197762
4234733053918342007	8240889819336297967	0.00631861860779
13023250498981773638	12445867348238245967	0.00709202022205
16156522888113326967	12373433040990888704	0.00216307372087
16156522888113326967	9458117927422148384	0.0069397606157
16156522888113326967	9009845426071532396	0.00462650707713
16156522888113326967	12206729842231881968	0.00271123204145
16156522888113326967	6955454909695998275	0.00310088327286
16156522888113326967	4013876802977762161	0.00264921344608
16156522888113326967	14951510697064623130	0.00293620234768
16156522888113326967	17524984452226647392	0.00981430358234
16156522888113326967	17608445689556359649	0.00417828919041
16156522888113326967	533835530202606008	0.00449090222689
16156522888113326967	12202539371513890886	0.00706259777351
16156522888113326967	11690842188898042678	0.00766852224752
16156522888113326967	2812660890833131746	0.00209900685897
16156522888113326967	11106428041059274038	0.0077505408613
16156522888113326967	10033542685147811592	0.00225462666132
16156522888113326967	662670955522722628	0.00373251273523
16156522888113326967	13900998773833025635	0.0176172140861
16156522888113326967	13898415827711333606	0.00332604250872
16156522888113326967	8989359234213266018	0.00338001832583
16156522888113326967	13902839386368450171	0.00835657838081
16156522888113326967	13939054826692319078	0.00200046416153
16156522888113326967	9772946241408119716	0.00305904819247
16156522888113326967	9598657992042332439	0.00598427007458
