15288079466263988051	7735134806738838649	0.00515573520741
3661157362945939649	12127613411739136474	0.00440059183139
3661157362945939649	15949975788319353973	0.0025251559111
3661157362945939649	1765120139983705556	0.0041350213179
3661157362945939649	16253563640515065269	0.00551611334781
3661157362945939649	8125474508402849632	0.0146789237925
3661157362945939649	9506353992048554335	0.00303754991376
3661157362945939649	9801793023504132245	0.00283855041587
3661157362945939649	11030709817803172223	0.00703197323512
3661157362945939649	5978901913315029891	0.00258214383075
3661157362945939649	9441518393742072131	0.00482197968632
3661157362945939649	8126994587531601438	0.00316557156832
3661157362945939649	14013884812858248878	0.00200427768491
3661157362945939649	9797484776172084237	0.00443866151215
5591300465195416649	79109901474354895	0.057735026919
5591300465195416649	5617047017592705875	0.0144157482926
5591300465195416649	5614454704140533450	0.0233380014005
10908653227774751633	15045496756901583649	0.00484104008332
7387190520803774172	10946407069434849649	0.00476958988489
5780505734206995209	12256010947126484649	0.047298376984
17167827956173385794	16615756175491254649	0.00438900544291
3081177528911534931	9211368453649500649	0.00293483635442
12692757790430325036	8613220098535345649	0.00935314974756
4343722287049864032	17592948670142884649	0.00681598176591
605908044690596673	9271393746469278649	0.0056632005901
1188212675056190395	13421261527016468649	0.00508466542534
3713373770649876907	9981573871497004649	0.00403912668981
2088073993601990193	1629788432187098649	0.00532095581465
12505171516272933008	16165500420508828649	0.0049841382986
10038411284788573884	15192083801732511649	0.00310684883001
4424073900078391168	9888349076009339649	0.00395835549606
15614583141554343961	6408814574100453649	0.00620006770511
9186515630711815313	14914447861799324649	0.00205464030301
5695084203184058718	10542924895480366649	0.00252825307551
2432137982974661528	8768965706258373649	0.0120753926
6498119684514710649	1140823617980283747	0.0226107815823
6498119684514710649	13421813769668375533	0.0222057795842
4981119763989504930	579061644280512649	0.00802081697144
15259183411005641562	16986377897169753649	0.00394107223811
13933577016651283424	7569230561920466649	0.00646683900304
5718591989132758355	4703486079355485649	0.0662266178533
2745605501070668785	15927024204610570649	0.00646981593312
6423362720938919751	15427121970414989649	0.0052451720741
1903115492207477462	11761139180775591649	0.0054347826087
10680831057932253172	15192083801732511649	0.00332136110697
5020749738401999649	13425430320946424804	0.00793750793751
5020749738401999649	9794974457204975324	0.00592556828925
5020749738401999649	6053138016793020067	0.0141761994281
5020749738401999649	6725466986696074623	0.00338394458909
5020749738401999649	9382292775032199666	0.00253301777275
