3808956279540382565	10408266598589992674	0.0173161795718
6508016161009220415	10396605133170815674	0.00306247473469
5790956214517393528	6397357491061516674	0.00415384988985
3652494456567358108	6822621194922052674	0.0115010926557
3274161391479769674	8302199717995040313	0.00283879059444
3274161391479769674	18434948101699691805	0.00223019912486
3274161391479769674	531431075231437303	0.00243397633689
3274161391479769674	8276238845595123306	0.00321221421725
3274161391479769674	3279738650711161493	0.00289953750266
3274161391479769674	7633278153735393800	0.00286558831943
3274161391479769674	11833869681577072807	0.00512780058396
3274161391479769674	5252790855998021336	0.01163105263
3274161391479769674	8460504968506781649	0.00279605720767
3274161391479769674	18036429046934383252	0.0257172249937
3274161391479769674	12701705418640555312	0.00948773435809
3274161391479769674	16772248527130705348	0.00610175942141
3274161391479769674	8277897867050207641	0.00891614127995
3274161391479769674	8193978922359262922	0.00322728442287
5559558419700722957	14495720627583765674	0.00349311008571
4079665478024968174	8023326183443782674	0.00404722329258
4835889542043710796	15916546971038316674	0.00861109582909
14514756516111157936	6400220894257086674	0.00357199813185
2545380663506771457	7578555558790226674	0.00201187289353
6435152276970468105	17125703479291306674	0.0130643633612
3189170319577977556	8681815252658434674	0.111803398875
1332693412779247178	12568076138461660674	0.00231347638463
7283831862194455988	11995986442307007674	0.00247693261123
4941073563524830543	11464676328553198674	0.00201887590122
1700843612573635122	14384018215340366674	0.00416666666667
2600671834953219497	9177546320262486674	0.0020340838996
4603232543566006003	1152089928168429674	0.0157485197087
3161606781675839317	10356015174844523674	0.00224111617452
5559191119641705417	6400220894257086674	0.00206229408297
16550725263834929767	6472220205152397674	0.0059450132296
796949550987829483	18000043720967274674	0.154303349962
6733578697170466989	14495720627583765674	0.00349311008571
3770165875657574171	16101032896871874674	0.00365726677043
833384797710795222	11050916462951936674	0.0062112999375
2234471153635557868	8593787647836970674	0.00252409388673
9824720757092884199	17912379825332325674	0.00250313087161
170470838068689674	1007802546603125247	0.0234468038616
170470838068689674	3565388266509227420	0.0128724544221
170470838068689674	10515654202875880101	0.00461491495563
170470838068689674	17411852184656146465	0.00501917221102
170470838068689674	8241635726201182963	0.00724067593996
170470838068689674	8294890747255325191	0.00953505931409
170470838068689674	6958319446769515697	0.00671897973857
170470838068689674	101160890763797319	0.00647741216377
170470838068689674	334184284543783894	0.00291640642951
170470838068689674	2268538459100210783	0.0191144849975
