12711365950487236067	13101637465699229145	0.016664352334
3188588835776745333	15636409624351312145	0.00327111946658
4059651086820318689	17421572376856791145	0.0137881858285
6185928753674894525	12204247870765384145	0.00267120087162
2644196886849000540	6491792615923422145	0.00451073252395
5210966981495529687	12675775991054066145	0.00377627456025
4660414461422538716	10206875900284934145	0.0124951200467
13594829513095338131	16798296331371555145	0.029488391231
9163633361542438145	11824590947658856896	0.00742290068069
4444604348538431344	12207152948135858145	0.00869894162066
12832479368085263683	14155577965597711145	0.00237009416808
5440223489230202029	12720448376965084145	0.0119822793302
4773444293390474235	6821261555596042145	0.0179605302027
2334555612800830769	10751320015798505145	0.00708525251581
2935223458097909855	12204247870765384145	0.00267120087162
10203448404859849382	13953808983006843145	0.00288075600958
5199926000498238162	15310476637162136145	0.00580454325266
17633029165255719145	6260666250086637069	0.00289232443977
17633029165255719145	12210986507096061818	0.0167084902372
17633029165255719145	12214246219773075231	0.00953289279676
6646592589316610819	8033030893412604145	0.00371211514031
1012770562350273510	8468791154445779145	0.025269934786
12312898465268830923	7346316465993998145	0.0021694475112
8869241548261981374	8077494401143813145	0.00226158695691
11903451093497280265	13422668888961008145	0.00395934821823
6150938833234623079	1110127642061757145	0.00285714285714
432753078285572425	10384273231022918145	0.00895825770947
3184635757090776038	14698001689356693145	0.00228324784633
11201608253863673675	16848073356529426145	0.0255321460594
5383031518251791345	6813368753048015145	0.00436585492596
6872407698120242964	13986420417906037145	0.0200643088476
13118362446292693102	10917707859570182145	0.00221385273381
7709804785296379727	8614073562107895145	0.00220192753025
14985049447796973888	6821261555596042145	0.00678844233302
1623983664959869145	7103822689998346847	0.00295405828872
1623983664959869145	6954495409756963821	0.00966555841284
4337225699427700010	12204247870765384145	0.00267120087162
12238871015233122577	8421189177785442145	0.0123541552777
2314710845574822302	11020129936983130145	0.00746289438066
2589325612996383420	17373266665869107145	0.00225326403421
11325416470818932701	7690813805262381145	0.0045361387846
2712485269704942708	11120954129222025145	0.00415316916872
3169569925927615612	9784969125697863145	0.0112055808726
6599579952338111271	12204247870765384145	0.00267120087162
1117517427627209382	15618570250387506145	0.00360281417639
2290174496768114827	11120954129222025145	0.00415316916872
13856089299242531323	17267924591556568145	0.00612403056614
12694849787358674913	7706108727079542145	0.0295398095634
3634908416550451178	11041286714773165145	0.00354173737914
11672503453095210793	12210685807911018145	0.0052601716643
