13618664744856886161	13198038935819509916	0.00213527566632
12455393029834346599	3347386232832393916	0.0279727119432
8197103784786987450	8333823048565922916	0.00331638933507
2640929636415647916	11200135133075357959	0.00332607930388
2640929636415647916	18214708995906099149	0.0051423567844
2640929636415647916	16477119234583584980	0.00600896003065
2640929636415647916	8566623600388904238	0.00429303181816
2640929636415647916	16905107340268651884	0.00451574279065
2640929636415647916	2606243445981787038	0.00269293419107
2640929636415647916	8622860176607797408	0.0110384420824
2640929636415647916	17511610427312053524	0.00367443487633
2640929636415647916	15787819435116850098	0.0037787001731
2640929636415647916	6935420819628331260	0.00257835597495
2640929636415647916	18225328225257141657	0.00272757142397
2640929636415647916	14608693941508441300	0.00245015627595
2640929636415647916	17540709634002426493	0.00277342631296
2640929636415647916	8994612411307956775	0.00605993833559
2640929636415647916	10272478404043963886	0.00204829031175
2640929636415647916	474546768661626459	0.0125195771459
2940909320208685501	12196009513623412916	0.00235102209393
695619443587925337	9376506236950008916	0.00370294185988
7259180969857830916	16110669513014451560	0.00462052747256
7259180969857830916	12196185074771627292	0.0192628532132
7259180969857830916	16115765401506134008	0.00357074545843
7259180969857830916	12193479576079930866	0.0029163692223
2445488841573380426	6953667864029134916	0.00326384594259
7375439241843935916	10346723588538563316	0.0159637714204
7375439241843935916	11419505319686955476	0.0045224337749
7375439241843935916	8284660507730221807	0.00225417408667
16149468342824964277	6936705904237382916	0.00677783099651
7798588675605177719	12197545930878768916	0.00532759682409
8135722348408071916	11267311202702278077	0.0191389750588
8135722348408071916	3893127074234252199	0.0132314031006
8767832342441831147	6193562044584013916	0.00733867130413
7621930264526927857	16232980186657774916	0.0116642368704
2021004295742400632	16686346098975971916	0.0033908047377
13028025220325284703	8957482904283951916	0.00280984247074
4625230723707321916	16240626360117367359	0.00860535488527
4625230723707321916	8812386708311984411	0.0135531717456
10256539625342942916	9594833522395430295	0.0387492129146
15421966703595504219	12221012094709464916	0.00259643934775
9846071847672614173	10709012158449382916	0.00381807339906
4977155439708143764	12213934864688013916	0.00202818478579
3426087277687045761	16692975935128984916	0.0040919051345
3732334415345022093	16370073364244927916	0.00227585637527
5489825517075018256	11597563994990085916	0.00340965453494
2843964455251968916	8248058905673573430	0.00223072620721
2843964455251968916	6376326913102182069	0.0249532564253
2843964455251968916	11512084467109468288	0.00223673350473
12270431934223860739	8240200515617000916	0.00216651284971
