3479505482526578888	5231779140154387531	0.00969139674383
8824467751774217531	2463649977480634590	0.104257207029
8824467751774217531	10715313536948596319	0.00277077417601
8824467751774217531	12885246834394103458	0.00972203468478
8824467751774217531	11049601421261825111	0.00645174717616
304662937784959371	15785674047949335531	0.00239066897301
13241094958832873690	6399258585351424531	0.00483622552213
932103926122826311	11914854016456351531	0.00222040825915
3505419792284293167	9036725355519713531	0.00218935821529
2741867479526018531	10438624786166249993	0.0032479175345
2741867479526018531	15046715883346695436	0.00448741920615
2741867479526018531	2158073908411954745	0.00225921357495
2741867479526018531	9135882820388662835	0.00555701360534
2741867479526018531	9448360674716796279	0.00314602325018
4383010987084711979	10349126258549268531	0.0176226844213
6721100681379198769	7800208057509117531	0.015893049979
4514395614238270872	9234925490924669531	0.0029782488637
13276482505129276882	8212095542309145531	0.00768594327377
15303704245986233195	6454124456672806531	0.00307362206984
6132953142848616078	15969216744574460531	0.0153284834871
10553419597723563774	17185588454503515531	0.00358854241944
6306856539339442003	10959664315517015531	0.0181668104878
5650490918839512125	12445991902340171531	0.00509633954364
5292358975178236916	10288961036907184531	0.00206259675095
14883042497382368457	11642776101781500531	0.00791757944024
7444483808186367341	1123183358631960531	0.0233443596628
941983012611832077	11086486791245772531	0.0129575429023
5724039793894863730	14289455816118487531	0.0249843896332
5556583258599788854	16947376052583102531	0.0217442691018
6242077974852047859	9459640591247077531	0.0105679671585
4633006895891343434	8072132262681877531	0.00263763198835
2924384203418941841	7758606249001532531	0.00262051412088
5200632539437553354	10263540564699419531	0.0116761574017
12910992500224472718	6993379101063228531	0.0338061701891
5115407567856220531	13427023096819790974	0.00398393727484
6174714767774632267	17643394602196167531	0.00458445570728
12769307065160221623	11044514880942140531	0.00226659492252
3547683396050818861	11220231957483933531	0.00250125093828
14295133066852322232	13271839422825487531	0.00335510025709
10780863292767849271	7613871485053043531	0.002299853504
2206512460313728146	6939319018064515531	0.0029272318992
6013395378990144348	10027002468126965531	0.019090088708
11731118653454061868	10540281043273104531	0.0221512332489
6922838241690987060	11387798065371910531	0.00836212772309
11659280468296706531	15910245124461101135	0.0042445341717
11659280468296706531	8246824038141474763	0.023986954644
11659280468296706531	12197946814620257606	0.0136070164982
11659280468296706531	16096587962187765908	0.00314278992635
11659280468296706531	5557376682445564323	0.00370910083601
11659280468296706531	9454823377767680280	0.0307728727448
