3071960220865023678	12828775089656609358	0.0110216678544
4092477434890525208	11005451312416046358	0.00430834416614
18374996173889561255	6403672596290229358	0.00203152605533
13130835547038560657	7020717160781996358	0.00854981960071
17753842187724940381	11024310698712998358	0.00935601485706
2370176307249318891	16412258881397998358	0.0247083105554
1590560852047711155	14423775687667705358	0.00359707575886
5456369471889603709	16343040097145995358	0.00251574118251
8040016736287709376	7144870294726474358	0.00346587659847
2175117071897276186	18159521612020998358	0.0237825747077
5263410036457874784	12668167769950926358	0.0148347707274
3830910941264764358	18429975203818661816	0.00602354992772
3830910941264764358	10583081140686966244	0.00337188071452
11427052753374270901	16692167510627421358	0.00829055162647
13890112676183682127	14263189184234926358	0.00495098041595
6574780817516322819	12306123323522364358	0.00247382320081
3975619702004868810	12895417337628664358	0.0167907233373
3458258262251872736	7358038724531340358	0.0162650012158
12502360743073171358	26569132647966879	0.00648598998851
12502360743073171358	5442082844323032356	0.00665602553192
12502360743073171358	11907116920126454302	0.00238112786736
12502360743073171358	16226057970152821314	0.00552697110357
12502360743073171358	11723713201057831490	0.00271985270547
12502360743073171358	16273332963737100492	0.00235973786467
12502360743073171358	9223653065659012259	0.00492103578626
5297712664101471358	10699262657153417293	0.00683458189767
5297712664101471358	13705711947384517559	0.00264245294588
5297712664101471358	12253234593924991693	0.00385414408386
5297712664101471358	2394905003313476904	0.00577696991432
5297712664101471358	12028126548502222068	0.00727277535735
5297712664101471358	10582159629301865454	0.0350070021007
6366770156663648200	16692151803935979358	0.00791733128305
5361979978731728869	6636887827607918358	0.0171751346643
7113205949708632462	7107173563392348358	0.0140193038523
6681865699647996705	11171741441220790358	0.0144172464218
13804505552004913403	12879762547643242358	0.00275300387556
1261937150620335778	8607038740559079358	0.00576428719888
12834690064634708702	13678585770869528358	0.0108682812335
12834690064634708702	5250505386691170358	0.00454987495978
4250990623919949058	16136772130331318358	0.00531817097857
3431760715394886880	14153343161452062358	0.00354124878093
10485723379644476379	7221885539883469358	0.00588153894367
5262340692869550483	10873453981633797358	0.00942892858006
5224040978267290846	17138426762303560358	0.010083022585
8081849533284109357	14733956684269965358	0.0185312329165
12879958801513976564	3549235874551323358	0.00520381808902
7515142106170639407	6150762519761012358	0.0113636363636
1669547083856670155	15928555678248179358	0.00450286022465
2216972160494271275	14378004608228071358	0.00699865638695
9227968643414837809	16692167510627421358	0.00586230527486
