5379635677098285102	17936190665825208179	0.00205343138127
4722059082368401763	5918088619135008179	0.00321848027185
5283124387106296298	8276715000366597179	0.00419960525566
11823811236079672179	405517639920224491	0.00280359629272
11823811236079672179	14426854259530083759	0.00229450153975
11823811236079672179	9864804554931072403	0.00411379840076
11823811236079672179	10249482294461636779	0.00728395683435
11823811236079672179	10029326474183336698	0.00331098601625
11823811236079672179	1331913275468496324	0.00308615517636
11823811236079672179	13519884950631117708	0.00296843088909
11823811236079672179	10537267311740956950	0.0029460736736
11823811236079672179	14927581171354056337	0.00360893262493
11823811236079672179	1399172359702031504	0.00261036998404
11823811236079672179	7239398245683935861	0.00314533844562
4492483020285147768	5489177950374778179	0.0292352673102
13919713080344137179	9115974416636285835	0.00373905590886
13919713080344137179	9109815815907886339	0.0249067740693
13919713080344137179	9264860061702088412	0.00872373204317
13919713080344137179	13436532872021695906	0.0169515875905
6967882406911129578	11000266620975823179	0.00481025021215
3981406377454130142	997063032417833179	0.0157290265465
3497076765544714179	13923319294894781620	0.0208062594644
3497076765544714179	7010698570471627788	0.00418817171555
974426662405464838	12200052830226409179	0.00836593101763
10422102759184197622	8231965044622062179	0.00505398695719
11890856703282873179	10131507194564348318	0.0166205623829
11890856703282873179	15780764541678467698	0.00885059728058
5733070715277397019	9232100626457316179	0.00640315625329
673078300305678531	13981743309857983179	0.0033814286592
1876999741634999745	13785455061322587179	0.00495098041595
12902289788266796179	13427314699292305577	0.00863514070871
5101348731510784179	14312126862354101005	0.00575244890734
5101348731510784179	17303577480439297050	0.0109658615827
5101348731510784179	6414281835664272470	0.00216207245934
703204404385380587	13925573096093486179	0.0052998405302
4420874870600649867	11864025447460411179	0.00337226414857
3105361969507691645	8792650461277670179	0.00735851309481
2175620605938044364	5726808535963126179	0.0157212495243
4423445526961132179	16682319490688259228	0.00437704880156
4423445526961132179	8311603784221333562	0.0144277464206
4423445526961132179	9985452522350374112	0.00488671942571
5296303778389294170	8595400927913785179	0.00669950023592
4967271908615758179	15985775448937514442	0.00621705914127
4967271908615758179	14477703099724798521	0.0112366643744
4967271908615758179	13974692459689353611	0.00614434249775
4967271908615758179	17993937948418277615	0.0147828098997
4967271908615758179	11012669686879410953	0.011993477322
4967271908615758179	7005561762910245567	0.00329604264189
4967271908615758179	13342246469899849313	0.00255775389506
4967271908615758179	6148156677204825922	0.00200420522586
