4358129001859093302	9143639300667306266	1.0
6401210915240024291	16297217449488805266	1.0
13747372105978810120	2359417536424939266	1.0
4262135726990855266	11880322090240053584	1.0
4262135726990855266	10522967459396567242	1.0
4262135726990855266	7347542590601500407	1.0
13983701235312689378	8049409897844591266	1.0
3807323883034972451	10439207363710082266	1.0
3396094347890826266	4899519417798798252	1.0
2810798994775011266	3465012979625614078	1.0
5470458474170156266	12884537729786092385	1.0
5470458474170156266	3483862152475038527	1.0
1693840595635533266	7238620978771183557	1.0
1693840595635533266	11415809646715811365	1.0
1693840595635533266	11425512914125364765	1.0
1693840595635533266	11432039318802694934	1.0
1693840595635533266	11425197886795910625	1.0
1693840595635533266	1053680398700647391	1.0
1693840595635533266	16872580209461235651	1.0
1693840595635533266	7363490143532474216	1.0
10073565009345226695	8904142886924327266	1.0
5422391755718436266	7230315564332654113	1.0
5422391755718436266	10472395182188576566	1.0
5422391755718436266	7210207777068581045	1.0
5422391755718436266	7225188790621001201	1.0
3868571744428137266	7362027621176703230	1.0
3868571744428137266	1057809696152501921	1.0
3868571744428137266	7235351615248665904	1.0
3868571744428137266	1061330435551545705	1.0
4831462844363545136	4022597132675100266	1.0
8914058132191251266	7220430413516693089	1.0
8914058132191251266	7224000708100722512	1.0
8914058132191251266	7234706240606241337	1.0
3147250321181458333	7374053774980642266	1.0
973605301144388266	11432082057998119456	1.0
973605301144388266	7370380782978145053	1.0
973605301144388266	7213145654973255852	1.0
973605301144388266	11419654290870798686	1.0
973605301144388266	11434520087666909785	1.0
973605301144388266	43302134022130131	1.0
973605301144388266	11419687804571066991	1.0
973605301144388266	263975142310360998	1.0
973605301144388266	11419215117620765749	1.0
973605301144388266	261432435804666577	1.0
973605301144388266	11431485929399568998	1.0
973605301144388266	13592223646929093251	1.0
973605301144388266	309903379877180338	1.0
973605301144388266	11410073846535934593	1.0
973605301144388266	11421359878213249613	1.0
3675018771635246266	11426870050759632701	1.0
