5297109449402328990	3465640959749918102	1.0
12731656824052034340	66524171973083102	1.0
1468374161958820365	1553058257563356102	1.0
2202065633808383421	10456310997749857102	1.0
12854604231569366827	875526243717626102	1.0
2033114420092961915	7406947340752656102	1.0
4330055323499710762	875526243717626102	1.0
1786069133591252565	8861346295759819102	1.0
770742155243241102	14736204384328298159	1.0
770742155243241102	863962626411754451	1.0
4857106981054907482	11408153914573654102	1.0
9783480975890996617	8907442557196168102	1.0
6124351042387412077	875526243717626102	1.0
13359485084122496295	875526243717626102	1.0
3252214430191815398	875526243717626102	1.0
5633529998643751102	7379558432643214259	1.0
7803887243173358102	5828263471392444092	1.0
7803887243173358102	3987367018835519286	1.0
7803887243173358102	5832498983475272588	1.0
5747927646870016102	12127196187175680590	1.0
5206687037979774696	11416737776189801102	1.0
4829116041827618783	875526243717626102	1.0
6359259934259959103	3465640959749918102	1.0
1090259620136549487	875526243717626102	1.0
4017910312633915589	875526243717626102	1.0
11430095288849944378	875526243717626102	1.0
3059201326914694864	11416737776189801102	1.0
16398887583916494102	9290676586792092360	1.0
5907591554637371125	875526243717626102	1.0
3090713451526398507	11416737776189801102	1.0
11133995935142330102	8573415188022368603	1.0
8540439571944941102	11343750046749469529	1.0
8540439571944941102	11318102464697169442	1.0
5720928684041016842	10981215005286980102	1.0
7066965687076159994	7361484428405171102	1.0
2586702732140442868	7406947340752656102	1.0
17729190690661557367	11416737776189801102	1.0
6652816688154211900	205278339066274102	1.0
10626830824801835102	8915317855518251504	1.0
6005513341071618367	6035535561093002102	1.0
7171793895709926102	16831337300478051608	1.0
3806985346587476102	7217685667365560809	1.0
3806985346587476102	12268417908113129683	1.0
3806985346587476102	8113341767513825825	1.0
3806985346587476102	9551177897615029255	1.0
12119890189452518102	770420320743976693	1.0
12119890189452518102	7356539043912198062	1.0
5332104855271225746	875526243717626102	1.0
2773795037894864974	6035535561093002102	1.0
10690082142038990423	875526243717626102	1.0
