5064189640440830421	12875121580590913288	1.0
7379691275542652509	12875121580590913288	1.0
11805560680329561288	10747649057308995983	1.0
915079903861046199	12875077849242674288	1.0
1940803555286539193	10407447282764863288	1.0
2325690419018132288	7379182764795611973	1.0
4386486401429153128	11173199572976548288	1.0
6134786513517908138	4572430327953608288	1.0
6186732623131160171	64047281587475288	1.0
3259537134916205002	5937313089189581288	1.0
8951773130404980324	18047657519294952288	1.0
5595257592552067288	11416289811014711219	1.0
11862309416101757288	7258761076083820723	1.0
6891785803877538271	8933363500142799288	1.0
6022719718940304823	11331971107480286288	1.0
1568992762835639988	11331971107480286288	1.0
7206250758757044966	12875121580590913288	1.0
2387255610212552288	7228597182160519219	1.0
2387255610212552288	11490188666086901120	1.0
2387255610212552288	10474756752827124872	1.0
2387255610212552288	261432435804666577	1.0
2387255610212552288	7215648753329572668	1.0
2387255610212552288	11466116516670782533	1.0
5446995566391575288	7228550216592602724	1.0
10324922780209088978	6745324592790336288	1.0
8306828635794269533	12875121580590913288	1.0
4511822534061070200	1938845710309019288	1.0
5855180809074968288	7409069789067403336	1.0
18112010024052090576	18437640810511976288	1.0
5014130686792167786	4369774057299937288	1.0
5972909663987723862	11331971107480286288	1.0
5405146284409491611	11331971107480286288	1.0
6573072150786191393	857045894975027288	1.0
3553177576843248053	411520824585637288	1.0
993826355317228288	12110588841168691251	1.0
8919242605263140288	3438821436991038043	1.0
8919242605263140288	11890363735396675965	1.0
8919242605263140288	16467441374007819271	1.0
11579236755488964905	13191805514078290288	1.0
3234089487539005288	11481290060708854503	1.0
3234089487539005288	5831125135116744015	1.0
3234089487539005288	11468421814634136068	1.0
3234089487539005288	3473046724647939120	1.0
3234089487539005288	9551557748826765598	1.0
3234089487539005288	16330684079091019794	1.0
6548689634237186879	10164005156266394288	1.0
5419299181912011288	12223834682032228115	1.0
6431863173721360288	8955257507441791764	1.0
18416171126811509288	14163900416952895262	1.0
18416171126811509288	11276361554468486285	1.0
