11225428658404905797	8010505285683052945	1.0
4745636056233740130	12863961047853594797	1.0
12497644431413644466	233504044975425797	1.0
7578340965829068797	7209678366557895507	1.0
7578340965829068797	12874607722163656994	1.0
6665471882501009797	7213993094925909628	1.0
6665471882501009797	11429798174802046549	1.0
6665471882501009797	11431996734208571455	1.0
4425986923628945797	7207151208164684320	1.0
14504394083354809596	6020769068212876797	1.0
2459425352759142104	7363282176864485797	1.0
3108618985554312797	12874657805776058164	1.0
2144104935243255280	7401771540021696797	1.0
1805493750507966797	13556648887860279520	1.0
7731816334613360797	1756096803957241223	1.0
6913267169325365797	12272585795964349388	1.0
6913267169325365797	1061330435551545705	1.0
8816432787586369995	4544219041118922797	1.0
8952397754684351797	15611444393141585079	1.0
3050327554880344439	8292216302365768797	1.0
2701224874433598754	3477321793334191797	1.0
5283606109676403612	852208198469009797	1.0
7245979030606043797	11474167424365149597	1.0
7245979030606043797	7227778114767885627	1.0
7245979030606043797	5935416495980738430	1.0
7245979030606043797	11483495784134583283	1.0
2308471102124234255	12871997275472894797	1.0
397152421422906144	7354234969903049797	1.0
357595227905563797	10451599916569578314	1.0
357595227905563797	2335278706113869375	1.0
357595227905563797	1262435381879114272	1.0
3291393851379570944	7363282176864485797	1.0
17758119172286270797	3179970194821943926	1.0
17758119172286270797	7403324956761436024	1.0
17758119172286270797	7394864137328318037	1.0
3897642143678923874	10468125744081372797	1.0
4213267058712002492	3047734322009539797	1.0
5082255604535038713	3469135452497387797	1.0
14122236547035756850	11566921078426015797	1.0
6183126763792787762	7218446984729665797	1.0
4064429218866742797	3462410551637761258	1.0
4064429218866742797	9492634705819700315	1.0
4064429218866742797	3474015926875544166	1.0
6052940878321845797	3475119587516155997	1.0
6052940878321845797	7000532246294316519	1.0
14196332313250220797	11408716761461746295	1.0
7275713685881223682	12775852317343507797	1.0
18348568701898895797	6621399996843199121	1.0
18348568701898895797	11483015194434259609	1.0
18348568701898895797	11645852290814701646	1.0
