17078405526697082803	7402138467765132170	1.0
4166538618005037007	15181949037738042170	1.0
14549271131234498170	11328430241951260971	1.0
14549271131234498170	6832466446853394319	1.0
5204031884215990297	16461307833711043170	1.0
17735799762846500170	16024112133835304405	1.0
7415753930142953924	15181949037738042170	1.0
5431503112638614029	15181949037738042170	1.0
5569191216690053170	17529898413055030	1.0
3847423719730663705	15181949037738042170	1.0
7101240235368465682	15181949037738042170	1.0
4294062987530137443	15181949037738042170	1.0
4793110087212122186	15181949037738042170	1.0
4487877099134590362	10337428699568494170	1.0
14492313258210759602	10337428699568494170	1.0
5337434094743017711	15181949037738042170	1.0
15469730283909186750	15181949037738042170	1.0
7271942918393284170	12859392031706181021	1.0
7271942918393284170	12854361366420027064	1.0
6559149249231272152	11464348205606807170	1.0
4858385180508925690	12745468561740731170	1.0
13798527287013163328	15181949037738042170	1.0
6705075775991285170	11645852290814701646	1.0
2285793616822128851	6042711502340956170	1.0
3267785602259688416	15181949037738042170	1.0
13494752908266580107	12446327177723773170	1.0
12111898531616224170	6010291821557574544	1.0
12111898531616224170	12412665301881018107	1.0
1719936945713737170	16550780797587278020	1.0
1719936945713737170	16577088477413401368	1.0
1719936945713737170	7405947639902507846	1.0
5782801693613302665	15181949037738042170	1.0
3246031736964056667	8704435628100539170	1.0
15303384585704867419	3467113111267163170	1.0
4664026152288837170	11412739372015368048	1.0
4664026152288837170	11428225319142231551	1.0
5293697553139227170	10873173334253115192	1.0
5423281922053694866	859657741945326170	1.0
10896534515532504002	10337428699568494170	1.0
2757482112746233170	3469072754582635801	1.0
4225315918222255436	4130839503991250170	1.0
14383617369375909407	2793110632284729170	1.0
9397801854658578800	15181949037738042170	1.0
4778013261959611311	15181949037738042170	1.0
5766841877916903946	15181949037738042170	1.0
15278218401368734024	15181949037738042170	1.0
5857850627721302758	7347581515865354170	1.0
6448848470445777170	11434307572621701701	1.0
6448848470445777170	7346023232973772352	1.0
6448848470445777170	11428451208569934886	1.0
