1254344853112497150	11431642498218125731	1.0
1254344853112497150	3483106740637060350	1.0
1254344853112497150	3470079945844427148	1.0
1703862077523950150	7365871762927251675	1.0
1703862077523950150	7365546127245897755	1.0
1703862077523950150	7225570939574260064	1.0
1703862077523950150	7361966503890796161	1.0
1703862077523950150	7358950388816182386	1.0
1703862077523950150	10469013372252137607	1.0
3985274321726259287	11411981963141798150	1.0
17076002300560188150	11416157998543514980	1.0
3441459856414256150	7355363433970125985	1.0
3441459856414256150	11425197886795910625	1.0
3441459856414256150	62553603488126147	1.0
3441459856414256150	11420591890820720010	1.0
3443979046277760150	68164484411468708	1.0
3443979046277760150	13583740433607220055	1.0
1186653886433460150	215020472223987459	1.0
1186653886433460150	883043035894250323	1.0
1186653886433460150	874371625643442208	1.0
1186653886433460150	880914252413855087	1.0
1186653886433460150	875168604053039093	1.0
1186653886433460150	12399026410427705636	1.0
1186653886433460150	870504136502363390	1.0
3084150771530837150	15162372233174785882	1.0
6069344531216933902	5013257714437591150	1.0
4402849935627785150	1433225104061715680	1.0
4402849935627785150	2855412806163528907	1.0
4402849935627785150	12904378476266270612	1.0
12061318196205801011	7210614992031364150	1.0
10772164164671187150	18445119899515765015	1.0
10772164164671187150	9026159425431298	1.0
10772164164671187150	4731599745171669023	1.0
7487245076476495150	11231425148249022990	1.0
6296069468349912150	7225908090280764068	1.0
6296069468349912150	11413594933849846661	1.0
11734849097727704494	855160990714248150	1.0
13063745192908290150	855448605182588507	1.0
13063745192908290150	9401011349854167714	1.0
8681983479943900033	6875086820512960150	1.0
2437770282365165150	5939664777038176696	1.0
6398983506747075425	9285471802495271150	1.0
2710481018378103818	9285471802495271150	1.0
14738766037130794254	7012233187595397150	1.0
18304676909723777498	9140449990494907150	1.0
13001469302488926790	2782378488348359150	1.0
13245004315885174812	8409802778361961150	1.0
2839662656250969773	10853428588389584150	1.0
5499418122690702000	9688499045599702150	1.0
98754178293390535	11411981963141798150	1.0
