3086212866561548532	2242061044528725276	1.0
5092089507775659276	11238630351014200029	1.0
6382330802044943276	8761612602434947312	1.0
3649231672397776748	6658545195212779276	1.0
3985388164785266276	3480584379431106293	1.0
3497454616199554375	10984674884925221276	1.0
7179143434948690126	866160902272675276	1.0
18062091059109739826	11650213499448912276	1.0
3550067126775448276	7219954904771281620	1.0
3550067126775448276	7216688672332304192	1.0
5322031366949795946	8975395351420789276	1.0
14630962387639143276	10653261159907018017	1.0
14630962387639143276	749666136562840291	1.0
14880523490263486163	10072068457942641276	1.0
15773895388261087213	11417395855326331276	1.0
168875581340488276	11410041312107693902	1.0
4234149035039600447	7352334378287660276	1.0
7425840978440716854	11650213499448912276	1.0
6095677113333781276	2756725985064520909	1.0
3155190044777774316	15924676821106966276	1.0
5318837071125667970	11650213499448912276	1.0
12523898582953964276	7377620977269152272	1.0
12523898582953964276	11434642043187081578	1.0
12523898582953964276	11407848950452047266	1.0
12523898582953964276	7371538061866154780	1.0
12523898582953964276	8934893366493922340	1.0
12523898582953964276	7238620978771183557	1.0
12523898582953964276	6847589105233168546	1.0
12523898582953964276	7226736383251568428	1.0
12523898582953964276	862459271817053722	1.0
12523898582953964276	7346294065050819443	1.0
12523898582953964276	245398566879481500	1.0
12523898582953964276	4572311232800472833	1.0
4228441497911142592	15175729645935005276	1.0
3714941270689549474	11650213499448912276	1.0
2851640371360063276	13012595942524579411	1.0
6690684601326640911	5830158213459438276	1.0
5979120865824852386	11650213499448912276	1.0
1239094891082726781	7243832439681085276	1.0
7288423140933637688	11650213499448912276	1.0
8578112917199027516	874058977813551276	1.0
3822628023988977736	866160902272675276	1.0
4370533354947442180	4676060669101569276	1.0
5664299844353758276	11425353317358425546	1.0
5664299844353758276	11410518332727448025	1.0
5664299844353758276	11432258186070299052	1.0
13298888092539441276	2908322530905489541	1.0
13298888092539441276	11329993670105022295	1.0
2307659067819928276	7346330748347077405	1.0
2307659067819928276	10322739146825528184	1.0
