14095357396815279637	16809282597216965897	1.0
11786393839265274897	6827823093280937119	1.0
11801667003878517897	7352476928184841874	1.0
11801667003878517897	7230411625481031581	1.0
7763126649646534655	8645881189232864897	1.0
5564549632823004301	8038073597855015897	1.0
7865112528670529897	8823779766824548626	1.0
7865112528670529897	7814436425944954699	1.0
2990235081035674897	13592223646929093251	1.0
2990235081035674897	7231756444150253358	1.0
4157382992493062897	16775645897049519553	1.0
3733664716720126053	11428314624329184897	1.0
4723824824058782897	12876925905033843173	1.0
4723824824058782897	913399974142804912	1.0
4723824824058782897	11553790271793181375	1.0
4723824824058782897	13303729741986812268	1.0
4723824824058782897	1275988680467145081	1.0
4723824824058782897	8597286856034902812	1.0
4723824824058782897	6861423027190875808	1.0
4723824824058782897	141673707710823116	1.0
4723824824058782897	2924486896409134092	1.0
4723824824058782897	8664749381336967742	1.0
4723824824058782897	7713970714880650444	1.0
4723824824058782897	11571797412614908289	1.0
4723824824058782897	13283938700403355977	1.0
4723824824058782897	11518572500373609418	1.0
4723824824058782897	7959274520660283090	1.0
4723824824058782897	12792812230935127996	1.0
4723824824058782897	10691543491527067649	1.0
4723824824058782897	6012876834883124359	1.0
4723824824058782897	6831518444800960876	1.0
13423882303479909897	12863388021982367183	1.0
13423882303479909897	11334334232866992574	1.0
13423882303479909897	11163884626362805294	1.0
13423882303479909897	11479663870123031278	1.0
1148849625921181446	14966311546302527897	1.0
1802675502248818897	882952671629747646	1.0
1802675502248818897	7238620978771183557	1.0
1802675502248818897	66414607356525271	1.0
1802675502248818897	879053077549510290	1.0
1802675502248818897	10977502718885442273	1.0
1802675502248818897	7231897971868761215	1.0
1802675502248818897	11418326080778535909	1.0
15072787808669698897	318698012670782755	1.0
15072787808669698897	263975142310360998	1.0
15072787808669698897	9024970231263445109	1.0
5898953411517234897	11414438813297278749	1.0
5898953411517234897	6912640272462694	1.0
12807158762799396720	7370302094864819897	1.0
5597981954647211897	6848582170467936592	1.0
