4915620655581220181	10459520536617612211	1.0
11857703853604007813	7225093068664644211	1.0
7181480416285181211	13592223646929093251	1.0
7181480416285181211	10478882794767752633	1.0
7181480416285181211	12655519612043977559	1.0
7181480416285181211	61796942022962042	1.0
7181480416285181211	7231897971868761215	1.0
6985887532543716958	1342748458070281211	1.0
6660439066131237069	7835789868134986211	1.0
11251998007676280150	18363329615863880211	1.0
5426558052836559211	7209678366557895507	1.0
2362345550634294320	1697765997910474211	1.0
9445132072282433715	6857418403597880211	1.0
4613647223287771211	12078754138382736483	1.0
4613647223287771211	13243224638490782365	1.0
7653008743960397597	7362172447581926211	1.0
5387252842277586976	10916793011654220211	1.0
14934941559135381986	11610283543712082211	1.0
2258273737989134068	10014090186647976211	1.0
13760012791237377124	9933278589045393211	1.0
7046241139079085766	10355673032699530211	1.0
8932461426872053385	15117593848947619211	1.0
10866039431841815949	7362172447581926211	1.0
12225877794426527211	8707415355468888854	1.0
12225877794426527211	9041176636683493867	1.0
1296163697558915583	259689726799560211	1.0
13556276319698736313	2774757451053999211	1.0
3066602213993961211	3644824394055670644	1.0
7947934269413279415	7225093068664644211	1.0
3972457232142513781	4708567463849963211	1.0
6747618866183827849	3984204604305762211	1.0
5172355493010157103	7366197059582835211	1.0
3396535347550030211	12739324093781852550	1.0
3396535347550030211	2034116916103590320	1.0
12361200135155756903	10459520536617612211	1.0
11871049349648464211	12881167292553575945	1.0
2364066737065825229	12873131322822965211	1.0
2724545310895963211	13213021477697644054	1.0
2724545310895963211	8590054161501879007	1.0
2724545310895963211	17203277354167710277	1.0
2724545310895963211	343547569227818020	1.0
4868271769494757211	3470523371160385153	1.0
4868271769494757211	11407260230646793833	1.0
4467504744159793211	11781842070519087376	1.0
16940617549258864211	15181949037738042170	1.0
16940617549258864211	15162372233174785882	1.0
12433298549107938020	18115646742561302211	1.0
1538088618625806195	12873131322822965211	1.0
2647315822628009211	321634164011864212	1.0
13890792536513350211	10971307318771613271	1.0
