14875206663845134053	12655519612043977559	1.0
8054345868476294387	12655519612043977559	1.0
13967579396772382373	12655519612043977559	1.0
2224307144907533434	12655519612043977559	1.0
11152633103960876197	12655519612043977559	1.0
1348924753210217486	12655519612043977559	1.0
15548466877608638168	12655519612043977559	1.0
5763899930518203135	12655519612043977559	1.0
1594583201925967905	12655519612043977559	1.0
7698246264317983495	12655519612043977559	1.0
5641222838986863439	12655519612043977559	1.0
14655802091174233704	12655519612043977559	1.0
1772081516130325228	12655519612043977559	1.0
7711819933361969540	12655519612043977559	1.0
3939774650192650477	12655519612043977559	1.0
1178787762726427999	12655519612043977559	1.0
4733961990100025688	12655519612043977559	1.0
5551025342741796558	12655519612043977559	1.0
3344519428300053868	12655519612043977559	1.0
6850207969958120052	12655519612043977559	1.0
6144818843846577869	12655519612043977559	1.0
2590012586086692659	350252988035428559	1.0
12866639730258536764	12655519612043977559	1.0
2253616456756695934	12655519612043977559	1.0
18334782088947181709	12655519612043977559	1.0
6172660347712666640	12655519612043977559	1.0
5455668385090277559	21755811219209590	1.0
5455668385090277559	7226723240700702577	1.0
6926164010936495652	12655519612043977559	1.0
4487726238484854757	12655519612043977559	1.0
6422378065182621559	3468258454562156037	1.0
5700298846746968559	7208079079615152824	1.0
5700298846746968559	11435494499696628277	1.0
5264490247325106222	12655519612043977559	1.0
13136557138555607519	12655519612043977559	1.0
12951268309325285442	11429323872986864559	1.0
10105383612647221797	12655519612043977559	1.0
6212360145861255955	12655519612043977559	1.0
14194421205256239054	12655519612043977559	1.0
2713164942334070344	12655519612043977559	1.0
6187694880486370199	12655519612043977559	1.0
7322165012149636840	12655519612043977559	1.0
11301321633429941514	12655519612043977559	1.0
6180444863576161771	12655519612043977559	1.0
283824074365267254	12655519612043977559	1.0
3800774095639436451	12655519612043977559	1.0
11161582535680593559	11423698513645221030	1.0
11161582535680593559	1066521453341149868	1.0
11161582535680593559	10479038444391025238	1.0
11161582535680593559	11425956472458030619	1.0
