6291480480146775533	12876879235880201716	1.0
5887169159028302716	11432055824271438756	1.0
5887169159028302716	1057809696152501921	1.0
5887169159028302716	7228597182160519219	1.0
5887169159028302716	10478882794767752633	1.0
5887169159028302716	1061330435551545705	1.0
5887169159028302716	11412739372015368048	1.0
5887169159028302716	2378509459374688590	1.0
3261892271665267142	12870607647277944716	1.0
17678066492316106698	11327284683288548716	1.0
3215902750473404491	11476640135838907716	1.0
3046960665957137716	7021769736966966160	1.0
13244165560487868393	3816048977301972716	1.0
3901242080082977716	247243980425444640	1.0
7379650396737054777	14384878482809716	1.0
5671340548336006523	7353238928368525716	1.0
3112173748910870642	5827793718033264716	1.0
6670753592481099716	12678324971816057597	1.0
5832346727966796716	11483845961383272866	1.0
5441674423851640716	12877906849762766267	1.0
14226659207649455716	4001890107238975791	1.0
1705821522214221533	16067935853238630716	1.0
6020735353884398121	3485805985944833716	1.0
6155684171488317199	1018974387574945716	1.0
10046143192163932427	786623661873435716	1.0
2184826267642937716	64033790911374904	1.0
2184826267642937716	11411150603524416099	1.0
5311660515784965512	8248679998417666716	1.0
4884593396668657838	6826188312239301716	1.0
5004854622326414328	14009158988952716	1.0
4470618197228333810	5767211795211464716	1.0
4885050943504231716	2115470904241209174	1.0
4885050943504231716	3276495832979170399	1.0
1641015465934017322	52967245157953716	1.0
3726569993881972716	12145952094526883133	1.0
4633559065573382716	11428225319142231551	1.0
4633559065573382716	18446738470844227437	1.0
4633559065573382716	14982772246689713	1.0
4633559065573382716	11419111016148322552	1.0
4633559065573382716	7217685667365560809	1.0
4633559065573382716	11412472023188256957	1.0
4633559065573382716	3740282613896219833	1.0
4633559065573382716	24599616391663874	1.0
4736250332547309432	12870607647277944716	1.0
2948606340671679147	14338391471303612716	1.0
13197818889591450782	10580959984102697716	1.0
2952541698057648748	52967245157953716	1.0
6577632052757093607	2987772977427526716	1.0
12926036211545454339	12876382952457029716	1.0
5122899446721370960	12873815841946583716	1.0
