9955222889612151528	66898650203531041	1.0
4605550363133199041	3473553084166755462	1.0
5413566649996253593	66898650203531041	1.0
5127906329033866797	66898650203531041	1.0
13617172664076678852	66898650203531041	1.0
4144519495107870186	2649688257857068041	1.0
7185797533350231447	66898650203531041	1.0
12919352422328664708	66898650203531041	1.0
3682686572398519584	66898650203531041	1.0
3482516543229450736	66898650203531041	1.0
5218259998587871118	66898650203531041	1.0
11143070632986832337	66898650203531041	1.0
11795427529509974430	66898650203531041	1.0
1108102799097445830	66898650203531041	1.0
12879135168711193691	57019471764967041	1.0
6310558814406008535	66898650203531041	1.0
3042238805269291517	66898650203531041	1.0
12623591609497623407	11326655346629225041	1.0
3868532346156489932	66898650203531041	1.0
3080869029363048845	66898650203531041	1.0
7439625761436769306	66898650203531041	1.0
11146458538465273587	66898650203531041	1.0
4241707339917278735	66898650203531041	1.0
6493403569616175366	66898650203531041	1.0
5936598065468341845	66898650203531041	1.0
4322925815921907293	66898650203531041	1.0
5537730965715390383	66898650203531041	1.0
2667524482400842179	15483399155750451041	1.0
4928301074075850226	66898650203531041	1.0
12514819009438500041	12431188920389391127	1.0
12514819009438500041	11211118260698851422	1.0
5371385645708744330	66898650203531041	1.0
7350702879868864503	66898650203531041	1.0
14136049424205153406	66898650203531041	1.0
11202395681630147077	66898650203531041	1.0
6963620287866499406	66898650203531041	1.0
2644486506198469947	66898650203531041	1.0
1698411913574145334	66898650203531041	1.0
12475333785356745297	66898650203531041	1.0
13046354781028594712	66898650203531041	1.0
1145570638092680305	66898650203531041	1.0
8361324816176655524	66898650203531041	1.0
6401647756849258286	66898650203531041	1.0
13642080334425671041	12655519612043977559	1.0
4618596687651530558	66898650203531041	1.0
14486354854888405338	66898650203531041	1.0
2269989189784121462	9692130715018215041	1.0
5933006266106801008	66898650203531041	1.0
5381779704660751089	66898650203531041	1.0
1992658040274257984	66898650203531041	1.0
