12141493324247356202	11330586964114436941	1.0
5717331334943077632	2871810442649397202	1.0
13969676161647006202	1279758174786891277	1.0
12227830718324282399	11427192035804773202	1.0
18211535863240142623	7037894046716177202	1.0
17195928911943496202	11483640623277847719	1.0
17195928911943496202	11339832680120032190	1.0
17195928911943496202	11481290060708854503	1.0
17195928911943496202	3477785555403653745	1.0
17195928911943496202	3486107020230059073	1.0
17195928911943496202	3480589984363985317	1.0
17195928911943496202	11473491688590835796	1.0
17195928911943496202	11491999200911810362	1.0
17195928911943496202	11465507477458456724	1.0
17195928911943496202	3489120575481931299	1.0
17195928911943496202	11491658468263391101	1.0
13976429270633074202	2234504957334945419	1.0
3128149374009283202	2353550490849579109	1.0
3128149374009283202	16711856963327952686	1.0
3128149374009283202	7023103920575984265	1.0
3696646046034614943	8297448184381543202	1.0
3350298697646801202	15177765567673946539	1.0
3234518452111592153	8010986763552248202	1.0
614215267058505281	7037894046716177202	1.0
3314899331653452202	17004071762898981084	1.0
3159937886021602833	5630670506765392202	1.0
4280514582948349202	7558245940660480746	1.0
566748500488604202	16872580209461235651	1.0
5272198561451569202	7215559602690872513	1.0
5272198561451569202	1061330435551545705	1.0
5272198561451569202	7226782614328833151	1.0
5272198561451569202	11412739372015368048	1.0
5272198561451569202	11412561367096601095	1.0
5272198561451569202	1053680398700647391	1.0
5272198561451569202	3467125854557830514	1.0
6291272388774602707	11487584300994713202	1.0
3299000180153281202	12663473324551896565	1.0
4770581055196359526	10474000898692675202	1.0
6602515822461221202	7359641801186047297	1.0
6602515822461221202	11419185430806700462	1.0
6602515822461221202	12655172372575420284	1.0
6602515822461221202	319012640527040080	1.0
6602515822461221202	11414224073514933551	1.0
6602515822461221202	62553603488126147	1.0
6602515822461221202	11411868932539621915	1.0
6602515822461221202	11419215117620765749	1.0
6602515822461221202	7358534550154854537	1.0
1446337774784840253	12639545258194777202	1.0
6304444319170189028	4424064549941513202	1.0
3977271447607217202	13592223646929093251	1.0
