4746112380860232873	11891569827770802632	1.0
17182746386260457436	11326764507554318632	1.0
3026245372904416224	4972546802328825632	1.0
7951680774305490176	7214248040028891632	1.0
2135122289884020567	4629518758042758632	1.0
4803229029857852552	11326764507554318632	1.0
12597095519027910711	11326764507554318632	1.0
3088547919090259937	9280303381006515632	1.0
1989165703648109632	13592223646929093251	1.0
12682405042044756799	11336143328913986632	1.0
15255654257531022231	11423131590953776632	1.0
6229627512999017632	12101439959616317593	1.0
6229627512999017632	8695884161625469426	1.0
3516246192254191936	11429184780353538632	1.0
12984819865212621632	9942862602445996083	1.0
12984819865212621632	8655545864573699760	1.0
7478950811479294119	426730721587196632	1.0
7094911502172020632	6657617916431344813	1.0
14027027834085103632	8073920451375143707	1.0
5554789646323046632	870822328847889890	1.0
5554789646323046632	719770798445950239	1.0
5554789646323046632	10012961433539467653	1.0
5554789646323046632	12370903989620225825	1.0
10263556862143205533	3656393975167180632	1.0
12134243494409717971	11326764507554318632	1.0
5049176151646020045	11326764507554318632	1.0
5227396519096503728	7214248040028891632	1.0
1735853273793848079	18445406949415560632	1.0
1381757173288588632	11488825637041497302	1.0
1381757173288588632	7346052919787837639	1.0
1381757173288588632	1061330435551545705	1.0
1381757173288588632	15494431148338248744	1.0
1381757173288588632	7370115929509272454	1.0
1381757173288588632	4202780927879553573	1.0
1381757173288588632	7357655434673205222	1.0
1381757173288588632	7346546497384641222	1.0
14682021023307061059	11326764507554318632	1.0
1306798075934620632	15900820113262955031	1.0
4303352130485589009	8254234212860609632	1.0
7665637686853132084	11326764507554318632	1.0
5072812873825058632	3467270616350871489	1.0
5072812873825058632	7370115929509272454	1.0
5072812873825058632	7372802152336871441	1.0
5072812873825058632	3474139484619983397	1.0
7650589017228555632	6021534212344827771	1.0
7562878094467395632	7303144754962390624	1.0
5741838852127800632	13592223646929093251	1.0
5741838852127800632	13592253333743158538	1.0
5741838852127800632	304005200021140985	1.0
17950891724163314354	6064932640749737632	1.0
