4393349119357391471	17011439658370178236	1.0
8115240812616816471	16779574748272111691	1.0
8115240812616816471	11917599718528931242	1.0
14914729549407233119	10351490657993119471	1.0
7361251804907199669	3485209805796352471	1.0
14369533454551767471	5270516625991965068	1.0
14369533454551767471	5270694630910732021	1.0
4701436125299352471	7252525848668537039	1.0
4701436125299352471	17967079773924716101	1.0
604372521088971471	9044190166063380697	1.0
5748587404920140530	867778099231876471	1.0
13383170373391913776	12860610264823062471	1.0
15187445916346780390	7370361468492950471	1.0
4850523680930603468	8411879010795545471	1.0
7162251100985172663	322769791996022471	1.0
15634314878781100471	8047175303675394690	1.0
15634314878781100471	15939641092527888466	1.0
15634314878781100471	11471960008409028306	1.0
15634314878781100471	10495809191312915520	1.0
5135904142309631471	7406009770798707807	1.0
5135904142309631471	7410794922822219001	1.0
14621782201178981971	798291430484587471	1.0
15359451414322121328	5789624523788800471	1.0
11968210636038244471	7235302050360178903	1.0
9981800884305286471	755518497708470146	1.0
6771145493644560689	12872594980227521471	1.0
5838944093988511137	7499510009049840471	1.0
4945159716391788854	12881029089170893471	1.0
2757514449620284241	7370361468492950471	1.0
2142420676045516853	3485209805796352471	1.0
10285752823637534471	6901707675614183598	1.0
10878104105160088471	11490164167902551884	1.0
10878104105160088471	7514283611307079490	1.0
3096243343022875028	7370361468492950471	1.0
9418713541859744676	7253802798284812471	1.0
13943185111660709471	8151386192493192	1.0
13943185111660709471	11484259480830701861	1.0
13943185111660709471	7225275742212736969	1.0
2470797530300043636	7370361468492950471	1.0
3421433638303208753	5911736162275689471	1.0
6429829635518415471	54639666723326351	1.0
3444999043753296471	3474920915165122283	1.0
3444999043753296471	11414499350895358236	1.0
4364674165699752355	7370361468492950471	1.0
12679891863148457471	17822872731837897773	1.0
11356463519972352768	7370361468492950471	1.0
5261182628072851471	8847941127116905140	1.0
6740602254485934471	8911692284654012082	1.0
4295432443439374986	12872594980227521471	1.0
3346542993433202934	7370361468492950471	1.0
