453721829161210172	11480000879002697631	1.0
2614540270480545605	1271555366993682631	1.0
1576805423753826496	1526229823737181631	1.0
13684441872653507421	11480000879002697631	1.0
4522433318836644928	1271555366993682631	1.0
5725166910154347747	9314096940362648631	1.0
14005813461717106118	1271555366993682631	1.0
2882962167416891770	12861500263612799631	1.0
6392179334340557402	7191657378319508631	1.0
5367099291672348915	8711083962114845631	1.0
3711672070226286345	855021410630098631	1.0
5713719328029958155	11432194543212302631	1.0
2176389834046122631	12070622412573027536	1.0
2411533903626654288	11425876543155559631	1.0
3749515333485205784	5843178552881406631	1.0
12836309254984627675	11432194543212302631	1.0
12508436404551340297	11432194543212302631	1.0
6612377024863890319	11165557745379908631	1.0
5414412982173602631	14141239774145823653	1.0
18037236912044614804	1271555366993682631	1.0
10276873281717136229	16077657436054882631	1.0
603826948105712267	7403613685901512631	1.0
2518443221242052187	12872511095280453631	1.0
14470601967396100263	3659803104364072631	1.0
4731657203138425715	12861500263612799631	1.0
5189130724377375745	1271555366993682631	1.0
1008499789074923362	11432194543212302631	1.0
10458544938781080533	3478139018330649631	1.0
2010832701211366631	314978704092539466	1.0
7078704817094161308	1271555366993682631	1.0
5447419026258698437	9841884525331971631	1.0
4653509347620828706	9831807813872556631	1.0
8255738782779907631	872228626021284583	1.0
6641981903858534848	11165557745379908631	1.0
12417814200559731575	1271555366993682631	1.0
3361031511932678530	1271555366993682631	1.0
12001046546646154631	6826707668771804454	1.0
2627872287781165149	8822085604525865631	1.0
15364692374425324231	1630915387652381631	1.0
6006871585456144172	1271555366993682631	1.0
8009718667367073772	11432194543212302631	1.0
11777541082619276650	15903446231464066631	1.0
2451170671405478157	10473947967466838631	1.0
14139390839444003624	7403613685901512631	1.0
4366067720665772631	11674962968589720448	1.0
13053726499057129707	11480000879002697631	1.0
3697812975828102401	11165557745379908631	1.0
2861536366967326308	11165557745379908631	1.0
5420837187253901360	12872511095280453631	1.0
2702908634095733311	7362116243492030631	1.0
