448442844574982554	13592223646929093251	1.0
11370405851861581764	6052527563901612554	1.0
3068740763005056332	10904405093430128554	1.0
6823235643685940006	12877936536576831554	1.0
10843345066453946432	270418361962975554	1.0
4518948146253706505	4272562271862842554	1.0
1742899107720800554	7222761829176040755	1.0
11386865678184399866	13770613518350019554	1.0
15214330985756072554	4747811719135295709	1.0
15214330985756072554	7351553935533008056	1.0
11733017497323984024	874847533777440554	1.0
7125858343513143595	874847533777440554	1.0
14456879958363505027	8299521825529893554	1.0
7151824281861954307	12877936536576831554	1.0
18421203427455818554	13103950330427705177	1.0
18421203427455818554	11544167411582398004	1.0
18421203427455818554	10842639725340654070	1.0
18421203427455818554	11545065141420412436	1.0
18421203427455818554	8907600215369439104	1.0
18421203427455818554	16893853561503324540	1.0
18421203427455818554	14112278214616792140	1.0
18421203427455818554	8001861630563859422	1.0
18421203427455818554	195661199500594116	1.0
18421203427455818554	9239461953240801864	1.0
6261089583781948554	191036961543885830	1.0
1625896275182402200	737690786497143554	1.0
5395151410715451478	11341838580083689554	1.0
13518120406014366147	15176079861872301554	1.0
13048430143051286968	12877936536576831554	1.0
5850240123843661962	12877936536576831554	1.0
4577474703562394554	11558721982551575672	1.0
4997895355838865381	12877936536576831554	1.0
4739094421338267554	11866680151130324867	1.0
7869518242981038334	12877936536576831554	1.0
17549595971256252361	15176079861872301554	1.0
7131040474480833160	12877936536576831554	1.0
7169061239170430554	13592223646929093251	1.0
13833565052755406936	17731911774653820554	1.0
6250427580470774434	7770195276940710554	1.0
13215542923000490475	17137054064786421554	1.0
2068157310722913882	5241793955848294554	1.0
5060747133732523554	7208159150626835399	1.0
5204141659368438554	66898650203531041	1.0
5204141659368438554	68164484411468708	1.0
5204141659368438554	50553761302836131	1.0
5204141659368438554	48347084258441270	1.0
12349984712810928710	7356009994107728554	1.0
12406030145158673834	10904405093430128554	1.0
5725182663784797554	11423698513645221030	1.0
15087251526934095845	14919782473046359554	1.0
