2890026153620183995	16410288118091838830	1.0
2890026153620183995	7481748180785896550	1.0
2890026153620183995	12534735127115179919	1.0
618431190320526659	9221381378061341995	1.0
6665325741529367995	11423055054598116833	1.0
11508427801728630476	13501908945830878995	1.0
949260649625432176	5586668266547961995	1.0
6103250015899042493	12861564215585380995	1.0
2902383588610075209	9847957269831289995	1.0
4039648462321410954	12861564215585380995	1.0
11581667054292914995	7213443364890192400	1.0
4935809305145282995	7229756922102643917	1.0
4935809305145282995	17519533272596327582	1.0
4935809305145282995	11430389935443983828	1.0
6247506255662086086	2987093840030659995	1.0
6670616269581266011	8932524628512878995	1.0
11386498958324206995	876363464022721089	1.0
4185713821487569995	11492379954077893951	1.0
4185713821487569995	11489576134958892329	1.0
4931048050890017469	4154452993287246995	1.0
4672882767411054995	12873720725518283842	1.0
4672882767411054995	12269847767194063874	1.0
4618263325717558279	7360218576784196995	1.0
2676496131275945272	9350142075324895995	1.0
4307150341990878995	11419740787206349963	1.0
4307150341990878995	249720708489432758	1.0
4307150341990878995	11415472418561101911	1.0
4307150341990878995	11431545418993324341	1.0
4307150341990878995	11416217359199195410	1.0
4307150341990878995	11408689767502347663	1.0
6569402607673961296	3600920943789440995	1.0
3452568550818890995	7019746094432029834	1.0
9624398350079288648	7772893930202926995	1.0
12679608759840070886	10846510800507354995	1.0
3904147749276844876	2356885073382310995	1.0
4932082711043194995	7167056392185753683	1.0
6343796062692680266	8924630070540264995	1.0
4736207238924115586	4578178862494087995	1.0
4836348785191398995	3482807634804522312	1.0
6643258174268617995	10464983906866376138	1.0
6643258174268617995	7225372018210435864	1.0
6643258174268617995	10474007341094969205	1.0
13317329103527292124	1683241772180226995	1.0
4893671678084472324	1457731271688704995	1.0
3951259202988107995	7371702542358160372	1.0
3951259202988107995	5279643216837563635	1.0
18167483771035008995	7213145654973255852	1.0
121409554785764995	7032506524236351321	1.0
5661542408217874765	14871864866591941995	1.0
3504293521141364995	7731006033419089307	1.0
