292271391396028430	2864157574115825804	1.0
14702889556766446070	11484814613996757430	1.0
5982907961708529175	10323665996597182430	1.0
5170547190781768029	5935416495980738430	1.0
1158341525371744567	4709451935095327430	1.0
4095921596403527356	11484814613996757430	1.0
5283018258577823347	5935416495980738430	1.0
4980268602984925650	4845877341146058430	1.0
1841556920031336867	2341080609997192430	1.0
6683529815415356524	861697542165848430	1.0
16161013851333468430	10350510005257916887	1.0
13069907085120529430	11933196766177396476	1.0
10335615767796915318	15606667362841958430	1.0
9777093771013513680	17491871335417161430	1.0
5717588586253359745	862237106054573430	1.0
11520669396324280430	7220923991186539224	1.0
11520669396324280430	10852958061817378803	1.0
11520669396324280430	5937475894166984296	1.0
11520669396324280430	11483640623277847719	1.0
12377782193186494043	6343676568280499430	1.0
4898471269135750725	16590318124754418430	1.0
6172672364274972532	11484814613996757430	1.0
4892714769989915256	11484814613996757430	1.0
4681085128876402430	11338593375757912737	1.0
4681085128876402430	11479663406260532202	1.0
4681085128876402430	11418338029488676855	1.0
4681085128876402430	11472534546475591090	1.0
4681085128876402430	11478658229264570028	1.0
4681085128876402430	11480000879002697631	1.0
4681085128876402430	3488871518904369497	1.0
4681085128876402430	11475845914783447576	1.0
3958063125428224430	9132962747427862162	1.0
3754872104414567430	7221638622187936659	1.0
3754872104414567430	1901609743214253188	1.0
3754872104414567430	11423969264181775674	1.0
3754872104414567430	11416965233378455518	1.0
10997958960797095430	7352476928184841874	1.0
10997958960797095430	7220895154768163520	1.0
10997958960797095430	7220006856724668625	1.0
10997958960797095430	7215792205273516826	1.0
175486741549503430	5832204945839974733	1.0
175486741549503430	911307636000035279	1.0
175486741549503430	3593288776151165455	1.0
11764335410636745782	11484814613996757430	1.0
4859405573774895430	11338593375757912737	1.0
4859405573774895430	7392330368656262897	1.0
4859405573774895430	11494973895340563923	1.0
13938554445573901559	17620321567414852430	1.0
1290415639926905363	2341080609997192430	1.0
3487828252701046048	11181693585513077430	1.0
