2883392948473039596	314978704092539466	1.0
12329648419396648988	11338639091540717466	1.0
6302248847409276142	6187499531833757466	1.0
13735328420836798466	11412709685201302761	1.0
13735328420836798466	6019467826368021669	1.0
13721591561617620197	12876714218909953466	1.0
4304285640604847466	14033462061122024592	1.0
3250465962567618466	5842782015756076346	1.0
6425792860375829299	18326268696103352466	1.0
10398945811204901580	11338639091540717466	1.0
18163421556609239466	11478054739090976690	1.0
5011364242092500120	314978704092539466	1.0
10118657239213766466	11477955435118470003	1.0
10118657239213766466	11317551248606449792	1.0
10118657239213766466	18286946084086508471	1.0
10118657239213766466	879053077549510290	1.0
10118657239213766466	11484259480830701861	1.0
10118657239213766466	11475352839651119725	1.0
10118657239213766466	11476955085840142832	1.0
10645760268932229980	11338639091540717466	1.0
2720974444177916845	314978704092539466	1.0
6139264588055444466	14856218494610162631	1.0
13544075298532444052	11338639091540717466	1.0
13133373785211310598	936489741564460466	1.0
13119103126523004404	11173435669738636466	1.0
7494854939047250466	1438544957418633850	1.0
7494854939047250466	12876554995924784811	1.0
7494854939047250466	17984336389610014281	1.0
7818191021707781466	9700045721262748651	1.0
7818191021707781466	9647223323539267035	1.0
7818191021707781466	4411639518956256278	1.0
14159075576197391044	12876714218909953466	1.0
7030058586494940466	11429283813820732898	1.0
2735577806937416454	3591610395564582466	1.0
16097472005165023466	867923118809334880	1.0
16097472005165023466	12877561641739441927	1.0
16097472005165023466	7643585567523919732	1.0
16097472005165023466	3474015926875544166	1.0
16097472005165023466	860939527696996412	1.0
16097472005165023466	7375596960864969202	1.0
7857817535942305947	11479730540885142466	1.0
9537383949294570865	11338639091540717466	1.0
2319401168477616020	6858003095383828466	1.0
10596452740065749286	305799847894840466	1.0
8737317986440969820	11338639091540717466	1.0
15361744558838939827	3408970638100768466	1.0
9012029875836395212	5631401721867176466	1.0
2036354380264803466	10963100795981891525	1.0
6411995905630481466	3013034952221303569	1.0
6411995905630481466	6963026134690182646	1.0
