4630208651363516692	50435014046574983	1.0
13673338397836835814	7239935443989311983	1.0
12212647538179977368	10469693798011286983	1.0
14064327653265019521	7171977432620837983	1.0
6193365332097748634	10469693798011286983	1.0
3070484923857470983	11430755449949659867	1.0
3194686961835302622	386362152585741983	1.0
5315803355510504705	10968899903756295983	1.0
13563754305112693983	10467918052348540557	1.0
5357580968169050863	12993499504147621983	1.0
2673278010330656983	12874624588497747904	1.0
10640915794250177635	10968899903756295983	1.0
5278404532283804196	6826500093004596983	1.0
11922082111130200648	16812841698188016983	1.0
2189075158740661983	17628387320967062749	1.0
12424271027176062808	18111787067109497983	1.0
2679855801487833894	8653798593257706983	1.0
7245774942922223323	11516822900025442983	1.0
12077438611294055983	17559371399752989122	1.0
10466200530363557983	3472144699841392633	1.0
2921840718713972983	11430874081235964567	1.0
2921840718713972983	11414604813760988157	1.0
4774582671090015169	18111787067109497983	1.0
1878700082187671502	10968899903756295983	1.0
12302831247089652685	6053521744675273983	1.0
5597561305613323983	62553603488126147	1.0
633254077474751887	6053521744675273983	1.0
6882411273536607171	10968899903756295983	1.0
8191747249481805698	8922587242448477983	1.0
3680219384416637083	7044406732030148983	1.0
644121988050934983	11486716850681314059	1.0
6720979378286765044	6826500093004596983	1.0
1226443033912296983	7224242227029544560	1.0
8382003649137624872	10968899903756295983	1.0
6010277223740947633	6820302897583086983	1.0
5438923376599971983	7214248040028891632	1.0
5438923376599971983	11423877124241984333	1.0
5438923376599971983	7231897971868761215	1.0
5438923376599971983	2378509459374688590	1.0
14612383145894071983	4809502666339828449	1.0
5443007837185544710	10968899903756295983	1.0
14211072651899546983	7256247051311976735	1.0
7147194417736783213	10968899903756295983	1.0
2111051948409110983	10275589885267534958	1.0
2743431354397508913	10528344630112731983	1.0
10251110584277726983	11322505957236121026	1.0
10251110584277726983	7220430413516693089	1.0
10251110584277726983	11326486601756706261	1.0
10251110584277726983	3481569571898520883	1.0
10251110584277726983	7365411711931844425	1.0
