13832342717718392491	277340965863551792	1.0
14253365734089190983	3483294641178662792	1.0
6960316238067236000	11422927159100134792	1.0
1734880584487989135	12864686571054302792	1.0
4712924452767807537	10439084695104168792	1.0
16300392444817121792	6658445302448302072	1.0
6998266551692979060	15595970214260703792	1.0
8412895789948445716	11422927159100134792	1.0
13409083143677461799	8076791559664317792	1.0
13552777583073958210	11334354217361663792	1.0
11330371537700565079	1733471866036795792	1.0
15115830047195101792	6755387503763237359	1.0
15115830047195101792	11423502362513210957	1.0
15115830047195101792	11430460136666009048	1.0
15115830047195101792	11423698513645221030	1.0
15115830047195101792	11429158662742808360	1.0
3167681695210869113	3483294641178662792	1.0
6129959348460640792	6826470290224906927	1.0
14902120243177726749	11428734161038956792	1.0
5360168983461465792	3480202436502240474	1.0
12743682968500327332	11422927159100134792	1.0
4137887199740725007	11422927159100134792	1.0
13745930199884389871	11422927159100134792	1.0
5852083924716419709	3483294641178662792	1.0
15651960337938965851	11422927159100134792	1.0
5694816484598647098	3483294641178662792	1.0
8434008053115205585	11317551248606449792	1.0
8568574743207223491	4713726810671352792	1.0
10521442858812661941	11422927159100134792	1.0
17733755738610049646	9833598918332890792	1.0
5142742122427297309	11428734161038956792	1.0
16929761444155522792	7255992235130627652	1.0
7054420053943690136	3483294641178662792	1.0
2945872435103269035	11086169918051369792	1.0
995919361676023424	11317551248606449792	1.0
1343445033939418792	5224987349785591017	1.0
1343445033939418792	8895729236605127118	1.0
5850944245073959963	11422927159100134792	1.0
7326866222814618792	6663442381318435036	1.0
7326866222814618792	11239193081889644486	1.0
7326866222814618792	7225372018210435864	1.0
7326866222814618792	10469013372252137607	1.0
7326866222814618792	7231093271187305129	1.0
5223541572764080792	11425197886795910625	1.0
5223541572764080792	59278287336752275	1.0
5223541572764080792	315008506872229522	1.0
5223541572764080792	7211754476409079951	1.0
5223541572764080792	62553603488126147	1.0
5223541572764080792	11415691131390799755	1.0
6870912683222995665	3483294641178662792	1.0
