16967822692089323611	4203863138929150480	1.0
5958508909678447644	12870932699119752480	1.0
10157124400019714480	14544240539998767549	1.0
11413910158613975179	4411060536853744480	1.0
6452380538653981480	8895109162080279603	1.0
4454352567416623808	11480266350907039480	1.0
5812324093150796267	11480266350907039480	1.0
12156380549943993480	879576945645538434	1.0
9687729770297605591	16662995095523279480	1.0
2189151888231107920	11355359056350240480	1.0
14435193376805984418	7366208540275573480	1.0
4852347029155909364	11422303710181934480	1.0
2543787148571333677	5834887715482827480	1.0
77495649986428712	859466336740049480	1.0
2893382161629730856	2771777388051804480	1.0
10326534209892881480	7230345044838154733	1.0
6379278931732724013	5550575923298726480	1.0
7814324725937733784	11422303710181934480	1.0
2724154811106748480	11424369864402314974	1.0
2724154811106748480	10020047933523041446	1.0
674162306700811480	5653474770775665849	1.0
674162306700811480	10390848420155759280	1.0
1727187352771449480	407560976356984028	1.0
8950236451196583480	12061757823475382777	1.0
1021617736209591480	7414235243172918982	1.0
1021617736209591480	3487501862318498276	1.0
1021617736209591480	3478689637474038550	1.0
4155196837219406950	11422303710181934480	1.0
5950730770783145480	16013627208065253964	1.0
9154976557441758480	12842322905945712813	1.0
9154976557441758480	12529879476953038362	1.0
4065162337360370480	7364047055026096245	1.0
4065162337360370480	12860305236232560001	1.0
4065162337360370480	6208395711828261067	1.0
4065162337360370480	604026935276682933	1.0
4065162337360370480	14218077757601653917	1.0
4065162337360370480	7262156183342477510	1.0
927646093051667974	16520684103345195480	1.0
5756149077022351545	10568728639987686480	1.0
3097658206097769480	7228550216592602724	1.0
3097658206097769480	3474015926875544166	1.0
3097658206097769480	7233726056071709495	1.0
4944565691568043480	11413594933849846661	1.0
13494252808715163161	11480266350907039480	1.0
93315273171910455	7220145292056729480	1.0
3972024113722651480	16813324925271871941	1.0
3972024113722651480	3471394107168312675	1.0
18326802562588985482	297596756642746480	1.0
7557404567114875480	5270576115585720411	1.0
17038116405120187925	297596756642746480	1.0
