5269624047050897410	2964822148760324491	1.0
1849651477153671871	11470938017009055491	1.0
11533776141821324303	11421671555409966491	1.0
7628974235562879158	11325426389089189491	1.0
10360241998302897491	17208602675477265711	1.0
11425032654999873074	11481552234229786491	1.0
2327627729515848483	12864973814137571491	1.0
1952499993002879689	4196019292638676491	1.0
10322757094581110491	14698016926646019671	1.0
11020723279947759642	11332527563383553491	1.0
5789310644152699129	13894707652796716491	1.0
229400121028346062	3905922184508434491	1.0
15037280949295961491	71773339309287098	1.0
9016431047878954958	11332527563383553491	1.0
5959477098281861594	3470095906065324491	1.0
12316995993839749491	11488263670240088821	1.0
12316995993839749491	11469432124181950944	1.0
12316995993839749491	11472153935000788547	1.0
12316995993839749491	1266568059524232311	1.0
12316995993839749491	11478594174241805440	1.0
4139455297220494128	11470938017009055491	1.0
1351194465027134130	7232405053017565491	1.0
2738454986641072491	878867593193276929	1.0
15672518782512164205	11332527563383553491	1.0
7076952337489548491	8712923823010940895	1.0
6303093127180258385	11481552234229786491	1.0
12167919190292919889	5937416636504478491	1.0
1664044822748664307	11470938017009055491	1.0
17740300997782379491	8933855737665600728	1.0
17740300997782379491	4734991932485704745	1.0
2935300699630738128	17628409392846341491	1.0
9740313058883602417	11332527563383553491	1.0
11159031747950504723	11325426389089189491	1.0
8612457902074540917	3470095906065324491	1.0
11336695458732146353	11332527563383553491	1.0
3033594813676576491	11412739372015368048	1.0
3033594813676576491	7231013874329248889	1.0
1298489052590840491	12081282448431347272	1.0
7414560444337427491	15170372009151769768	1.0
12023883866658987491	11469432124181950944	1.0
18424823715786254800	3472539643634380491	1.0
9405435492924911278	11421671555409966491	1.0
10902188464935872704	11421671555409966491	1.0
554700660302243017	5142177131791581491	1.0
6564378264953964293	13481590733450103491	1.0
17097955876851937941	8960128383413793491	1.0
7575703429782381286	12862309113419250491	1.0
11643969098492571491	11426321312832320191	1.0
3701003003063260714	7367273017582563491	1.0
9266089770182254446	7369411546575702491	1.0
