3878105154212726816	14773672266346505470	1.0
5634820739485725706	11787370011345929470	1.0
2282504668081826470	12870157143839460481	1.0
10847872616381191470	1912058271147845011	1.0
9253890018901746718	11335884943686537470	1.0
5114470095137546470	1935554329053229615	1.0
10717828840017906643	11335884943686537470	1.0
5537792075107699470	3488871518904369497	1.0
4429660368208498470	10973419467841354938	1.0
4429660368208498470	5848911303434339362	1.0
4429660368208498470	6314328163766960095	1.0
4429660368208498470	7211645766493910642	1.0
4429660368208498470	11423486526980252258	1.0
4429660368208498470	3805271349624495649	1.0
4429660368208498470	7226795756879699002	1.0
4429660368208498470	7362810877317454916	1.0
4429660368208498470	863903484714873415	1.0
4429660368208498470	5834972652717894130	1.0
10661963630680799470	7253803764677169094	1.0
12412127594356114107	254335929986317470	1.0
584413008733918179	7216312068128219470	1.0
6410427576015913946	347750306314207470	1.0
4139803403511484470	13755255007313849083	1.0
4139803403511484470	864777351565980141	1.0
9608011762064083213	11335884943686537470	1.0
14278633765915616470	197975092244084855	1.0
6651576506244322470	8258871961023406939	1.0
6651576506244322470	16046061246837108734	1.0
6651576506244322470	4587102872617250402	1.0
6651576506244322470	1097676347034218717	1.0
6651576506244322470	8279289853422426947	1.0
8146296879288970470	3473523152511340973	1.0
8146296879288970470	3483832465660973240	1.0
8146296879288970470	8651053362127365663	1.0
8146296879288970470	3475576275732098268	1.0
4002358639606043470	12893438800952633471	1.0
2704126635174954287	8570510856142454470	1.0
14405458341632157986	7216312068128219470	1.0
12539259743609259470	7218934519308529914	1.0
4301526787314434470	878172585828256884	1.0
9305039889197096069	11332608905859790470	1.0
11679824137575025470	10396832869841559183	1.0
11679824137575025470	10520241917965393628	1.0
1870113105358795178	7216312068128219470	1.0
2157772457366925470	1057809696152501921	1.0
2157772457366925470	882952671629747646	1.0
4182935454317132470	3468258454562156037	1.0
4610638087308683470	11479663870123031278	1.0
4610638087308683470	3923810306718373457	1.0
4610638087308683470	1290601257702765002	1.0
