12538721541110985660	8720445642227482598	1.0
3141630012724894959	7342178497842458598	1.0
7134759385669354598	13063483177464795692	1.0
7134759385669354598	17806781572447185206	1.0
6461443863271863979	3485925072396550598	1.0
3212272686626706757	10266843635268782598	1.0
13109181020795384935	6749361093312923598	1.0
2507075374056213598	9035984227311880516	1.0
2507075374056213598	12864900950090009336	1.0
1551809196917968307	16036447219798969598	1.0
14947698651010335715	8312821947753988598	1.0
7712404254361006523	8312821947753988598	1.0
13216723729955039598	8880818531375337138	1.0
13216723729955039598	8856544145053067722	1.0
13216723729955039598	8055127864198771771	1.0
13216723729955039598	9488417754117580195	1.0
13216723729955039598	1610209736017484637	1.0
13216723729955039598	2859318542034878442	1.0
13216723729955039598	9488358380489449621	1.0
13216723729955039598	9934619873130212858	1.0
13216723729955039598	9649387740761741814	1.0
13216723729955039598	11444245340105791119	1.0
13216723729955039598	9772618092564638372	1.0
13216723729955039598	9645742224132531746	1.0
13216723729955039598	8058407419666967224	1.0
13216723729955039598	8886460915763637899	1.0
13216723729955039598	16715863796458090963	1.0
13216723729955039598	3570180757115900165	1.0
13216723729955039598	11437628259992207403	1.0
13216723729955039598	533245074465636802	1.0
13216723729955039598	9490570481979280323	1.0
13216723729955039598	9651024329463286058	1.0
13216723729955039598	8098821993878622947	1.0
13216723729955039598	9758275199490703737	1.0
13216723729955039598	16732501060966535284	1.0
13216723729955039598	6749389430375593137	1.0
13216723729955039598	11874951946636006275	1.0
7938573082165357471	360224678215123598	1.0
5253173482725049084	8013166180268731598	1.0
12317916626435581761	11342362141034949598	1.0
4528334212942253414	9872451111786681598	1.0
4852086933183920592	8312821947753988598	1.0
8033437095834092541	360224678215123598	1.0
14328462537513374598	3486107020230059073	1.0
5825926978285605819	12210671940329122598	1.0
4360228216376294595	8312821947753988598	1.0
4435054814764070149	8312821947753988598	1.0
9527100762566761109	8312821947753988598	1.0
4746584561699898248	4068881804954074598	1.0
3865851534810496535	360224678215123598	1.0
