11734018122804524306	3362660655744305617	1.0
5354653117158823002	6299852020241967306	1.0
12625415051623296518	3478458894524070306	1.0
1943395460567640306	7226950569051772231	1.0
3720563747731978306	3389306377844774096	1.0
5223132984644809306	11481290060708854503	1.0
5223132984644809306	7229756922102643917	1.0
5223132984644809306	12865371425087666252	1.0
5223132984644809306	7548841972374631502	1.0
5223132984644809306	11432258186070299052	1.0
5223132984644809306	12866517013081899540	1.0
5223132984644809306	11412739372015368048	1.0
5223132984644809306	12086125718963454349	1.0
5223132984644809306	7235812967823915749	1.0
5223132984644809306	11422690935812536929	1.0
5223132984644809306	11425115938811528019	1.0
5223132984644809306	10469664111197221696	1.0
5223132984644809306	7235842654637981036	1.0
6213608053858786786	8825522587642561306	1.0
538861259991700599	11493069115952842306	1.0
9382630973716578306	868684771096055631	1.0
5837294370740465306	10618310008626680659	1.0
5837294370740465306	7354205167123359741	1.0
11335639281160987088	7360288378521939306	1.0
14842178528622604306	7226782614328833151	1.0
14842178528622604306	7235246242505895584	1.0
11274642832731967105	11640250137260350306	1.0
1386665994901288395	8225474922644521306	1.0
7570101331802301306	16071739373225495177	1.0
12713291722969093306	7235246242505895584	1.0
13330258244125982306	11479693209040222258	1.0
13330258244125982306	7160097762432197175	1.0
13330258244125982306	18280273212336940570	1.0
13330258244125982306	11480514338067090114	1.0
13330258244125982306	5937475894166984296	1.0
13330258244125982306	249929241892272024	1.0
3030523029751399306	11418764034299376966	1.0
5432003199665432266	7360288378521939306	1.0
5338605756705693306	17808091139925300723	1.0
2453164884972877064	7360288378521939306	1.0
5131658980775799306	11433930259724999560	1.0
10593852823110537941	436418320359597306	1.0
4574786547790659306	8924590985290601791	1.0
3457144336357671072	9767544949513670306	1.0
5368355319626743306	11472060811597444168	1.0
5368355319626743306	10472153783459969249	1.0
4976586090863117306	249531708418901705	1.0
4976586090863117306	7231872446969682905	1.0
4976586090863117306	45628649213826950	1.0
4976586090863117306	11410177832042665057	1.0
