4930610023497776420	11477955435118470003	1.0
11206202498720174655	17955467526311527003	1.0
4799504357142775782	12873809309248514003	1.0
3676255511873527240	11477955435118470003	1.0
5666040036712540441	3485622874322181003	1.0
133262095216865072	11477955435118470003	1.0
6042533210193782003	1904051411721923563	1.0
6042533210193782003	16739656928954723916	1.0
6744915089794816003	12879766166830972551	1.0
12623843472292574979	11342825537906806003	1.0
13999820478958202546	11052991708919509003	1.0
5728414544701111773	3485622874322181003	1.0
3712264102827074307	8716114846302945003	1.0
1567289770162717386	11477955435118470003	1.0
1716547290949185947	3485622874322181003	1.0
14407250526247554003	320466181982646874	1.0
13707506696202300003	160029469792021419	1.0
12785397580320105003	11239193081889644486	1.0
5147979680410227003	8539247625023503898	1.0
13926654920017362003	3486107020230059073	1.0
4323586589508680258	17633433374904287003	1.0
1895349203911345003	16784474487231179160	1.0
1895349203911345003	9810473273083815015	1.0
4612876429186796376	11477955435118470003	1.0
5771897936941195687	3477131788318936003	1.0
5722323829971826546	9026717071152146003	1.0
14604643751687722092	11477955435118470003	1.0
2829974352378099208	874824843507711003	1.0
1489727158341190694	11477955435118470003	1.0
15931154386972590003	61915573313598421	1.0
2387685513871740384	11477955435118470003	1.0
5070627070765146542	7220226278009048003	1.0
4221740592378741912	3485622874322181003	1.0
4704899992395158731	17633433374904287003	1.0
5213115611387894003	17277674830307360902	1.0
2108791464730041003	7639301616377426579	1.0
2108791464730041003	12873799619813299352	1.0
18297519893050249330	12872424779261007003	1.0
14769668141727802003	11412739372015368048	1.0
14769668141727802003	11424115434821501151	1.0
4400913776295938275	17955467526311527003	1.0
15697304283369237003	855190915782566023	1.0
15697304283369237003	860684595578222681	1.0
15697304283369237003	4040911786249151452	1.0
15697304283369237003	9140426269222135816	1.0
15697304283369237003	860541208098452530	1.0
6291690305568376760	10835195948369360003	1.0
6002259830271156311	12872424779261007003	1.0
2553708095370595048	8881397282857720003	1.0
5727447080740373732	11477955435118470003	1.0
