14773812535919888776	11471385118738866847	1.0
4556751323058953847	12655519612043977559	1.0
14737215539955884905	862281473058863847	1.0
5978000322010163847	11477892814564688363	1.0
5978000322010163847	11488263670240088821	1.0
5978000322010163847	11328777739138933532	1.0
13430787275736026847	9510907467436860371	1.0
12133164083788902062	7377567904268966847	1.0
6045462283395019550	7131592299308927847	1.0
17125744435565072580	7377567904268966847	1.0
13160437642739289847	7227424793597628129	1.0
9796971669537904621	12045776615069239847	1.0
5521872471473875847	12655519612043977559	1.0
5521872471473875847	10968310282071059754	1.0
2832231143667497458	17201048992009664847	1.0
4940849382748018753	3478816338970851847	1.0
3309531632722690052	11471385118738866847	1.0
12858264604643161847	7363371396219350710	1.0
12858264604643161847	7223274579456656861	1.0
12858264604643161847	7369741927952573053	1.0
12858264604643161847	7360960025538159043	1.0
12858264604643161847	7352486411539507541	1.0
12858264604643161847	7362086556677965344	1.0
12858264604643161847	7353419471662860490	1.0
12858264604643161847	11428042787331394819	1.0
12858264604643161847	7354387312382251576	1.0
6003651018081238680	3481368825131497847	1.0
13831422366434004271	11471385118738866847	1.0
3998504873115024524	4190574355943118847	1.0
3541915620056437929	7377567904268966847	1.0
6372267363127165703	3994658683632059847	1.0
5442322950340196395	8313238482343802847	1.0
1891943399132289981	9099937358657369847	1.0
4708171563063224419	12872183324785017847	1.0
5033335053381814847	859820830444528253	1.0
6972696866177995847	11320610034139936685	1.0
4867732514862666257	699601765892589847	1.0
4835791735863641022	9636576488978951847	1.0
660293088890260754	13355096596643796847	1.0
6475383548299836847	11645852290814701646	1.0
6475383548299836847	11413580910821671972	1.0
6475383548299836847	11428449464780941844	1.0
6475383548299836847	11429241474014718446	1.0
11875408355656668444	11471385118738866847	1.0
3347064921498632451	7377567904268966847	1.0
5254635478803305636	11874861630640861847	1.0
11767655459400815847	11430563151402642159	1.0
11767655459400815847	11429817605265846964	1.0
11767655459400815847	879053077549510290	1.0
11767655459400815847	11421359878213249613	1.0
