6240713210644662874	12674270163663170576	1.0
5412440973726978310	891153589466531576	1.0
1387365764868294663	891153589466531576	1.0
14087258376542229208	9849619319141747576	1.0
4109164731221960826	17543387279458960576	1.0
12581105541361602878	858584373736893576	1.0
12794577944458975174	11559923334835532576	1.0
11534630164488301576	4480592163622064877	1.0
5864499179545510964	891153589466531576	1.0
12963590735766756576	15305002955105133012	1.0
7994333088626502210	3467570611318784576	1.0
6815161900084752576	7391808074836866179	1.0
12251385694552305086	11103706595331338576	1.0
1607551941282385472	891153589466531576	1.0
13718658871627888486	12864629989182046576	1.0
2096108817395774793	12602266345660180576	1.0
3549373613767768123	10971945426403080576	1.0
2320885290398317404	7213476028211058576	1.0
1283409569122324150	14866136806944479576	1.0
4809382424722496689	13474918177871107576	1.0
6550141221230612780	11475845914783447576	1.0
13015333224367666672	891153589466531576	1.0
16681806010862589576	9486319888459947199	1.0
3914755076566014576	13592223646929093251	1.0
3914755076566014576	11430765255327126788	1.0
3914755076566014576	72009399301634575	1.0
15016009070840030576	14736204384328298159	1.0
15016009070840030576	14735194620234639387	1.0
15016009070840030576	5845593492738856706	1.0
15016009070840030576	222034089452035554	1.0
15016009070840030576	9169576358878208109	1.0
15016009070840030576	3979037603901186937	1.0
6038542760793256409	891153589466531576	1.0
1526982031119875576	7224242227029544560	1.0
5809978538003946680	11475845914783447576	1.0
12221752774929131551	891153589466531576	1.0
5012556157623485048	3484454922325129576	1.0
7015990782710005329	18351026059737363576	1.0
4632943015296700925	891153589466531576	1.0
15040811909011605863	891153589466531576	1.0
2966072409172099576	8916304323708108371	1.0
2966072409172099576	7220069791270100113	1.0
2966072409172099576	754534340303516195	1.0
4327521761849813576	11412739372015368048	1.0
4162508401218854480	891153589466531576	1.0
2092539295308958576	6483952043352901713	1.0
16830905007587312185	891153589466531576	1.0
5080607816319224576	11479041443537323735	1.0
5080607816319224576	11477233107615491023	1.0
13061722441102573607	6862099231562192576	1.0
