3685795042921701627	3486107020230059073	1.0
8127110083054124744	13305572458862313627	1.0
4496748787836581627	8907600215369439104	1.0
3284359288293887627	9751653256915228212	1.0
5541774846585652080	11483551678801276627	1.0
4953767438352340842	12655231862169175627	1.0
11247048776871897445	3482554279015832627	1.0
3767399026291377982	7218904832494464627	1.0
7178753704943448402	2731918484542932627	1.0
5264786642352049733	3468242090662104627	1.0
7160260653988723627	62209804315266026	1.0
13397432515131675627	752710203351344785	1.0
1153296253553008510	12882103934832083627	1.0
5189026124953397627	3933931458565205159	1.0
3876096401796402229	17210449932459779627	1.0
6325145670710508738	10339694097250159627	1.0
3884559999538665867	5827853198900619627	1.0
1418915525763086218	3482554279015832627	1.0
4619733097737698127	7383610729981722627	1.0
8283431620361635627	6636478654838817245	1.0
2061766255031223627	7363052813085993214	1.0
6834221993819004114	3482554279015832627	1.0
3160563886634788253	1546470041405260627	1.0
994293463649528687	7218904832494464627	1.0
5338504836810644793	7364662338977998627	1.0
4925644534834720006	11483551678801276627	1.0
6455174465448101627	12464160942520015731	1.0
16906125899524948695	6197168593590935627	1.0
6949809543289445627	11427416997599263952	1.0
6525731290060687915	61633333869858627	1.0
5498581282446899433	12882103934832083627	1.0
232837655116425807	12655231862169175627	1.0
4571692722381649415	7369801301580703627	1.0
18027638316505602662	12501229472133856627	1.0
3315813231321920627	7231897971868761215	1.0
5052536262392461217	11483551678801276627	1.0
2663006061978270671	11483551678801276627	1.0
15056716521712622627	5041800248449432248	1.0
15056716521712622627	10057341448444672248	1.0
15056716521712622627	62553603488126147	1.0
15056716521712622627	4346814759410430737	1.0
9333200412003361571	7770221596372853627	1.0
4372773351595355627	1057809696152501921	1.0
14265839190800409627	316888942316749579	1.0
14265839190800409627	7369348328671883882	1.0
14265839190800409627	7352950650164725866	1.0
12807114799561954627	11490062363955275791	1.0
16908390402889397071	8565181645519393627	1.0
5685906368436715477	13278451533661823627	1.0
3647402218450784627	7362632756433063194	1.0
