17599992958815896574	12307559494837578066	1.0
12903164561758480705	11470560691214334066	1.0
5347493266635613066	17623598825148319389	1.0
1980170834659154743	7164404838263804066	1.0
1427634154029302066	11412739372015368048	1.0
7545512073264509873	11470560691214334066	1.0
5123753586800452081	11470560691214334066	1.0
5271228148074742394	11470560691214334066	1.0
13880148292690437757	17975908439740881066	1.0
13395326070795569788	11470560691214334066	1.0
3247698121271929684	11225279296567877066	1.0
10951879481506952012	12077337968513399066	1.0
3942255692363826066	11418545476339828311	1.0
3942255692363826066	11414604813760988157	1.0
4654112776838247431	7358811459490236066	1.0
14791167816929414066	56070749826492455	1.0
14791167816929414066	15602682951779360326	1.0
14791167816929414066	11479693209040222258	1.0
14791167816929414066	11413594933849846661	1.0
14791167816929414066	62553603488126147	1.0
14791167816929414066	891153589466531576	1.0
5861474648796085002	7358811459490236066	1.0
2924965478531492263	1229635948277419066	1.0
5040390633732082066	11282371485121150510	1.0
11257816530015096831	4337680339269976066	1.0
5854997264559227066	11409772902519394366	1.0
5854997264559227066	882952671629747646	1.0
5854997264559227066	7233726056071709495	1.0
5854997264559227066	7225908090280764068	1.0
4081910071986572066	11482419117375456004	1.0
4081910071986572066	11492142575530996424	1.0
4081910071986572066	11489023570231674246	1.0
4081910071986572066	3464665160314342534	1.0
4081910071986572066	7226795756879699002	1.0
4081910071986572066	12862865363139438212	1.0
4844839084092576302	11470560691214334066	1.0
5295472695333998066	205752179436029736	1.0
4462208418486723869	11470560691214334066	1.0
7025342617942188822	11335345328265945066	1.0
5139476104811883066	7392092874143740601	1.0
10718079194499906066	11335457542952608799	1.0
7441118692309954103	11470560691214334066	1.0
14515711080379563783	10642780678689136066	1.0
1126719983619240950	8256544893008258066	1.0
8116004247351440908	11470560691214334066	1.0
11457312980398529066	11427685252713741157	1.0
11457312980398529066	357697845429538190	1.0
11457312980398529066	11428744017973979394	1.0
11457312980398529066	53080039519993637	1.0
11457312980398529066	5264931550830576403	1.0
