5149614622382678496	12269904499374824247	1.0
9362852949525256247	7211213649463431766	1.0
647197381995986247	16219626150337409829	1.0
17767384928507243103	10833953252289693247	1.0
4327943553362416247	5941893415075538936	1.0
5025020490162166247	1264220994016815689	1.0
11352005245402282247	11433184713570715530	1.0
11765517219269679247	11408687074647681008	1.0
11765517219269679247	3059535822880283384	1.0
11765517219269679247	11413594933849846661	1.0
11765517219269679247	3192914039367344158	1.0
11765517219269679247	13592253333743158538	1.0
11765517219269679247	13592223646929093251	1.0
11765517219269679247	13587147472281644895	1.0
11765517219269679247	10867786616685687822	1.0
11765517219269679247	19019427358711399	1.0
5681727735673497023	501272162691840247	1.0
2543811930156714247	7364162357436216908	1.0
2543811930156714247	11476462517474622114	1.0
2543811930156714247	10843384317724415731	1.0
2543811930156714247	11340457374510348524	1.0
11052939945324954247	7411409677747868758	1.0
9055257287518163247	13058420184026261855	1.0
9055257287518163247	16063749247978117462	1.0
11660686084536628053	7230559943585733247	1.0
7309552633981203144	15733165917843325247	1.0
13958205677531554485	12207924876653131247	1.0
10940203444524947193	5265753040395210247	1.0
6089125131713889247	1935554329053229615	1.0
3249387561032465247	13592223646929093251	1.0
2596207704599452247	1057809696152501921	1.0
2596207704599452247	11474905377037295675	1.0
2596207704599452247	7213086281345125278	1.0
2596207704599452247	11472626892521654015	1.0
2596207704599452247	61425526171401618	1.0
2596207704599452247	5936601833940343360	1.0
2596207704599452247	11330848471359549105	1.0
2596207704599452247	9159408624674063806	1.0
2596207704599452247	853406356816143857	1.0
2596207704599452247	4589752553890090348	1.0
2596207704599452247	13389304679878843138	1.0
2596207704599452247	858770062311788996	1.0
2596207704599452247	11494647744082912338	1.0
2596207704599452247	7401427740861155146	1.0
2596207704599452247	10397875176644082565	1.0
2596207704599452247	11419267172595011147	1.0
2596207704599452247	855190915782566023	1.0
2596207704599452247	1287797056452035462	1.0
11239774459635565247	11334481266777944842	1.0
12221121809548924376	2127650529526510247	1.0
