4504036640775712865	17819979063554115863	1.0
4886816820272577165	7216833936687963863	1.0
5424173729207257534	6050242686108667863	1.0
4627750897966626863	11479604148598026397	1.0
11021338766707409863	3484750274356309407	1.0
11021338766707409863	3479662408785595064	1.0
2748852534890487863	5937045444000494629	1.0
4715752111100042963	11431724935756488863	1.0
12526716053907860863	6349225496728098510	1.0
6598087758717678863	11297765618608715671	1.0
6598087758717678863	2262119863681877777	1.0
6598087758717678863	4724088273254977833	1.0
3821776611003204277	7213505715025123863	1.0
2581488590640307008	15593149034943827863	1.0
2161068591253608759	11431724935756488863	1.0
12830505212342862863	5584163065667248005	1.0
5150208296980393983	7216833936687963863	1.0
5829984321251615410	7661228967020026863	1.0
10755435743382342363	17928308267942709863	1.0
4137395980077831201	7276049894727414863	1.0
2263158276019043915	7216833936687963863	1.0
6219887646446270719	7216833936687963863	1.0
10291230524349046499	7216833936687963863	1.0
7018243939372759481	18446679097216096863	1.0
11807955124241042992	7216833936687963863	1.0
1995955648551476193	2235852939867320863	1.0
3549092929729419584	7363297651643853863	1.0
7220510098233977863	11480285871580282551	1.0
2974046079866201863	7215069607042718192	1.0
4436768327954184278	8483364902359716863	1.0
6401495989980245321	11431724935756488863	1.0
10577301702806505713	3605399122676770863	1.0
3243280090686768848	8416140672820334863	1.0
18302408785720713863	3811067223342462985	1.0
4368509305657976052	11431724935756488863	1.0
16445089309585865863	759020858831980817	1.0
3006741379415108863	1061330435551545705	1.0
11497238181042984827	10007827570995369863	1.0
6831070135355580863	891153589466531576	1.0
6831070135355580863	11431933623927793021	1.0
3056918243713546271	7213505715025123863	1.0
4480754729562595597	2835092114810935863	1.0
5983033680011302228	17928308267942709863	1.0
744414957736346545	11431724935756488863	1.0
6709074922123528863	11470292603601733970	1.0
6709074922123528863	11475352839651119725	1.0
5564771214463176526	11431724935756488863	1.0
3896260068317289863	7854710290172799451	1.0
6057019207708585713	10457868692178369863	1.0
5409658341550955335	11431724935756488863	1.0
