11541909972316762919	11326724667437426710	1.0
2910048980251800461	11332731956565030710	1.0
6087836901207114710	968645298441819870	1.0
12186098814192145110	11326724667437426710	1.0
12805942036468759188	11332731956565030710	1.0
13180712826587147710	7228597182160519219	1.0
13180712826587147710	3718248804874948786	1.0
13180712826587147710	12564226383113155709	1.0
13180712826587147710	7233729586533221594	1.0
13180712826587147710	1184679255084790873	1.0
13180712826587147710	9127893530003844539	1.0
5326215197586237937	9702725647967488710	1.0
3116982071874870710	10266290877242980326	1.0
3116982071874870710	11424824065768277216	1.0
3116982071874870710	8651182119402455724	1.0
3116982071874870710	13583740433607220055	1.0
3116982071874870710	246510906775931468	1.0
3116982071874870710	13592223646929093251	1.0
3116982071874870710	7226795756879699002	1.0
3116982071874870710	68164484411468708	1.0
3116982071874870710	11408689767502347663	1.0
4550448238739654687	11426287644489434710	1.0
5535137455711180962	11473389060267142710	1.0
1545121357217158791	12878961865586877710	1.0
7575974687394838067	11473389060267142710	1.0
10838943929248240993	12584014841833887710	1.0
13437875180642183981	11326724667437426710	1.0
11185229315947334848	7360394756254097710	1.0
12297956922117604074	11326724667437426710	1.0
12020839661959891006	11326724667437426710	1.0
5452954154406255148	1277092198158527710	1.0
10278607056864523784	11326724667437426710	1.0
4548781474335280710	8261203028484504068	1.0
4548781474335280710	8857652851102421424	1.0
5523508536438009172	7370321293384389710	1.0
1795227782125395418	9879977440707750710	1.0
13382280975308648099	11332731956565030710	1.0
5196744367887142955	11473389060267142710	1.0
5913513857400655219	11408614017226182710	1.0
7249699683299479792	7370321293384389710	1.0
12326756244289913869	11326724667437426710	1.0
2363502214759890710	1915095887793720752	1.0
14030825422789159214	11408614017226182710	1.0
13352108134310609808	21575714583434710	1.0
1722766035862296261	9879977440707750710	1.0
3459617565580294710	11405481701868759542	1.0
3459617565580294710	11422476114460065813	1.0
3459617565580294710	66898650203531041	1.0
3459617565580294710	12655519612043977559	1.0
3459617565580294710	8237758020208118	1.0
