16564486691238630185	11846338095202852673	1.0
4504853270316788673	1950555988421043148	1.0
4348738663595920673	3483228619029913693	1.0
4348738663595920673	7044466105658279557	1.0
12404937423639012376	7382493386059678673	1.0
5252729922106574858	11492297980383602673	1.0
7325832176474304065	7600644983503246673	1.0
3152581587371691673	882191820573068309	1.0
12204538601820584673	8479851791195526060	1.0
12204538601820584673	13045191272471225934	1.0
12652005053698728886	11846338095202852673	1.0
6646091043496781673	11472060811597444168	1.0
6646091043496781673	11477623773478953644	1.0
13526453565351901345	9907249148371868673	1.0
4339852476863610673	3473320773595821520	1.0
6298378180022740673	11426807078054992394	1.0
6298378180022740673	7360378495470381193	1.0
3356939435936992751	4813711236027063673	1.0
5417270316051716870	15607813298905927673	1.0
5118048487605535673	1158386881908703276	1.0
242899336385344050	12884098861272359673	1.0
5467414836692670673	3483862152475038527	1.0
12598195317933057673	11482938890044209302	1.0
14690163067014702673	11864290247177008167	1.0
14690163067014702673	10848887154412373011	1.0
5145373193670190673	8928162616145080987	1.0
5145373193670190673	8021326473046835722	1.0
4484472914820266574	5272556728950889673	1.0
915823096618108998	861218283964208673	1.0
5646357162940909670	11492297980383602673	1.0
5912689038736714304	11846338095202852673	1.0
5709685463378152673	15183297142120259254	1.0
6118861348179846673	9995509254956535938	1.0
6874960527957721673	7547993978230588213	1.0
3561403142374791673	17241664256058275306	1.0
4907961208484360721	7568467174465179673	1.0
4177290423710493673	8588004605134076945	1.0
4177290423710493673	18012787332299496656	1.0
4177290423710493673	867145841388324896	1.0
6583120905475928673	860481963216768252	1.0
7158747047231938969	3665398043483117673	1.0
14571777726132222005	2153500095812331673	1.0
13498042520508384618	4367517979657909673	1.0
4191987153862180912	11680392500994510673	1.0
13626503685655574727	12650245228414501673	1.0
6688177872126328673	7545400865937956909	1.0
6688177872126328673	12864782782661872033	1.0
6688177872126328673	68164484411468708	1.0
6688177872126328673	12655519612043977559	1.0
6688177872126328673	12873799619813299352	1.0
