6360662546732613138	12863755349116239059	1.0
7282491561489928138	5536380127062321412	1.0
4769223054469185138	11480737289841281789	1.0
4769223054469185138	11490062363955275791	1.0
3880238006163394486	11488317258634157138	1.0
15740300429157623138	11412739372015368048	1.0
4773952468821745295	7389268164337549138	1.0
919488946458771960	7401049951253404138	1.0
5154603070042926120	7198365504318920138	1.0
6676311624339041138	1267432636490814887	1.0
6676311624339041138	11337155669898661227	1.0
4602917182021292850	7389268164337549138	1.0
4381416281979985105	9857071005749996138	1.0
1831081172978109893	7389268164337549138	1.0
13444162403987597812	3075458714058812138	1.0
12368354310246529138	16829830896610856525	1.0
12368354310246529138	7228597182160519219	1.0
12368354310246529138	7352659537301140205	1.0
12368354310246529138	7228520349421143065	1.0
12368354310246529138	62239491129331313	1.0
12368354310246529138	47214845004985921	1.0
11710462230628664138	10960533388993407089	1.0
11710462230628664138	11423879984696269082	1.0
8889723166941595055	7216798206800086138	1.0
1328803700239560138	7213145654973255852	1.0
11283392883093375759	8886999292997773138	1.0
6022042883735718138	9176249068000340638	1.0
14576646428311826138	310319772686257410	1.0
14576646428311826138	7554911225100779586	1.0
14576646428311826138	7233738644613942153	1.0
4582546028061916640	9867327211523967138	1.0
14819364517157095138	11423698513645221030	1.0
2767036421031368203	584950307911211138	1.0
2595056684205035138	12881184442376504921	1.0
2595056684205035138	11415832530125796506	1.0
2595056684205035138	7346052919787837639	1.0
2595056684205035138	62553603488126147	1.0
2595056684205035138	12879588896438210910	1.0
2595056684205035138	11493025771179646791	1.0
2595056684205035138	12876502000312876436	1.0
6263421923039677138	7233726056071709495	1.0
6263421923039677138	6830824098572717403	1.0
13456195498373046917	14228627568982884138	1.0
2499747726433426796	7401049951253404138	1.0
2103276545987114138	2335278706113869375	1.0
4419003862060034138	6830973361605907615	1.0
5475120884305565480	3349773017982223138	1.0
5722375421250111693	3075458714058812138	1.0
5683961071012215138	2792945293242419850	1.0
5752455401424710313	10461669549374176138	1.0
