2618900093874078945	7643585567523919732	1.0
3104977261596898718	7346184994284189732	1.0
2268572945290449909	17625814624672762732	1.0
1569519103769254732	11468557793274778115	1.0
1899684689382165732	14605889667697757436	1.0
1899684689382165732	1708399905507925779	1.0
1899684689382165732	3956109175234032207	1.0
1899684689382165732	6372520987737819984	1.0
1899684689382165732	7344942554556010773	1.0
2502529980803482571	7643585567523919732	1.0
17877987246431528720	12882721430880238732	1.0
4526510011584252732	12655519612043977559	1.0
5764574445477619916	10324430600349997732	1.0
16950938726154554073	7643585567523919732	1.0
6819010976591642563	12747654459842358732	1.0
4924777076858867886	8561867085922227732	1.0
5577850270793408930	860059475922438732	1.0
13337892256925836491	7643585567523919732	1.0
1713075168486709658	7643585567523919732	1.0
1762859706177499732	6842569498532990359	1.0
1762859706177499732	13060538142436311542	1.0
1762859706177499732	10528049699074852651	1.0
4960734946875182732	11467049821644299606	1.0
4495097409184897936	11420770011705111732	1.0
1453381839122763687	10638201199834347732	1.0
6656946557216065369	12868110682154981732	1.0
3876077963847785713	11408054932794812732	1.0
13478610787317388732	7358427897418908092	1.0
13478610787317388732	53977356939117046	1.0
13478610787317388732	879053077549510290	1.0
13478610787317388732	45628649213826950	1.0
13478610787317388732	1061330435551545705	1.0
13478610787317388732	11431545418993324341	1.0
13478610787317388732	1053680398700647391	1.0
13478610787317388732	11223384715884350700	1.0
13478610787317388732	13592223646929093251	1.0
13478610787317388732	10458880839840087091	1.0
13478610787317388732	16872580209461235651	1.0
13478610787317388732	53080039519993637	1.0
13478610787317388732	7222132599297907502	1.0
10600713561859116257	17722629207745242732	1.0
7359595514458143567	7643585567523919732	1.0
4529352503182496906	7643585567523919732	1.0
12818704957026136988	7643585567523919732	1.0
16014338363507993996	7643585567523919732	1.0
5140752870107478766	7643585567523919732	1.0
3875868773309278732	7848359184653042214	1.0
3875868773309278732	11431526697272787691	1.0
3875868773309278732	868241539103396622	1.0
6619045093947707327	12866908022652300732	1.0
