2617340144018801403	12874015304463811014	1.0
3847920397594145403	12868523969727317867	1.0
532540914420176621	7219910782634388403	1.0
13629499048682115403	8495425871326434644	1.0
12819690294549214403	17245449336192812892	1.0
5529713054261767520	223569261924504403	1.0
13087840123520871787	6647212850159698403	1.0
1922163857549557562	7219910782634388403	1.0
1661500997121799889	10791882615638619403	1.0
17703717226856071124	7365143160475302403	1.0
14944922233936971166	9863785207997561403	1.0
2521533931299466292	7489213624771564403	1.0
11183137738799735403	11231425148249022990	1.0
2572789177681989318	6830824098572717403	1.0
8997098468420497443	2083722307398292403	1.0
4428463334713007051	11431728324523515403	1.0
6052281557131164169	9688683475455288403	1.0
4827299663127366403	7364492859485132924	1.0
4827299663127366403	12672856282008814233	1.0
4827299663127366403	3822222961552716667	1.0
4827299663127366403	11434048981273413199	1.0
4827299663127366403	7346985902670912502	1.0
4827299663127366403	7367391455576063328	1.0
4827299663127366403	11408219576081800195	1.0
4827299663127366403	7345290249582390018	1.0
4827299663127366403	7361804334365221314	1.0
4827299663127366403	7371478688238024206	1.0
4827299663127366403	69054109594468971	1.0
4827299663127366403	357697845429538190	1.0
4827299663127366403	53080039519993637	1.0
4827299663127366403	10459658727121405005	1.0
4827299663127366403	7220400919958218206	1.0
3239942725366833615	9863785207997561403	1.0
2823685700117950543	10266752335867300403	1.0
1606812725458027385	6832065486010966403	1.0
3749737833057091403	15181978724552107457	1.0
16758864447702947403	11421389565027314900	1.0
16758864447702947403	11434496546892809355	1.0
16758864447702947403	7548841972374631502	1.0
16758864447702947403	11414174131635986398	1.0
16758864447702947403	13592253333743158538	1.0
16758864447702947403	62553603488126147	1.0
16758864447702947403	11431992997555923595	1.0
16758864447702947403	7226795756879699002	1.0
16758864447702947403	11427340534316161903	1.0
16758864447702947403	11425215113856737653	1.0
6896398994109990403	5607034874723648017	1.0
12798848897953178403	12086125718963454349	1.0
12798848897953178403	7779829571463973847	1.0
7646477957650869403	7643585567523919732	1.0
