7013104035390609702	314978704092539466	1.0
7013104035390609702	315008506872229522	1.0
7013104035390609702	304005200021140985	1.0
6142376631077746593	9029661650012911702	1.0
4181838452093314469	2650118089590602702	1.0
570688027987213702	3225431359846050196	1.0
15215298058386006662	855399333409479702	1.0
6452271252156813454	868880252186630702	1.0
5191143584368043875	8908556970862616702	1.0
12397372204746255505	7661043939752794702	1.0
7714742240474005389	11345464679347871702	1.0
3554819705596387445	5837800725570788702	1.0
4047469468413600702	7230877676643938310	1.0
4047469468413600702	10458824133455444871	1.0
4047469468413600702	11428225319142231551	1.0
4047469468413600702	7208079079615152824	1.0
4047469468413600702	11416154532524011913	1.0
6076984440538834539	439257581909196702	1.0
14093702029667827708	12866077401699960702	1.0
2694159850636832653	2650118089590602702	1.0
16159137000436943308	4076230876340939702	1.0
10338586938119567418	734653015541561702	1.0
16438003558319622702	11484171077572716560	1.0
16438003558319622702	1266568059524232311	1.0
16438003558319622702	5905774867977279314	1.0
16438003558319622702	1262435381879114272	1.0
6472819272379687511	11345464679347871702	1.0
2776228407353758702	15177765567673946539	1.0
2776228407353758702	9119346703404960011	1.0
13195783371916593722	9474937928980249702	1.0
4600008922082783282	874966281033701702	1.0
4184480981038053702	18328814391975930616	1.0
10947074907300301862	11345464679347871702	1.0
9813983192923366936	11345464679347871702	1.0
11970671445677022199	11345464679347871702	1.0
6374811365209879763	11345464679347871702	1.0
4709544475563992702	12076907337502214254	1.0
4709544475563992702	13587147472281644895	1.0
4709544475563992702	1061296715725854740	1.0
12587353406402689457	11345464679347871702	1.0
6207906662915980316	874966281033701702	1.0
1680976334523856702	13602759719239737544	1.0
1049018209558200343	9237104239849054702	1.0
2645494477829954988	16296977200478948702	1.0
5263498601186258702	2792885919614289276	1.0
12532969127488177532	1634083096856632702	1.0
3874675918551763571	9237104239849054702	1.0
13895236446641691247	7253802682319187702	1.0
3156285033590518285	7212589392326516702	1.0
10439384115013146386	11416958945494856702	1.0
