12428509799121797858	9088068016086146200	1.0
4134628240229113200	13592223646929093251	1.0
4134628240229113200	7355758390583317133	1.0
4134628240229113200	192439129570647400	1.0
4134628240229113200	7362603185584622676	1.0
3324510080887555200	11479481596027450448	1.0
10906526099062621281	16786894586155019200	1.0
1478135414301401881	11682432910810779200	1.0
2533614548581804419	7217681415384392200	1.0
3891901398235876994	7209250192613972200	1.0
4887448359310218448	2103105341820635200	1.0
1071087529589676956	14043626378889106200	1.0
12272891869062775200	7239332074102307574	1.0
12272891869062775200	7253803764677169094	1.0
12826170306891837873	7387836797567572200	1.0
5789623593273140200	7361023513946276815	1.0
5789623593273140200	872841504946161118	1.0
5789623593273140200	865344003657778804	1.0
3849093856321586200	7384896110620573207	1.0
2467016721735327200	17984336389610014281	1.0
2659375804526122585	7766167374903147200	1.0
4268393800916809471	12877196840163210200	1.0
11029408415336876200	18061391835750519820	1.0
5151157022853062200	5630617836956560345	1.0
5151157022853062200	15177765567673946539	1.0
5151157022853062200	1269502854555361242	1.0
6723976754421452788	16814579910450356200	1.0
5882155506671261158	7766167374903147200	1.0
6982723657572944891	12861104087268158200	1.0
12274662910593441009	7217681415384392200	1.0
5959606432422523200	860181637799665072	1.0
5959606432422523200	7643585567523919732	1.0
13147500062439283209	6839556046344520200	1.0
5985026143659724200	12874022184985282233	1.0
1555269355356337893	6631621945405589200	1.0
8828876532318954286	12231599884144949200	1.0
6666907286761967791	12877196840163210200	1.0
6368542922238498980	4639738980942461200	1.0
3530669413938131200	11129336988905987819	1.0
13001388118580857634	12460026057633788200	1.0
3356583333769061405	6753081523660201200	1.0
11736965599395040594	4591113826638114200	1.0
5431977003651163200	7359973166594318789	1.0
5431977003651163200	7215473982480325264	1.0
5431977003651163200	891153589466531576	1.0
2677729168903362084	14043626378889106200	1.0
7275789987123568364	8741031277349853200	1.0
7081147182106456154	7209250192613972200	1.0
6534340904791740542	12877196840163210200	1.0
9104228052374650959	11207577481190362200	1.0
