6483405637426565881	10515974365209265641	1.0
16325541705029001493	7368491611511079641	1.0
13592194585607754641	254420369069762829	1.0
5511675608340709123	7548752911932435641	1.0
4237491023218589647	15236868585467782641	1.0
2542768867461970641	6647607439672229780	1.0
12131071715786557873	7548752911932435641	1.0
13330182438349670454	6841536031806722641	1.0
6284413480803360641	3176481850867680143	1.0
2299614268228771390	9861350656620198641	1.0
11294085459350227641	68858937681955833	1.0
5887307603752407897	10966242936771571641	1.0
11825902148294197374	7548752911932435641	1.0
1369669898754094701	7548752911932435641	1.0
8533332400584816641	16843589798611420105	1.0
8533332400584816641	438990583611573573	1.0
8533332400584816641	5131917197885558358	1.0
8533332400584816641	9507447860528113011	1.0
8533332400584816641	6447053063943493231	1.0
8533332400584816641	8860792039010608830	1.0
8533332400584816641	975875291082727378	1.0
8533332400584816641	5148676460926777318	1.0
8533332400584816641	8912607882488168868	1.0
8533332400584816641	15167109621494962603	1.0
8533332400584816641	7222165168456755619	1.0
8533332400584816641	15103139379331130302	1.0
8533332400584816641	8769057684450767944	1.0
8533332400584816641	8751632167468438127	1.0
8533332400584816641	90287589504823974	1.0
3650624572841713314	7548752911932435641	1.0
3545873684025829641	7224242227029544560	1.0
4460322163141587159	7548752911932435641	1.0
4507545596264005848	7548752911932435641	1.0
4500627411387983884	18158183343126520641	1.0
11859270361393566936	11702490445465365641	1.0
1899790235081240641	1933840192217316706	1.0
1999722983448488641	11465441481645598547	1.0
4284396254477541547	7548752911932435641	1.0
12293091785487595641	12883929188535858197	1.0
12293091785487595641	11412739372015368048	1.0
12293091785487595641	3474015926875544166	1.0
12293091785487595641	10461232759614355951	1.0
14129420639375136758	7548752911932435641	1.0
5049422752634010641	1053680398700647391	1.0
1737270066725191537	2946295864374559641	1.0
4878240122489423450	11408402558852180641	1.0
4605223463245550196	7368218099752002641	1.0
7090293355916557560	7548752911932435641	1.0
6705097057242178641	11489919740960642712	1.0
6705097057242178641	868655316213239882	1.0
