3903596669620019825	10197731330396631105	1.0
14019753820421113295	7454546775631768105	1.0
14366105969955797487	11325668809911417105	1.0
5902316415662100295	8655016131924096105	1.0
11181948217228286195	11325668809911417105	1.0
7383942696159177665	11344447386244205105	1.0
1465377717832862105	10326930308230720650	1.0
1465377717832862105	11770307905858136161	1.0
1465377717832862105	9553906698842032717	1.0
1465377717832862105	9709493179937562755	1.0
1465377717832862105	2370810079036391677	1.0
1465377717832862105	5570783327914732983	1.0
360354818797885105	2990785963505523623	1.0
9832553218597264159	7229315914838207105	1.0
7720047827690470197	4000969390762898105	1.0
11337426122997010396	11325668809911417105	1.0
3416888506062831135	1701428195421512105	1.0
5823640618380910766	18133785189702139105	1.0
4100501292077795001	11330848471359549105	1.0
13362353426748204105	8559856607544562504	1.0
6409183736344243105	3467270616350871489	1.0
6409183736344243105	13056093484357305384	1.0
6409183736344243105	3470079945844427148	1.0
6409183736344243105	3473115877924970634	1.0
6409183736344243105	3471917319992513028	1.0
6409183736344243105	3475966525011970228	1.0
6409183736344243105	3479752684647475939	1.0
6409183736344243105	3482673026272093775	1.0
8682971669793601207	3459624380432370105	1.0
13368901613669513105	769076269068752303	1.0
13368901613669513105	11699514544226612755	1.0
4677408076311914105	111617302166479431	1.0
4677408076311914105	9222115954960693063	1.0
5931286431287304105	13592223646929093251	1.0
5931286431287304105	12076907337502214254	1.0
5931286431287304105	7213145654973255852	1.0
10914713058861719847	11325668809911417105	1.0
5603573366630989105	68164484411468708	1.0
4932437634316392105	357697845429538190	1.0
4932437634316392105	1915956151657444724	1.0
4932437634316392105	7608033409787701796	1.0
4932437634316392105	13879256915851818414	1.0
4932437634316392105	6943856905251091028	1.0
4932437634316392105	11983167430526513542	1.0
4932437634316392105	11415691131390799755	1.0
4932437634316392105	7367057294257036821	1.0
4932437634316392105	3869122907260045842	1.0
10631972783297225095	7229315914838207105	1.0
2483144216145606361	15105080096696990105	1.0
4648138163760529105	9439949383782467	1.0
