3902963701121195214	10830075217653872207	1.0
1398895561374929590	878261414339203207	1.0
2508055204471121287	8721472380019778207	1.0
4643952035357775262	12873398336687502207	1.0
8380519330093808207	3478713152429460228	1.0
4054248244157876063	10329192716555375207	1.0
6356700502849503207	7230874519828286592	1.0
16609141091695431996	3697808750189662207	1.0
6876078717336526712	7390826640534656207	1.0
425513628419617207	1053680398700647391	1.0
425513628419617207	11425197886795910625	1.0
4518285286682652207	7355184844932775715	1.0
5987302005780052102	14782251860749418207	1.0
5467057860685009207	14119163978281920056	1.0
3523940072133970997	6177584118656383207	1.0
10706301565020535438	11320655711137731207	1.0
2736572248517837207	4360223035401953951	1.0
2736572248517837207	4431591507771407578	1.0
2736572248517837207	6210261933358959695	1.0
2736572248517837207	3470457250040477958	1.0
1848430119599942913	8671338942842126207	1.0
4839996698091900163	8671338942842126207	1.0
3493355306005814207	11492379954077893951	1.0
3493355306005814207	7394834450514252750	1.0
3493355306005814207	3486107020230059073	1.0
8225630044004257722	11320655711137731207	1.0
13843648668989821969	12873398336687502207	1.0
4848472505496253222	878052700458213207	1.0
3407681418818712958	878261414339203207	1.0
6734964189793948729	11320655711137731207	1.0
1324060936740327820	12874679761607700207	1.0
4609617495648449536	6837993120621349207	1.0
5035481881505933207	11418764034299376966	1.0
6594914271992551207	7198939647274285813	1.0
1660587837350247437	2126004045227576207	1.0
6961691761418605672	7282494923731919207	1.0
12159816364096402657	396039585724302207	1.0
14195088658915281207	12862563426949398538	1.0
6101426050115998751	8027421186580703207	1.0
14267623027478138122	2085837803689559207	1.0
7467341560208888944	9349794634741962207	1.0
3743596837338126994	7231179651515907207	1.0
3211636854728349657	12873398336687502207	1.0
2721632926231717207	3882168672042009236	1.0
11095877810479986727	5001100947031633207	1.0
6388278669968180278	12873398336687502207	1.0
1056556642127250207	11484985545002683385	1.0
4514999520798774199	2085837803689559207	1.0
12352109956250778151	10964568077056635207	1.0
4258327020604232207	7370242721236689323	1.0
