16936381330595119652	8659053925239415047	1.0
3107107705582116549	7391779942837950047	1.0
4024878244019998220	11094767270146681047	1.0
12190658403810882047	17159889832049532775	1.0
12190658403810882047	3464745231367588661	1.0
12190658403810882047	13193661803932909267	1.0
3226346570070010074	7391779942837950047	1.0
2598421610932488017	7222930351205342047	1.0
13104658271479679640	7364315318428865047	1.0
822073736878243047	320466181982646874	1.0
822073736878243047	1576018474222583418	1.0
1651574208830783545	17242965887302602047	1.0
4989920370417205254	12880843426365922047	1.0
4680969856570928349	11472666320437731047	1.0
4878944297709928073	12880843426365922047	1.0
7145255704465642047	11492350267263828664	1.0
2465383929087996047	12655519612043977559	1.0
6317610554680712303	11472666320437731047	1.0
6737876897096435208	7232834962029782047	1.0
4944856070805692648	11472666320437731047	1.0
1992314803084918047	11433930259724999560	1.0
1992314803084918047	66414607356525271	1.0
1992314803084918047	10456540250211028981	1.0
1992314803084918047	6314328163766960095	1.0
1992314803084918047	50732272886990796	1.0
1992314803084918047	48033564595617307	1.0
1992314803084918047	7358920702002117099	1.0
1992314803084918047	62553603488126147	1.0
1992314803084918047	12672945574382259632	1.0
118520404516838524	13765075362908362047	1.0
9999079175971918204	12275838409100096047	1.0
14032710294545164047	7419081254840179012	1.0
14032710294545164047	3183785283861010334	1.0
5239713274060723089	7364315318428865047	1.0
7047733862976890114	7231170129605933047	1.0
6710915881687105944	12880843426365922047	1.0
4847387378789649369	7232834962029782047	1.0
3355479798087556279	7364073296994021047	1.0
2859303855540143945	7364315318428865047	1.0
7778679602436531372	7222930351205342047	1.0
2197540521134767047	14128406928312636822	1.0
11112477989120272947	7232834962029782047	1.0
6068614457349100948	11332404366615662047	1.0
4014827143313294390	60054396355507047	1.0
2845557507100681612	11472666320437731047	1.0
3220932542251896162	15916500908332310047	1.0
13888735126474738680	7222930351205342047	1.0
3754222478426637047	8937809447561137743	1.0
12657303913563675047	17516362796058973459	1.0
12657303913563675047	11811380403985197501	1.0
