6465882995045000362	56322615242201269	1.0
5261386510070091269	7213145654973255852	1.0
5261386510070091269	68164484411468708	1.0
5261386510070091269	12663473324551896565	1.0
5261386510070091269	13583740433607220055	1.0
5261386510070091269	7545430552752022196	1.0
5085221177068337031	11408685739061213269	1.0
13917718240707348269	11677659922061530170	1.0
13917718240707348269	6038426839141392123	1.0
469054340585223269	10427401182098326208	1.0
5578085524875172400	8987008629771285269	1.0
8578260198248301297	18345062391520946269	1.0
15554967920643006241	11411691275517729269	1.0
7534927271916540752	10842585193524160269	1.0
6926819856959900846	11475032258950960269	1.0
5426633456820259722	11475032258950960269	1.0
12249645417716402269	13583740433607220055	1.0
6074534663670673174	9502933869972856269	1.0
11632493113062434526	6839642465394568269	1.0
126310736065674269	56070749826492455	1.0
126310736065674269	7346390121975207979	1.0
126310736065674269	879053077549510290	1.0
126310736065674269	11427277630212621333	1.0
3913417167522191269	2335278706113869375	1.0
3543665409402309269	5947990304859221221	1.0
12334259613738861269	1327672386452792422	1.0
12394285354678337269	11338639091540717466	1.0
12394285354678337269	11338438499335807815	1.0
12394285354678337269	11322356410815763132	1.0
12394285354678337269	11335569267954406827	1.0
11314362029801464551	9257376503875107269	1.0
5759998933685777167	11411691275517729269	1.0
4155739922682587764	9161173181530107269	1.0
4401635545455687502	56322615242201269	1.0
4831254743807875039	11863724733102765269	1.0
12039175466836266100	14015560405195426269	1.0
2814180456900240459	11863724733102765269	1.0
2479945564033272593	11411691275517729269	1.0
5216661601025689451	56322615242201269	1.0
4827137941450287979	11411691275517729269	1.0
4724718590479538269	856647253227779155	1.0
7646485160803417571	7422882517343965269	1.0
13868425502379984745	3481892205481292269	1.0
7883726543310474765	10881267190976447269	1.0
12982089823200861269	3480703139621521494	1.0
9103419180151616241	11167176896852761269	1.0
3895766334028230269	857830868883503602	1.0
3895766334028230269	12121758818698381686	1.0
6440109180805600228	10885788197929508269	1.0
4524081659156015269	3462870873304134921	1.0
