1213518464501791557	11416224484699777522	1.0
5444778220194672676	12878779956497891522	1.0
7287436288982902715	11853026447742416522	1.0
2513747086367172661	11751926333670112522	1.0
4903865890781701378	9913675938581662522	1.0
12985637264588164588	7208768537884729522	1.0
3316307390323130522	7193977477907336550	1.0
3316307390323130522	197975092244084855	1.0
6631583679806799013	3473288849147180522	1.0
13623857265407249522	16463799219759485425	1.0
1838043224708294765	10978148802358862522	1.0
799190223704042370	315008506872229522	1.0
7365216673441112945	315008506872229522	1.0
895413850243622610	315008506872229522	1.0
7550586431057593584	7304571322887032522	1.0
4912461734735891522	2372229900691765312	1.0
4333513773505611931	315008506872229522	1.0
2374311870194629869	2125839389011447522	1.0
13163355188080991668	7710928495770309522	1.0
13302272250551430371	7358424289722219522	1.0
5614166607072115197	9913675938581662522	1.0
2812520792194381522	7551572550081628	1.0
2586874251917334244	8520809691143261522	1.0
963428476225490522	7210750806966426876	1.0
3406911400113603982	11416224484699777522	1.0
8780835414549210340	13017923437039758522	1.0
9810105249109585488	4500622040981964522	1.0
10483974735991351522	7199373009424479963	1.0
15927491439769903522	3179843057888745888	1.0
1132039773458740522	6900502594252489113	1.0
13590085640799661079	11426171779230252522	1.0
2620320454961340079	12756009386509802522	1.0
5414856046838897007	315008506872229522	1.0
14214936328765939140	862022675423301522	1.0
12751954379231497728	10455734969624066522	1.0
4838211937869225522	7226950569051772231	1.0
649866158643700340	2125839389011447522	1.0
14743845141077207734	7991134647484589522	1.0
18189426277032593794	315008506872229522	1.0
8703028583526937522	16219232525001095496	1.0
8703028583526937522	877367859257862348	1.0
6364644749680953461	315008506872229522	1.0
13556982828762229176	2688745676883211522	1.0
6617828098056531672	7710928495770309522	1.0
957916885619668803	315008506872229522	1.0
13165012335215289951	11813082683010798522	1.0
4396669446528888385	2688745676883211522	1.0
6311651080632516522	6691161537582606608	1.0
6311651080632516522	10637993228002729420	1.0
6311651080632516522	2129274292091252544	1.0
