4276667207286219550	11474753773322844019	1.0
6472191547076437264	3478689637474038550	1.0
14869921767665065973	3478689637474038550	1.0
3686278097328611250	7370697038562898550	1.0
7754840292250390473	3478689637474038550	1.0
2234600858364965606	7364086555517046550	1.0
6914002626859653897	7234586355161393550	1.0
2454911542321584550	8398863006395423492	1.0
3010795065909054310	11466964291689931550	1.0
4095354040412274488	9941236437676689550	1.0
4518121388836698550	12109138057135485785	1.0
3485524404714934927	1281630918028475550	1.0
7349148813921948550	11479717797692446112	1.0
4689386480938188550	10266298092822023490	1.0
13135189784518370728	1281630918028475550	1.0
7785487645799523146	3478689637474038550	1.0
6713627803406820092	1281630918028475550	1.0
1878739531291730672	1281630918028475550	1.0
4297681421310268424	3478689637474038550	1.0
9626328651076704342	1281630918028475550	1.0
6873069766943367301	3478689637474038550	1.0
4734990366354720550	10913028971610166526	1.0
4734990366354720550	10320337156011154546	1.0
3393907971829865692	3478689637474038550	1.0
10998957275668352064	3478689637474038550	1.0
6591586793718512256	1281630918028475550	1.0
10529119786244467475	3478689637474038550	1.0
12403452340849430318	10067884429106266550	1.0
3582443935158050499	7356298779007090550	1.0
6206092059107846385	3478689637474038550	1.0
5613999962355510717	3478689637474038550	1.0
12817490770387133348	1281630918028475550	1.0
18403991642984063948	3478689637474038550	1.0
6330303792940559625	3478689637474038550	1.0
2967366190819199536	3478689637474038550	1.0
1762261006512858550	7216688672332304192	1.0
3542065452143629023	1281630918028475550	1.0
9019051417345400179	11166451722332634550	1.0
12026366019797942912	3478689637474038550	1.0
6440092520235893454	3478689637474038550	1.0
5263145174117628595	1281630918028475550	1.0
4318401686022406709	3478689637474038550	1.0
13211322495603045863	3478689637474038550	1.0
5356955969885592874	3478689637474038550	1.0
4769532618469807338	3478689637474038550	1.0
6077997532898271712	11466964291689931550	1.0
5734239426585530833	3478689637474038550	1.0
2307537399410480609	3478689637474038550	1.0
9705992900596102805	7232249579450891550	1.0
17890987390657798550	7345998880466362686	1.0
