13965919392076700825	7354234853937425028	1.0
18376828620393015565	6356049654444265028	1.0
4283881204297575997	11478658229264570028	1.0
5955786796091193778	15744262653188238028	1.0
611427017952001671	11478658229264570028	1.0
12940875267578818562	11478658229264570028	1.0
3859354535397936232	862635077796323028	1.0
4408651318674305524	11478658229264570028	1.0
3706516705498190383	2701550335787210028	1.0
4765702895235946611	5619788190730594028	1.0
5689753950820730903	3468910593839706028	1.0
3102441891200865028	10271250562876256518	1.0
3102441891200865028	6442403178706377545	1.0
3102441891200865028	7551478134269177711	1.0
3102441891200865028	3066497109440598460	1.0
3102441891200865028	11120997602002585443	1.0
3841782643256513531	11478658229264570028	1.0
14076650142689898826	16786161636107169028	1.0
3819999749878754028	12873740478116418316	1.0
4248546260898419331	11478658229264570028	1.0
4171865669723891551	11478658229264570028	1.0
2941918396961327369	11478658229264570028	1.0
3214753596074939028	16685529599397061251	1.0
7483423802207718492	2710454832958685028	1.0
3235588831568121028	1057809696152501921	1.0
3235588831568121028	11412739372015368048	1.0
3235588831568121028	11408716761461746295	1.0
2948815607505419830	12419460387989813028	1.0
6794301991551378051	11478658229264570028	1.0
12488322277874382182	3466851169919638028	1.0
13437013277346827028	12267223331664476	1.0
5306695851075198974	11478658229264570028	1.0
11832566224209508678	11478658229264570028	1.0
6284936976938020256	3471917319992513028	1.0
10134489985763146574	7234183672032263028	1.0
1493539546464531696	11478658229264570028	1.0
5406959066246400108	17615835641620048028	1.0
14692081400493500028	867303526811989013	1.0
2940292679006047229	439501222137901028	1.0
4089165731484154638	11478658229264570028	1.0
11981264417045404333	16745302128592749028	1.0
4630138510687221185	7365736454442169028	1.0
11416779601079883238	3468910593839706028	1.0
18243714501118276323	7397317624806933028	1.0
7196487079479071776	7365736454442169028	1.0
3227934711323661758	4219818259190113028	1.0
338816732462174834	15744262653188238028	1.0
5620281532362302263	11478658229264570028	1.0
3950289931773709028	5891559075892863261	1.0
5885744443672866028	3473152561252615410	1.0
