5261594077555545313	55533763042605517	1.0
4872553873559772517	3489120575481931299	1.0
11321393071415920517	10396443058068847867	1.0
12789415358951601096	12675478733218636517	1.0
12481082299150407243	11420806630616189517	1.0
3260979363614538565	11420806630616189517	1.0
16217571959804870795	9509182481287187517	1.0
7661568137343571426	11420806630616189517	1.0
1974609226538467992	11420806630616189517	1.0
1774038075872058280	11420806630616189517	1.0
17140566535101164733	11420806630616189517	1.0
5455987634193048821	11420806630616189517	1.0
5466182705315833803	11420806630616189517	1.0
6371560093454551633	11420806630616189517	1.0
3175514582261370649	11420806630616189517	1.0
1872023777631574712	11420806630616189517	1.0
2550722597242639001	16777339312294651517	1.0
11530975750433248878	7357435167321516517	1.0
6393275877625982738	55533763042605517	1.0
5741536477435062517	11571675071171212751	1.0
5741536477435062517	4421339556452434010	1.0
5741536477435062517	6970256656746884644	1.0
4263186765522457636	11420806630616189517	1.0
8783339389957133517	7984410726155965425	1.0
8783339389957133517	10638201199834347732	1.0
4539545920706825517	7216662683434408644	1.0
3321214606523269099	11420806630616189517	1.0
11549866687426900517	10307044332163697900	1.0
6387365194761364517	7231897971868761215	1.0
13530280818731600402	11420806630616189517	1.0
10526028525538170341	1903097019495848517	1.0
1306578112967249788	11420806630616189517	1.0
3483808161228888517	7227554033318838125	1.0
3483808161228888517	7348794869850933531	1.0
4570203516814805196	12675478733218636517	1.0
2449881777450222517	7216453247979297224	1.0
13167613230825366270	55533763042605517	1.0
12993106541407608524	55533763042605517	1.0
6081181667411766894	11420806630616189517	1.0
6113128658471960647	55533763042605517	1.0
169277769429180275	7366649624864403517	1.0
8196933871929212130	4475996849307656517	1.0
7505827142771350584	55533763042605517	1.0
4076920152123973692	11420806630616189517	1.0
13528250060297983160	11420806630616189517	1.0
1882231042905256483	7357435167321516517	1.0
9207038111229745517	9755091571505316190	1.0
12526106204696932129	11420806630616189517	1.0
424746998445836635	11420806630616189517	1.0
12507529204273256410	11420806630616189517	1.0
