7477239027707808916	12876706857453058023	1.0
5557264341237367023	13127378633398810366	1.0
5557264341237367023	9519126774671846312	1.0
2442773151758508209	15595970098295079023	1.0
13812435977691428301	859674711387619023	1.0
7881972964918650023	6822204030458992682	1.0
7881972964918650023	8637286777450119382	1.0
7881972964918650023	9230269572411212363	1.0
7881972964918650023	17608103401443760545	1.0
2839368176397281334	3365887446213813023	1.0
5825935087649826395	1092610493223964023	1.0
3724768616581173851	15107571860668016023	1.0
10276825705745491282	15608504762758169023	1.0
12047284591020250023	11330131783357065878	1.0
12047284591020250023	11317369867849115467	1.0
5101011433194410450	4792997164507359023	1.0
2222809502133843023	314204102433988051	1.0
6601216736969241693	15595970098295079023	1.0
1735590412859434781	10838734210431135023	1.0
1409384142147302639	12864686455088678023	1.0
7113594258134580533	7225845740084804023	1.0
1788969246418726023	1288592608982122872	1.0
4822248740363020670	12876706857453058023	1.0
2454264942460550023	11479227570149748656	1.0
2454264942460550023	11476951855899146270	1.0
6807476480427252319	12876706857453058023	1.0
4963835020257024599	1092610493223964023	1.0
5900252578771806856	12876706857453058023	1.0
6607298663132444768	855190915782566023	1.0
7808348661268781429	855190915782566023	1.0
9289750372384911023	9219756892516079060	1.0
1734334177913251064	10461351043008118023	1.0
10749911597733063842	17181807310420610023	1.0
5241937557425207023	3474015926875544166	1.0
7485077429191899130	12876706857453058023	1.0
14673748022617356315	15595970098295079023	1.0
2781138865778995023	3694616515631603469	1.0
2781138865778995023	9324356149729816671	1.0
2781138865778995023	9386969810168822834	1.0
2781138865778995023	18432449105533918785	1.0
13107684598969329467	12876706857453058023	1.0
4313459136646621023	3467270616350871489	1.0
8076869471228003023	5996314318978417128	1.0
8076869471228003023	1879265297873718952	1.0
2128040846342944023	7241106930713861238	1.0
3943753923610773297	855190915782566023	1.0
13637527592063195853	9713011072098387023	1.0
4713946926449973023	11418253757836088412	1.0
6526165593377875358	855190915782566023	1.0
5847096194809446023	11329430565499865718	1.0
