12385392222136131692	11427277630212621333	1.0
5222777120995781951	62358122419967692	1.0
602847592633820107	7757618241554396692	1.0
5158693073528637692	7361089162571534717	1.0
5158693073528637692	7367536956536369455	1.0
5158693073528637692	7642727832525166323	1.0
11392772885705802692	1233678551350798064	1.0
1383348956294022460	62358122419967692	1.0
12740479498030703671	8723100498983802692	1.0
8105123385453935553	11475839420754855692	1.0
4943593558355821692	3471629196449324987	1.0
4153408331613337692	7369507760434901632	1.0
6859750514360340442	62358122419967692	1.0
5761994472507650692	11489576134958892329	1.0
6136055379904189692	13587147472281644895	1.0
6136055379904189692	11412739372015368048	1.0
6136055379904189692	10456310997749857102	1.0
6136055379904189692	7223103094367759017	1.0
6136055379904189692	10322739146825528184	1.0
13537630565171164692	10456540250211028981	1.0
13537630565171164692	10973478841469485512	1.0
13537630565171164692	7211754476409079951	1.0
13537630565171164692	7232798845665655840	1.0
13537630565171164692	7233726056071709495	1.0
12065848069175734538	866261344297273692	1.0
6310819607361317777	7369030943384637692	1.0
414583757483521692	11528156088387795438	1.0
414583757483521692	3825635309918909675	1.0
3355713044359973692	3480589984363985317	1.0
3490632780865398338	62358122419967692	1.0
5230909709926494403	17411000121624695692	1.0
3530181025556480692	1725965881404902828	1.0
3530181025556480692	7310926008865049146	1.0
3530181025556480692	309288458345182071	1.0
3530181025556480692	4647250824019182237	1.0
3530181025556480692	3973943003713499627	1.0
6205377169330528841	16785854713644806692	1.0
5889748960722834692	6855035981697901647	1.0
5889748960722834692	7380084158077376881	1.0
5889748960722834692	10527322380134202114	1.0
5889748960722834692	7363589439114183336	1.0
5889748960722834692	7364322177784403596	1.0
3688223341254402915	62358122419967692	1.0
4073292882491473923	62358122419967692	1.0
3449595016834123955	10460931313092940692	1.0
2693288187225985898	2732483506923230692	1.0
6740311207076697144	7369030943384637692	1.0
2415677825458307380	867970771378842692	1.0
6264991325097724748	9776613017726642692	1.0
10236597494969861970	9242374723353284692	1.0
