3791395270238030792	11411034364479144903	1.0
11186985997889032903	3488153847028976512	1.0
13767969661815457993	11411034364479144903	1.0
3286464212628067094	11411034364479144903	1.0
10382053816587144735	7235302050360178903	1.0
4501138181924417903	18159573864599427992	1.0
2099659951769471903	3032525840432360659	1.0
10812897469170218039	7235302050360178903	1.0
1140520465495476609	11427340534316161903	1.0
6005340215269196903	14476562259447075451	1.0
6005340215269196903	5947990652756095528	1.0
7001705479791454032	7235302050360178903	1.0
14311055975041410099	11427340534316161903	1.0
7663988960704546505	11427340534316161903	1.0
2770082979911695903	8943420431313392275	1.0
2770082979911695903	12873677084430202136	1.0
2770082979911695903	5834893835795626039	1.0
2770082979911695903	12857212593489235469	1.0
4219802344943886903	51828017966598847	1.0
2816076397119613588	8506349493632953903	1.0
8669102782604512903	3695542200398224627	1.0
8669102782604512903	3676018452786852750	1.0
15274163722559721735	7235302050360178903	1.0
9910084266992680082	7235302050360178903	1.0
5363622159455185133	11427340534316161903	1.0
11621880436410969917	7235302050360178903	1.0
10597822053624405411	7998803921143880903	1.0
3584098256437745903	11414263088973088322	1.0
3584098256437745903	12866723497998558325	1.0
3584098256437745903	7225202384214412082	1.0
3584098256437745903	12855261570138934822	1.0
5141723798903883059	7363524017963797903	1.0
2889852256739204903	7408729404379090168	1.0
11653668571838562129	14846078422298803903	1.0
5291040806195961238	10901070970390496903	1.0
11019000512488987903	7209635047500680451	1.0
11019000512488987903	11164503850781569977	1.0
6555912352343302903	592389142848299059	1.0
6555912352343302903	18357461926912466409	1.0
5104538577495853310	7368471820341051903	1.0
1474238227395266903	3486107020230059073	1.0
13095866382491154527	7368471820341051903	1.0
2470170313993806428	11411034364479144903	1.0
12832168992854908807	11411034364479144903	1.0
6160066606066048746	10832598906161017903	1.0
13087188276389365470	11427340534316161903	1.0
5563490557817114903	3286163711682698261	1.0
5563490557817114903	14968885425362327438	1.0
5364202471251191483	17532115679989043903	1.0
1119754624946028903	11320625624869555187	1.0
