5631999032014810540	11476951855899146270	1.0
8107102862786740596	48347084258441270	1.0
5600662391807473065	11476951855899146270	1.0
3488160692557313436	11476951855899146270	1.0
8383671323458917270	9239418570142426426	1.0
12402677834190326202	11476951855899146270	1.0
4400713254765302123	11476951855899146270	1.0
5778128392161433764	11476951855899146270	1.0
6365810120262794041	11476951855899146270	1.0
7620184451918837525	48347084258441270	1.0
3622183458353472778	11476951855899146270	1.0
7715625192797152303	11424240225022826270	1.0
4046174634827938353	11476951855899146270	1.0
13663210401351261133	249383274348575270	1.0
11503549463302232270	17381484999803647996	1.0
11503549463302232270	5447865704977461607	1.0
11503549463302232270	14948781860451398755	1.0
11456869554947880165	48347084258441270	1.0
6723095668069600527	48347084258441270	1.0
12962605951565903475	11476951855899146270	1.0
6806315812684532918	12877839766681541270	1.0
3414770503161768270	11162401385182679971	1.0
6819869367796106477	12908695467719925270	1.0
14102786089813504270	7253803764677169094	1.0
1512738915085642803	11476951855899146270	1.0
6426710715707367270	3263699660858632102	1.0
13293522307123081266	249383274348575270	1.0
3198342015700174580	11476951855899146270	1.0
1914555188681502633	11476951855899146270	1.0
7390147412267460819	11476951855899146270	1.0
1965432169487714902	11476951855899146270	1.0
4929294562030712270	15181978724552107457	1.0
5583820747225839496	11424240225022826270	1.0
13921755611969982023	11476951855899146270	1.0
1823394319667424675	11476951855899146270	1.0
15222707923699156449	249383274348575270	1.0
2646431785912405683	7346976784436861270	1.0
9907259036959137270	10138914555777047792	1.0
9907259036959137270	5813418244596568280	1.0
9907259036959137270	14709849728537615508	1.0
9907259036959137270	3766683650796699573	1.0
9907259036959137270	16486307046445065413	1.0
9907259036959137270	9234088829541132510	1.0
9907259036959137270	7972677154676337191	1.0
9907259036959137270	16223038473278645092	1.0
9907259036959137270	11542572850730008869	1.0
9907259036959137270	6938727316426730911	1.0
7149041366301348591	11476951855899146270	1.0
14899995660611079868	11476951855899146270	1.0
4327353222639311427	11476951855899146270	1.0
