3288187689294283727	17240169214275358513	1.0
4230458615991103727	7230968468044946531	1.0
7238248524105906805	2120687373933359727	1.0
6238487859455294727	66898650203531041	1.0
11836564648818240052	12076669958955316727	1.0
4230060059973202763	7227371669077244727	1.0
10614869812940930727	16769464648692692035	1.0
10614869812940930727	17879296921590125992	1.0
10614869812940930727	17541914178656642750	1.0
10614869812940930727	16766046846793430071	1.0
3619966683571961727	13711847269472008250	1.0
10702870655705384466	11336202431934119727	1.0
3096034889042005311	3476881808342484727	1.0
11148337688633662456	11336202431934119727	1.0
7392924564091658777	12076669958955316727	1.0
5971600996554503202	10839563321410904727	1.0
5263560788172515727	7637233865991703732	1.0
5263560788172515727	7658997045256818944	1.0
13192939410739929204	8897896943809132727	1.0
6088679373978095292	7218894202368336727	1.0
2729882923022700945	7224321623848446727	1.0
2941887191935585727	8878845448313674889	1.0
6238582583261818993	11170600934690719727	1.0
5349748533477878488	12076669958955316727	1.0
7248341267314154700	3466702555408452727	1.0
3585127382020719476	10839563321410904727	1.0
5787352801223001167	12076669958955316727	1.0
767154916059266468	858118825028324727	1.0
2152891214566882727	11489576134958892329	1.0
6787410548212360165	7224321623848446727	1.0
7514407442821707170	12076669958955316727	1.0
12342607892678170518	12076669958955316727	1.0
13076127413616029727	8236922166641914161	1.0
5547150118349486194	6836125698968554727	1.0
10306730428739877635	11336202431934119727	1.0
6342644196163273828	12529788553091204727	1.0
12978995404503461653	7213274727363132727	1.0
2151066913993409493	12076669958955316727	1.0
13331623580087017315	2120687373933359727	1.0
6778096671795177233	7371785134478783727	1.0
10279910969601117977	7213274727363132727	1.0
4181739558363265172	12076669958955316727	1.0
3748724868464513124	7395741105614403727	1.0
10585796109260893727	1057809696152501921	1.0
10585796109260893727	7362437391231116133	1.0
10585796109260893727	11421506474061589382	1.0
12749133289902223647	2981931336578964727	1.0
13606579539376849884	2472599046183590727	1.0
951538632956755313	12076669958955316727	1.0
4038498901074116728	10839563321410904727	1.0
