3764548550892979976	16611042244526283146	1.0
3095701703286125976	6344513856205878506	1.0
12175614023196695460	514631036270608976	1.0
5567045459699389398	10454696266106371976	1.0
3091467131893759976	6836145026230197193	1.0
1817303986676877462	7161860336378425976	1.0
18354106509449498976	15744262653188238028	1.0
13991268928241844976	783256316339228115	1.0
5320341567751138267	10454696266106371976	1.0
3848659055219488002	3818244805173376976	1.0
4842943860450762712	6635662828402642976	1.0
5252971805903869614	4577629261359087976	1.0
5323384246450705935	3475026785659395976	1.0
7218059531490597029	8584984777239279976	1.0
7267539190627406976	10978917270766537685	1.0
14998263074045303339	8584984777239279976	1.0
3895697921927764238	5192980014697212976	1.0
6577171422000917976	12146482922178733666	1.0
6577171422000917976	4933932765435495205	1.0
12772344685840833976	8889828951156835223	1.0
12772344685840833976	11420770011705111732	1.0
12772344685840833976	7233466975099252502	1.0
12772344685840833976	7213141518937950861	1.0
12772344685840833976	244236576286824849	1.0
5433845374659694976	11231425148249022990	1.0
5433845374659694976	13056093484357305384	1.0
5433845374659694976	66898650203531041	1.0
5433845374659694976	68164484411468708	1.0
5433845374659694976	13583740433607220055	1.0
5433845374659694976	11413958382563104568	1.0
5433845374659694976	12663473324551896565	1.0
4457821497620304433	10454696266106371976	1.0
6801657801162400976	11492647925652864534	1.0
6801657801162400976	11484246144982752725	1.0
6210293690522339976	8009921658997574420	1.0
18181196137003815976	18011746402538921564	1.0
18181196137003815976	7688323894094465473	1.0
18181196137003815976	18152397948131275681	1.0
18181196137003815976	1278988112879723474	1.0
18181196137003815976	3658064257480306410	1.0
18181196137003815976	1562624089942584623	1.0
4850641267714726976	7392092874143740601	1.0
4850641267714726976	7391419328764887051	1.0
9711407509991837592	10262225001683434976	1.0
12041059298968022976	17270661792996972851	1.0
3586686560553517976	17298478717485955890	1.0
1507329475916614976	11485594790402453284	1.0
11938846494733137878	10454696266106371976	1.0
10743925011773169976	4968906666267929993	1.0
10743925011773169976	17731107748157319422	1.0
