14334719424424791921	7245107198872081121	1.0
2946184061653023585	11411280032383597121	1.0
17884435826738443014	7651132357629376121	1.0
5167845296409824121	8257109567900994973	1.0
5119812778082145650	13365075056831156121	1.0
11281167116486943953	299613595976647121	1.0
12788675121368756463	299613595976647121	1.0
4261690868711033023	7157320736274129121	1.0
4182498033222846820	880626554150683121	1.0
17285827315478179823	2983750749555710121	1.0
4567200059351157790	18354181182156976121	1.0
2507211382997568027	245279935588845121	1.0
2903220115810430752	245279935588845121	1.0
11610282016947121121	11091896420518272205	1.0
5367803941059809176	245279935588845121	1.0
3618531619177780200	245279935588845121	1.0
4828607239533211146	299613595976647121	1.0
7791667884384151526	245279935588845121	1.0
7684769279958712588	11414694509897741121	1.0
2676158684724651817	11655032662562953121	1.0
4997398350800583121	18154785568683464525	1.0
6066717101967844027	245279935588845121	1.0
3868407573218834543	245279935588845121	1.0
16725518298480205569	245279935588845121	1.0
5049065748928572121	12675253283525547011	1.0
4788841644854846121	13592223646929093251	1.0
5104093189455071866	245279935588845121	1.0
2445309039006171204	245279935588845121	1.0
5728047656241663849	245279935588845121	1.0
12875605825962048650	245279935588845121	1.0
7499668133601681976	7245107198872081121	1.0
2987684611314858336	12867630762462053121	1.0
13355006683097459317	245279935588845121	1.0
5376999698135979175	245279935588845121	1.0
2291827006711121483	245279935588845121	1.0
14645860870332974101	245279935588845121	1.0
3319726415009782502	245279935588845121	1.0
5305251156821303764	245279935588845121	1.0
3223962667802141894	245279935588845121	1.0
4350888567807688711	245279935588845121	1.0
213791149954939343	245279935588845121	1.0
1449067888090279548	1924453805545081121	1.0
13413185713989755253	7966210317990708121	1.0
10809951505096877320	299613595976647121	1.0
11957587890580286280	245279935588845121	1.0
3542651466273740710	245279935588845121	1.0
9461808359917330256	245279935588845121	1.0
6185459663149568269	10272767515802346121	1.0
2036078338303454325	14924875138365245121	1.0
3238146265031727490	245279935588845121	1.0
