12872363598790619297	3478211805073103765	1.0
5567443499981610962	12874713648939943765	1.0
6150086106101119700	6912511159794102765	1.0
11827537674135803765	4630183632820823751	1.0
11827537674135803765	4426605511961678936	1.0
2243820367675479654	1428570433063372765	1.0
5803961563325360502	10826406202453359765	1.0
10488480040007243765	7240149852960576572	1.0
10488480040007243765	7253803764677169094	1.0
5084695391060068229	3478211805073103765	1.0
14055262115509008765	11469432124181950944	1.0
4469213808040417085	12874713648939943765	1.0
12918182769494965600	12874713648939943765	1.0
7381475493262541765	9269074356571054490	1.0
4640368954820691765	14477119089085011262	1.0
4640368954820691765	6972265348340555735	1.0
4640368954820691765	12662000262458651061	1.0
4640368954820691765	11425197886795910625	1.0
4782090901411303492	769310256270890765	1.0
15636372652692235765	10475743336880219911	1.0
15636372652692235765	9270629367325585940	1.0
15636372652692235765	7357457947787068472	1.0
15636372652692235765	11423493046756320933	1.0
15636372652692235765	7219971010856553415	1.0
13318443996248552148	3478211805073103765	1.0
14383353486240174538	769310256270890765	1.0
15118250229915082951	3478211805073103765	1.0
11217228264718998765	7392092874143740601	1.0
13385532986744947765	7374709758056726902	1.0
13715010764746022456	769310256270890765	1.0
4779420389088837537	769310256270890765	1.0
6506474791867427284	10831729883233593765	1.0
11895524040489091765	11412739372015368048	1.0
4995075383039778430	769310256270890765	1.0
6550360363888390912	3478211805073103765	1.0
12199897990277931143	17812425676322243765	1.0
18331890824669511761	11330400944731073765	1.0
14091905393395324819	3474672799258141765	1.0
3355417555228885404	769310256270890765	1.0
1560601281394955765	7224242227029544560	1.0
12622947391920119326	769310256270890765	1.0
18304530963284676765	13592223646929093251	1.0
1095585280621805919	17934321226445733765	1.0
13175089726203037202	11425512914125364765	1.0
1720324969094038005	769310256270890765	1.0
7296897371096483270	769310256270890765	1.0
5614978118676809361	769310256270890765	1.0
13913055082462932923	11425512914125364765	1.0
2107704271475729357	12065197830502270765	1.0
4646743951469801186	12269934070223264765	1.0
