8110256701015996708	11488568647332026443	1.0
5205292190332829443	10478925959192468037	1.0
5205292190332829443	357697845429538190	1.0
11575936179439059990	7232404859673704443	1.0
12032170701276667443	12876971594903728354	1.0
12032170701276667443	3341093231936681029	1.0
6570363834825963443	15059366169562772737	1.0
14041758240123743118	11488568647332026443	1.0
6836245430849091108	10165622791648881443	1.0
6895703312577516383	11472273171983958443	1.0
4731030582501566082	11472273171983958443	1.0
13404825202413507677	11472273171983958443	1.0
16241184493135331224	761796819124816443	1.0
9916298880432682881	11472273171983958443	1.0
14248795150364199443	6826678097923363936	1.0
1966895966714031307	11488568647332026443	1.0
6567792008816419209	9932440062408058443	1.0
3616505235005067443	8652715823684756217	1.0
3616505235005067443	1319356472953415644	1.0
2381685093317410104	11472273171983958443	1.0
2593987790778691443	13917448028044604936	1.0
2593987790778691443	14029448714579065994	1.0
4058464533194752443	11431221333677921666	1.0
4886156239309027069	5843610295905811443	1.0
11592244849938790396	10749827066101152443	1.0
633467505166656836	11472273171983958443	1.0
5892442516040378131	11179126720403183443	1.0
2666423373030648508	11472273171983958443	1.0
2799142021527696103	11317366891399563443	1.0
12377084957402586686	10269457260297350443	1.0
5431026340540987309	11472273171983958443	1.0
640917547175965717	2757667940750944443	1.0
4493767732837243443	15413414162488844382	1.0
4493767732837243443	1918912704019647786	1.0
4493767732837243443	8282879571298243057	1.0
4493767732837243443	10441606309316844307	1.0
4493767732837243443	10414479373406856399	1.0
4493767732837243443	17541749058578598654	1.0
1812508634997576937	10386521919460447443	1.0
4845131224616346983	11472273171983958443	1.0
2138264247320448940	17201951077183643443	1.0
5079884645432170443	3051396202579784158	1.0
17862766711355053443	13592223646929093251	1.0
2348349243882868809	7511105880502912443	1.0
12588648130090433553	11488568647332026443	1.0
5631368724055029884	11472273171983958443	1.0
12304682506488974443	8653855793580072493	1.0
4850191610933201430	11472273171983958443	1.0
11865109299162929576	761796819124816443	1.0
13501543536939121189	11472273171983958443	1.0
