3560041567458478123	17025972914747447485	1.0
1664014474137020485	11243257224870776361	1.0
1664014474137020485	11408689767502347663	1.0
4024553703938259816	2644114176188026485	1.0
2793486200652185485	3464694963094032590	1.0
1196203807747264485	10428718327364672729	1.0
4184243449958027485	11428972935507009685	1.0
3330632524995657485	7361305345180157254	1.0
3330632524995657485	7367273017582563491	1.0
3506819603458571485	10266298092822023490	1.0
1378214662876253917	1741441821460799485	1.0
14459039185635923485	11479445466732858945	1.0
14459039185635923485	11493025771179646791	1.0
14459039185635923485	11484042395995317082	1.0
14459039185635923485	11489668674357125344	1.0
3403406200644629713	18112354359374153485	1.0
3403406200644629713	14780823562951814485	1.0
7462964042995886485	7411685501417069546	1.0
1532176334630816741	880284490072871485	1.0
5974187060355941107	16468959356610300485	1.0
5905638554335931587	12876961995675223485	1.0
6898843792556901485	10691543491527067649	1.0
6898843792556901485	11863411277342155647	1.0
3046177849581769555	2992210346382600485	1.0
4994050046039375485	13592223646929093251	1.0
5442613129383211067	2134285548976492485	1.0
14245859819623198897	2644114176188026485	1.0
1686355055689757787	4577371249798768485	1.0
6022242095238865485	10977786925529284541	1.0
6022242095238865485	3474015926875544166	1.0
6022242095238865485	11489094978386948987	1.0
6022242095238865485	11470560691214334066	1.0
13432193434134069116	2644114176188026485	1.0
4272020347753855485	5631954746594282187	1.0
12625173015649311485	11342551179641317993	1.0
5772731351785288485	9934350118837539362	1.0
6227568687559360420	4086014785932719485	1.0
6695772876242143382	4257117567831548485	1.0
2451673357617564515	1894112030339236485	1.0
7051688412132365485	6862493462284322327	1.0
7051688412132365485	7228597182160519219	1.0
5667757235016543485	3478211805073103765	1.0
9445694505544868073	1896049958648675485	1.0
5326371087423680485	9337308614321829080	1.0
12461454481065353485	580642724720270906	1.0
3391043209462500485	66898650203531041	1.0
16051045788256710485	7211797550670911668	1.0
16051045788256710485	11417314036237484597	1.0
16051045788256710485	7216662477376185316	1.0
3970301560373387461	16606217072018047485	1.0
