4191429582271155431	43302134022130131	1.0
12562720357524622922	11516941647281704131	1.0
2321471119883295014	50553761302836131	1.0
16227756959376524445	873132927132688131	1.0
4361461052754638356	12256061909901970131	1.0
6487062716169980088	43302134022130131	1.0
6335274037291452837	43302134022130131	1.0
304683974157724020	50553761302836131	1.0
10892341041742970131	16222892252483578317	1.0
6462897969843250010	43302134022130131	1.0
3632330462017435290	11424923614516605131	1.0
12137605844253230204	6819522553517914131	1.0
18137774469285497611	6906320242801979131	1.0
4529811380227434254	11516941647281704131	1.0
3668361084965013131	11433832270103215563	1.0
3668361084965013131	11412715869995610362	1.0
3668361084965013131	11241753780019324805	1.0
3668361084965013131	7227848054013958872	1.0
3668361084965013131	7215500692925241015	1.0
3668361084965013131	66898650203531041	1.0
3745643581461488906	11934005954921937131	1.0
5677157093862835131	11231425148249022990	1.0
6049099014476548812	7357602271546094131	1.0
3208808648992019118	16058701387239972131	1.0
13507481999897872268	50553761302836131	1.0
6780827848706805008	17508688095248689131	1.0
16827096264584240349	50553761302836131	1.0
5784340933483314345	11516941647281704131	1.0
4840073616165146131	11420806630616189517	1.0
4840073616165146131	11415435335899697863	1.0
4840073616165146131	66898650203531041	1.0
4840073616165146131	11424242342480611224	1.0
4840073616165146131	7232765860250479691	1.0
4840073616165146131	7231897971868761215	1.0
4840073616165146131	11428244440352538494	1.0
4840073616165146131	16973115403653467511	1.0
4840073616165146131	13592223646929093251	1.0
4840073616165146131	11416289811014711219	1.0
4262472472912352646	50553761302836131	1.0
6273170750708740448	12773948261276888131	1.0
17068617324017075131	12873740478116418316	1.0
12950282555314130503	10835655889044962131	1.0
7259656426060103131	6746396435587314748	1.0
2381187443238391131	17984336389610014281	1.0
2381187443238391131	10848213226611873421	1.0
2381187443238391131	17786623010344480375	1.0
2381187443238391131	14876041267101034516	1.0
2381187443238391131	7062511299523850767	1.0
2381187443238391131	13572721975025232962	1.0
2381187443238391131	11291014746000896861	1.0
