5118230190083537703	13039015032167543021	1.0
14244938033705201231	7353344326900075703	1.0
6028523502299634805	11219761799373503703	1.0
7200673096110428969	4056851996418521703	1.0
3083950208699792578	2336833518561354703	1.0
2703162669223575703	12871619704890141754	1.0
2703162669223575703	12865371425087666252	1.0
4637996423058277669	7353344326900075703	1.0
3456251090632188703	11428449464780941844	1.0
5203555247735683703	245279935588845121	1.0
5203555247735683703	11425956472458030619	1.0
5203555247735683703	7232746726158991080	1.0
5203555247735683703	11412739372015368048	1.0
5203555247735683703	2397165315647196875	1.0
5203555247735683703	11412620740724731669	1.0
1305786055113216926	11219761799373503703	1.0
8561864123038543482	11219761799373503703	1.0
18089553221708252647	7354994096902803703	1.0
18277532563331393114	7354994096902803703	1.0
4406046281108347359	10117526407276821703	1.0
5490525412076341703	12662000262458651061	1.0
6016037582378944884	12869985413915935703	1.0
8349200204756334930	11418495096359786703	1.0
13044480491260768224	1415345615961390703	1.0
5450196652914129895	875184980769583703	1.0
3719562643213397338	11219761799373503703	1.0
4125721653579103703	3467113111267163170	1.0
5983618306791490703	2579420152725583066	1.0
5983618306791490703	2774850106411057974	1.0
5983618306791490703	11476951855899146270	1.0
5983618306791490703	11479746475212126676	1.0
9335933622815810703	16686713515823510589	1.0
10518523526608815745	11418495096359786703	1.0
14287510196313177451	11219761799373503703	1.0
6977144677554811068	12869985413915935703	1.0
2798733671148188703	7385641154255146659	1.0
2798733671148188703	7378094931109723767	1.0
5862536538190511484	11470901282090389703	1.0
6891890425431931372	7349721165462573703	1.0
946870912623055703	10461232759614355951	1.0
946870912623055703	7226782691586906912	1.0
946870912623055703	10468125744081372797	1.0
4648830208005242703	6744115220180091895	1.0
4648830208005242703	7208159150626835399	1.0
4648830208005242703	3471563766937355366	1.0
4648830208005242703	45628649213826950	1.0
4648830208005242703	11409204115716671192	1.0
4648830208005242703	7357467031642220798	1.0
4648830208005242703	11425353317358425546	1.0
4648830208005242703	11420141361711324756	1.0
