5222941415684462167	10747708430937126557	1.0
6198622364409392557	11307803455873825737	1.0
4006415237912028557	10404013273029360440	1.0
4006415237912028557	11414233311991521321	1.0
4006415237912028557	10469043870825576277	1.0
4006415237912028557	10464983906866376138	1.0
4006415237912028557	3477030126447186393	1.0
17481351135824823617	6369412006965189557	1.0
7503860949583888888	10583622056116453557	1.0
4474074345638533557	15599001073889464937	1.0
4474074345638533557	11864519357921012421	1.0
4474074345638533557	862174730139138495	1.0
5855445714542721557	7408262614396089276	1.0
5855445714542721557	7220898002191160392	1.0
17329707785498638634	7238620978771183557	1.0
1762147910953609366	11428244427391605557	1.0
5092825248362914474	7238620978771183557	1.0
12695541628333148325	7238620978771183557	1.0
4803145702490188495	7238620978771183557	1.0
4743339330865752009	7238620978771183557	1.0
12215883765366611168	767875427867441557	1.0
4975958859761747648	11471634845356896557	1.0
2169504865023924892	7238620978771183557	1.0
5938967364639848533	7238620978771183557	1.0
3007496222617078345	9161314469175933557	1.0
4766317629980337738	16058642013611841557	1.0
7888597454165027350	7238620978771183557	1.0
6417270876791277577	872910052581768557	1.0
5947464112486348371	7044466105658279557	1.0
4547432459489505398	7238620978771183557	1.0
6179961997338754557	854148385450849213	1.0
6780224935058347172	7238620978771183557	1.0
13415122898148745108	7238620978771183557	1.0
14715190553642985557	11416289811014711219	1.0
12846413002780851362	7238620978771183557	1.0
2303281469300487670	11337252182042725557	1.0
12700509914769347985	6916319155591554557	1.0
3486529209960498862	7238620978771183557	1.0
12865651664019218655	16820702532422339557	1.0
4136985673297030868	7238620978771183557	1.0
17418468670138982557	68164484411468708	1.0
766109585666787785	5891797386380733557	1.0
6188434932919598579	7238620978771183557	1.0
1155405173840497374	7238620978771183557	1.0
1973197624703038940	10747708430937126557	1.0
10670638020818799557	7213274727363132727	1.0
10670638020818799557	11413805911200607923	1.0
10670638020818799557	7360838392038274342	1.0
10670638020818799557	7224302141846837869	1.0
10670638020818799557	7209605360686615164	1.0
