6696252290052997450	13259977635054426755	1.0
6338409631280613801	14322645206681422450	1.0
5916478310508418450	11691601798200566609	1.0
5916478310508418450	8167278845812124341	1.0
5916478310508418450	12873740478116418316	1.0
5916478310508418450	12876323578828899142	1.0
5916478310508418450	11645852290814701646	1.0
6747176960457083515	12893968848354001450	1.0
5601714989609805382	3480794957390128450	1.0
14994856752264893170	15588208568230934450	1.0
3400137287773383450	315008506872229522	1.0
3400137287773383450	7547993978230588213	1.0
3400137287773383450	304005200021140985	1.0
3400137287773383450	305697399959652315	1.0
8046666303399357450	2505693857164519474	1.0
11032115380989473675	3480794957390128450	1.0
3244885794652776149	16125131589914748450	1.0
2675577168509277450	45628649213826950	1.0
11702948456997978745	10831831439646711450	1.0
5548523069378384185	6667082563749747450	1.0
4108710438714274137	1067320433196952450	1.0
14135260889012827450	7387681534397529238	1.0
13456691876820963450	11239193081889644486	1.0
13456691876820963450	11414853458098970883	1.0
13456691876820963450	11425926588099752645	1.0
13456691876820963450	10281342426916350915	1.0
6914053066639687137	11292074258629860450	1.0
1102301294858149069	10519795002481726450	1.0
9319784344972001645	16381862753537528450	1.0
9706893671931145654	13642001495323181450	1.0
5404850992689493649	10499708875708375450	1.0
1135373922042217450	7225008092657691581	1.0
3996130504406258450	245279935588845121	1.0
3996130504406258450	3478702612521824767	1.0
3996130504406258450	7228186510344191208	1.0
3996130504406258450	3469496736508267150	1.0
3996130504406258450	254420369069762829	1.0
3996130504406258450	7231517695463935251	1.0
3996130504406258450	16861555329051508158	1.0
3996130504406258450	11425197886795910625	1.0
3996130504406258450	6122886072802747996	1.0
3996130504406258450	11428225319142231551	1.0
3996130504406258450	11432556694898917174	1.0
13165287962072054185	10831831439646711450	1.0
7701182294678422450	7235901572043644902	1.0
7701182294678422450	10264631456548337109	1.0
7701182294678422450	3926498045207320381	1.0
7701182294678422450	1418402192337974610	1.0
7115357161106254450	6149552935324618758	1.0
7115357161106254450	3478545811761624229	1.0
