1495736010698353024	3491541223322754438	1.0
6447932875729586729	12873216968852232438	1.0
5912244205339089047	7226812301142898438	1.0
1488772610074161176	7373577836408021438	1.0
12466959075577815397	2784229056563786438	1.0
4693664237436695484	863850656602252438	1.0
6323972032416419176	12873216968852232438	1.0
7866235049221519438	7383544527342894634	1.0
1220336256410441992	7376066813162372438	1.0
3482788057416659438	11716489760216983423	1.0
3482788057416659438	3673405575050510321	1.0
4985643987279037067	3491541223322754438	1.0
5987509426167688438	6329805079200513733	1.0
5987509426167688438	3297742016009994816	1.0
585136053900680438	12881392834258321843	1.0
16179031616250610226	7244465264471599438	1.0
5930405987516795974	15999144867675808438	1.0
2495256007102512604	9297620131567209438	1.0
6892731549531940559	3657408322006151438	1.0
2729381829169284438	3489191566899240050	1.0
6059070135360147499	8752682114759754438	1.0
2711849678280637608	12272967120401689438	1.0
12755797116609672472	1072525746993005438	1.0
4681928224532036438	11420806630616189517	1.0
4681928224532036438	11423141151529720873	1.0
4681928224532036438	11416157998543514980	1.0
4681928224532036438	18436570291296886	1.0
4681928224532036438	885986623652790364	1.0
4681928224532036438	11428244440352538494	1.0
4681928224532036438	11425197886795910625	1.0
4681928224532036438	11416187685357580267	1.0
4681928224532036438	10479889285987522040	1.0
4681928224532036438	23123461884848761	1.0
4681928224532036438	11429814100593829351	1.0
4681928224532036438	11429241474014718446	1.0
4681928224532036438	11419333001612376953	1.0
1014783893756264807	17237875874249729438	1.0
3036386198892755618	866760677319013438	1.0
6949876070041167438	8576670272688410600	1.0
1354827199614228675	14968885425362327438	1.0
9891609555162849342	6025234783544297438	1.0
14322004851654479955	12873216968852232438	1.0
6338722148125857735	1504059906937301438	1.0
5269768394607805438	10427401182098326208	1.0
11836368652457573438	11479663638191781740	1.0
11836368652457573438	11487584300994713202	1.0
203363303299567357	12268254703577278438	1.0
6819092786410102145	13188603427075958438	1.0
5877806917100041496	17278221841682880438	1.0
12815494228060589438	7214248040028891632	1.0
