13029132701560556888	72009399301634575	1.0
1295634553044974426	15895664541883807575	1.0
3358749126919165575	12873691038704218555	1.0
12437823851820199294	72009399301634575	1.0
2168613973009461447	72009399301634575	1.0
6643972902295248575	3474195314892560771	1.0
5310133421807650575	15686086706801272435	1.0
5310133421807650575	3477030126447186393	1.0
5310133421807650575	63954587424962819	1.0
5497766324502825575	9353122722503473396	1.0
5497766324502825575	10239336496037347434	1.0
952988673930422075	15895664541883807575	1.0
5948857525379431083	11997457113997137575	1.0
12801997921650786685	72009399301634575	1.0
2995240253245707575	7349917419664270916	1.0
2995240253245707575	11427685742371201287	1.0
2995240253245707575	11429283813820732898	1.0
2995240253245707575	11418167545031208425	1.0
2995240253245707575	11432228615184036914	1.0
5954361727820212351	72009399301634575	1.0
3458646439039641587	72009399301634575	1.0
4137942949724025575	3478211805073103765	1.0
4137942949724025575	3468310870332463418	1.0
4137942949724025575	12865889020162258376	1.0
11785255896000032966	72009399301634575	1.0
17954736096060283368	15184309637800446575	1.0
3955134573518821420	2085280522094607575	1.0
13104061901938636730	72009399301634575	1.0
5673946073242751263	72009399301634575	1.0
2225006850199956159	72009399301634575	1.0
15000272629250789521	72009399301634575	1.0
11698721706644427249	11327552535212408575	1.0
3110715551588307720	72009399301634575	1.0
7152865187897195797	72009399301634575	1.0
1306275305333968575	10582221903288974980	1.0
7203594447439231879	72009399301634575	1.0
12578711406384884575	321545335500917889	1.0
12578711406384884575	61425642137026387	1.0
12578711406384884575	7370115929509272454	1.0
12578711406384884575	11419711100392284676	1.0
12578711406384884575	11428386715391054874	1.0
12578711406384884575	7208079079615152824	1.0
12578711406384884575	11425185427042672366	1.0
12578711406384884575	55771141589503044	1.0
12578711406384884575	52967245157953716	1.0
12578711406384884575	7226795756879699002	1.0
12578711406384884575	1057690948896240773	1.0
12578711406384884575	57407678714525740	1.0
13251557559216124575	3141721708713945229	1.0
13251557559216124575	9317175804743677142	1.0
