5362068510647197064	7405831400939034785	1.0
14657447286099032841	7365123098668117064	1.0
12319924598823438929	7411738458473737064	1.0
933019016010931620	6304622891451354064	1.0
5350400769799887141	7365123098668117064	1.0
5388525169345544519	11325084960629124064	1.0
12401169643456297064	11411373117077485667	1.0
12401169643456297064	7237057434591814987	1.0
3965810908147153207	7365123098668117064	1.0
4368571582958973112	10858369896773200064	1.0
13016686084017518304	1315167946033024064	1.0
6837367658209788061	14917385293227880064	1.0
10594998185460366870	7365123098668117064	1.0
3414461595664320426	12854361366420027064	1.0
2842066206495322064	14717535192148993150	1.0
1678868692155193064	12995423572420157046	1.0
4262594676827387064	8052068705177515065	1.0
12523059154778471239	20609759217697064	1.0
5372767343020721991	3466589885535503064	1.0
17930596241105841938	6218133896356694064	1.0
849742704794528535	1280450282208191064	1.0
13090700507953470064	7218138679477965306	1.0
15110471097708931064	12120083278909978104	1.0
12820941943344665950	2403095850443418064	1.0
13090699395248598217	11760843439206688064	1.0
11634333712741718518	9522180170003759064	1.0
10539937742216472064	10978917270766537685	1.0
10539937742216472064	7215821892087582113	1.0
10539937742216472064	10981508991471671761	1.0
4040282910738490064	3488732190166132575	1.0
4040282910738490064	11655122105883566810	1.0
5790854870333723064	7767125449959015778	1.0
5790854870333723064	17330230862698454230	1.0
5790854870333723064	7230633245825612169	1.0
11450779230982665982	16085975617893517064	1.0
2168222617051504401	7365123098668117064	1.0
13230820774677935064	13592223646929093251	1.0
13230820774677935064	13592253333743158538	1.0
13230820774677935064	11417935664102390719	1.0
6198395133525795064	10872192634165196703	1.0
3215965095692397002	7411738458473737064	1.0
12283121908397292064	2667919702608545688	1.0
4980230626786325060	7411738458473737064	1.0
5584893895908205064	7361936817076730874	1.0
5584893895908205064	7361700018301931262	1.0
5584893895908205064	7361966503890796161	1.0
5584893895908205064	7355281885509083280	1.0
5584893895908205064	7346330748347077405	1.0
5584893895908205064	10323695683411247717	1.0
8137118851089660804	1280450282208191064	1.0
