3575523494348622395	13175748568495878930	1.0
79495833684244871	13214392900336406930	1.0
4087474733649155555	6665986029409148930	1.0
17317035363943608930	11414296448034057216	1.0
7120562146936132022	11482661022823085930	1.0
14302232609619413930	7357635952705835425	1.0
14302232609619413930	7356298779007090550	1.0
8756929151522435975	878732726928682930	1.0
16573075831322943930	13938013229023413841	1.0
16573075831322943930	11431619833604096439	1.0
16573075831322943930	11413641512804591293	1.0
3542718855661756930	8080137279505552913	1.0
3542718855661756930	8933813393610411358	1.0
3542718855661756930	5218358740622174385	1.0
10300604589250388049	16425133097634019930	1.0
3790774180686574930	9556421576004266996	1.0
13132716866933731613	11410885698477568930	1.0
2570083309978742331	10979559011845395930	1.0
2338582917731702930	7934087535323707054	1.0
3306469892010046930	5941867794555800642	1.0
11954964605840568930	9147327586476125789	1.0
11954964605840568930	1393452010649612704	1.0
5603181678912896926	12872647705209711930	1.0
14766139723795337693	17641322460177900930	1.0
12992470843120443930	869866565689195839	1.0
12992470843120443930	12273144648437338104	1.0
12992470843120443930	9353977455274421251	1.0
2310399301807925930	17523184231071809410	1.0
2310399301807925930	3481381048648271873	1.0
2310399301807925930	7346023232973772352	1.0
2310399301807925930	11335182420107023652	1.0
2310399301807925930	13592223646929093251	1.0
2310399301807925930	11488714482865715361	1.0
2310399301807925930	3488871518904369497	1.0
2310399301807925930	11478527958656052007	1.0
4030929556295629920	9859564504876432930	1.0
1531783740160415930	650910950305067560	1.0
1849303104145619867	11482661022823085930	1.0
4148279440627962830	2565002424170128930	1.0
7454005389903458296	11419929130128332930	1.0
4983756837164899867	11482661022823085930	1.0
6562146157528619919	9296141274482739930	1.0
3994034859542752930	305727086773717602	1.0
3994034859542752930	305697399959652315	1.0
11881769652990699739	12861428018014702930	1.0
4987150554319761823	10768183760948565930	1.0
6886126832052822728	12861428018014702930	1.0
6226071026744841930	3465012979625614078	1.0
7092281482485529063	11419800667646403930	1.0
3339359960812292570	12861428018014702930	1.0
