5668752145830575038	7231862113266417114	1.0
5668752145830575038	7228487647616431439	1.0
5668752145830575038	11433891643731346137	1.0
7127231234349971027	13500865563326421038	1.0
3052449316989638139	4169107159145057038	1.0
7585424019546130165	4387842047730298038	1.0
13519559421454814038	3472593180465594332	1.0
4186899013131481038	11317551248606449792	1.0
4186899013131481038	11483081770760898780	1.0
4186899013131481038	1285313955545922807	1.0
4186899013131481038	6587217144238213168	1.0
3529903187821731842	12866792444980911038	1.0
4074392212075393038	18445119899515765015	1.0
12495383371228674038	867798044990530946	1.0
12495383371228674038	4575748499403652871	1.0
12495383371228674038	11471882342787482317	1.0
12495383371228674038	11492379954077893951	1.0
7292966278818314941	9234702738939274038	1.0
6891420365847745038	5554872733173285630	1.0
6891420365847745038	12216710009716991571	1.0
6891420365847745038	8919912300370088836	1.0
6891420365847745038	12220117318978476624	1.0
6891420365847745038	7215518813840904969	1.0
6891420365847745038	17635946291553536813	1.0
11340227302575654041	11490211150304966038	1.0
6028522622557089734	11326904325916998038	1.0
12240355076923085038	7161267450517499791	1.0
12240355076923085038	8073167088294197024	1.0
1532575726814826613	9769119739910550038	1.0
13718038582742662628	6615315924969139038	1.0
6160550792514742334	7636064315283192038	1.0
1685973782705352009	9234702738939274038	1.0
7677494580379458415	12866792444980911038	1.0
1815904059867165038	7362632872398687963	1.0
1815904059867165038	11475461626798345386	1.0
1815904059867165038	11486740687833037503	1.0
1815904059867165038	10468480392496120175	1.0
5904352429778598038	245279935588845121	1.0
5904352429778598038	11410987914396521735	1.0
5904352429778598038	11430887739296148201	1.0
5904352429778598038	16872580209461235651	1.0
5904352429778598038	7228487647616431439	1.0
5904352429778598038	7363874388560186852	1.0
5904352429778598038	11425197886795910625	1.0
5904352429778598038	11419111016148322552	1.0
5904352429778598038	11415454869391343815	1.0
5904352429778598038	10476779248618710302	1.0
14004203755047334864	14088972210857734038	1.0
13005714250228956038	12866452008812479916	1.0
13005714250228956038	11419740787206349963	1.0
