11655937385876408187	11645981281582362810	1.0
5702188997548399187	3483404850069645391	1.0
5702188997548399187	3478656059372752475	1.0
297306569900038732	11320625624869555187	1.0
5404333100106974187	15604808801768530741	1.0
12678697582833006187	5822339444420176181	1.0
2506125551572105117	874503773268159187	1.0
17421913806964698742	4646561978513568187	1.0
1603012078920988560	7231729074340624187	1.0
2668948809673351187	6897840908510950140	1.0
11393331311817662187	8860262048999256793	1.0
13428943707383492097	866652173586440187	1.0
6523973695403026321	13383837076075832187	1.0
1780017332002102532	3939051385866509187	1.0
3886598883076978484	11344815563745456187	1.0
5934893692721898770	1307627699692051187	1.0
7218442264102271106	11068093015474908187	1.0
6635343494192769187	10379413303781502	1.0
4124727555250019187	320466181982646874	1.0
1171543264961826243	3473129523051682187	1.0
6244100685396543187	16953684848752612048	1.0
6244100685396543187	11432791706825889555	1.0
2866723712105401187	11492379954077893951	1.0
2083364291932284770	3473129523051682187	1.0
6295138387437203863	3229356577204584187	1.0
14137806068876826670	325244414779629187	1.0
5031128648683081187	6252932685278391896	1.0
13421292850328489642	7374394739490359187	1.0
13381713785739981800	12857106705288555187	1.0
1658891993169086187	12070622412573027536	1.0
10670469784482334250	3480172749688175187	1.0
11993811849680006628	10981449617843541187	1.0
14373953022211756187	3577589733646146028	1.0
7512779661734397792	11356528883873972187	1.0
13227528944800329187	7362603069618997907	1.0
13227528944800329187	19046253729236212	1.0
13227528944800329187	11422476114460065813	1.0
2446544695091626187	14746212769883334	1.0
2446544695091626187	7859283481250320082	1.0
2446544695091626187	11412739372015368048	1.0
2446544695091626187	7664671623258261672	1.0
2446544695091626187	16067972426607982381	1.0
6010432356021291187	11423698513645221030	1.0
6010432356021291187	11412709685201302761	1.0
6010432356021291187	11488369442392272946	1.0
6010432356021291187	7216688672332304192	1.0
6010432356021291187	249531708418901705	1.0
6010432356021291187	16861555329051508158	1.0
6010432356021291187	11243257224870776361	1.0
6010432356021291187	1061330435551545705	1.0
