3355271934525604242	10531948463757361740	1.0
5004834175737277863	10977214956201253740	1.0
1897469716597256740	11331083531008563368	1.0
1897469716597256740	11485110953799400302	1.0
12774221075054137270	12278480149017728740	1.0
7165583380794788740	11483951862407797249	1.0
7165583380794788740	11483942937473963360	1.0
7165583380794788740	11483081770760898780	1.0
7165583380794788740	11469004182181366672	1.0
7165583380794788740	12876995264475429866	1.0
7781002334389987237	11479663638191781740	1.0
11925150789932954740	11413347243037743688	1.0
5104351794594827744	11479663638191781740	1.0
11825515047655251500	57407678714525740	1.0
7213345874075394959	12278480149017728740	1.0
5655470465610900215	5572210481089370740	1.0
5796838932563434980	867974082783840740	1.0
4211114598625914808	10319807076562152740	1.0
12595131831101671740	8715677124709838561	1.0
8221290246997778107	863642071505264740	1.0
2673677697089686740	2664539168151390937	1.0
2673677697089686740	6842435732989675393	1.0
2673677697089686740	873460581428697618	1.0
17432063864583858804	57407678714525740	1.0
7005755234840528509	1326484007433874740	1.0
1334726714141913334	3485339033841210740	1.0
4781643004810084660	10274062908398202740	1.0
5227458793457682683	10977214956201253740	1.0
5538524836790139872	57407678714525740	1.0
5369873453409431311	7346576068233081740	1.0
14965649836456631763	7227477067550212740	1.0
4234547910076801014	7228602671177915740	1.0
6276240609113215849	11479663638191781740	1.0
12863435001797024340	7362189254113140740	1.0
5120445002006687513	57407678714525740	1.0
2699974303364030368	7346576068233081740	1.0
3002263074659040028	57407678714525740	1.0
10323964037083969564	57407678714525740	1.0
6841187911549258399	7246703857225703740	1.0
4862188407695920655	7227477067550212740	1.0
18060345531743820454	10977214956201253740	1.0
18060345531743820454	57407678714525740	1.0
3895607987748653032	7355733161930976740	1.0
3649106244047368342	10977214956201253740	1.0
5499376515171806740	14921423438371299602	1.0
5499376515171806740	10289794925880570229	1.0
5499376515171806740	4303528312920174073	1.0
4932150812399083740	17631376551432651128	1.0
13411310273785261740	8324291091181994646	1.0
4753868598619887740	11327913961132972353	1.0
