2317213277800636560	18009031554099704504	1.0
2317213277800636560	3466989076942572748	1.0
2317213277800636560	150935580957965799	1.0
2317213277800636560	734676774988573697	1.0
2317213277800636560	6410114584195649388	1.0
2317213277800636560	3483265998088116441	1.0
2317213277800636560	10736519036096792635	1.0
5844857887935157127	12869295453140723560	1.0
5861104476188218697	7224242227029544560	1.0
1567110064540438560	16460705778141914432	1.0
7743154567272898862	11433930259724999560	1.0
3806463155214647543	11433930259724999560	1.0
7565721380501046560	12076907337502214254	1.0
16953195171948743560	1635465968051276667	1.0
5848984318886901257	11484171077572716560	1.0
32129018006854282	11433930259724999560	1.0
5702652642149234602	12869295453140723560	1.0
7095838587374448924	9315120569245356560	1.0
11372547428556855588	11332930800720204560	1.0
13860462036667963065	11433930259724999560	1.0
4647578345493222304	7224242227029544560	1.0
12942665273444668560	10968038354788721829	1.0
12942665273444668560	7363612846474744226	1.0
12942665273444668560	10461232759614355951	1.0
12942665273444668560	7368461860244050714	1.0
12942665273444668560	7367541105118971147	1.0
12942665273444668560	11412620740724731669	1.0
14310182577170652560	882952671629747646	1.0
14310182577170652560	11420806630616189517	1.0
14310182577170652560	63954587424962819	1.0
14310182577170652560	11405339074587686974	1.0
14310182577170652560	64057099757674227	1.0
14310182577170652560	11410444459306301840	1.0
14310182577170652560	7376868524601727351	1.0
12726214202529136506	11433930259724999560	1.0
5924321949588154560	12662000262458651061	1.0
6048005457415459025	17726714987375779560	1.0
15071331900529540931	9369865471238294560	1.0
9828809859069723642	5466805783562559560	1.0
2907693955357227525	12264707885302119560	1.0
2597702037786799661	11433930259724999560	1.0
5222194027273258213	7224242227029544560	1.0
16438003558319622702	11484171077572716560	1.0
4077499602745212667	7224242227029544560	1.0
1209614716448598302	11433930259724999560	1.0
5929612094747134528	7224242227029544560	1.0
5495118465494273861	7224242227029544560	1.0
5763460919904291626	7224242227029544560	1.0
4104248754192506892	7224242227029544560	1.0
5105295281987426862	7363464528370042560	1.0
