11099010115401009854	17716861490964009501	1.0
11062582594037644854	16827275765063491619	1.0
4425200274921000854	6820213953106515891	1.0
4425200274921000854	3484138585121348045	1.0
6619225521910818854	11411677823631655739	1.0
6619225521910818854	7228487647616431439	1.0
5583615706276980950	295561362936899854	1.0
11522207614054128907	1825925710917396854	1.0
11866712832999098352	8026881174897284854	1.0
2610524003925705787	7220936940367040854	1.0
7765125047021963599	295561362936899854	1.0
13928536966353682854	11471795661789749706	1.0
2288206056905748854	12148697742626697789	1.0
2288206056905748854	12862630389744376153	1.0
1786539742096285854	10638231389129541158	1.0
4372841820349719854	1049176824748243018	1.0
4372841820349719854	7226778452466940108	1.0
4372841820349719854	7213145654973255852	1.0
4372841820349719854	61633333869858627	1.0
4372841820349719854	6314328163766960095	1.0
4372841820349719854	12663473324551896565	1.0
4372841820349719854	3184866492477596	1.0
4950958645863710425	1100482571732826854	1.0
6306566475280011854	343547569227818020	1.0
6306566475280011854	8621232159753623443	1.0
4919748106192521242	8026881174897284854	1.0
13574358981447536699	9039123178481156854	1.0
4496658956681123854	13592223646929093251	1.0
4496658956681123854	7547993978230588213	1.0
4496658956681123854	7364514020873296961	1.0
4496658956681123854	13583740433607220055	1.0
5972121914169171854	9835833800201050710	1.0
5972121914169171854	7228487647616431439	1.0
14301158304960817721	11425764637840171854	1.0
13144019016973385444	13934625230181612854	1.0
4261370333505348644	12063748897463325854	1.0
18059704629034572213	8026881174897284854	1.0
14193266934880518854	3474202749427502004	1.0
5438688695446202854	8573710541097219585	1.0
3118128854333783480	15612723692028528854	1.0
17816543758556799854	16830686849663145431	1.0
12618142147689247960	11425764637840171854	1.0
1407246508605967854	7217685667365560809	1.0
1407246508605967854	11757172534248170629	1.0
1407246508605967854	1613399782154015506	1.0
1407246508605967854	10834439965449683620	1.0
1407246508605967854	12271714969930254141	1.0
1407246508605967854	12255999031655269456	1.0
1407246508605967854	10220915707748404402	1.0
1407246508605967854	9736121786655690804	1.0
