2717109584605449473	16544931616054743546	1.0
2717109584605449473	387942228063298874	1.0
13764343408068078106	11425855210058646473	1.0
7754632429058442114	17004374463751027473	1.0
13352848921888056505	7348804275897581473	1.0
6556632573758276724	11425855210058646473	1.0
15653836415192825166	10857011742101771473	1.0
502093338041820838	7348804275897581473	1.0
9084920109601540346	7221073159686930473	1.0
4674267929618980972	10857011742101771473	1.0
3135482030075822514	10857011742101771473	1.0
4746896350643991690	11474508504836345473	1.0
7105550870271426141	10857011742101771473	1.0
7437906044216094255	12875091584633024473	1.0
12742354749372398018	10857011742101771473	1.0
2582703159917801694	7348804275897581473	1.0
5551502347139918885	1867594775855447473	1.0
3764143878883348440	8834872216570995473	1.0
4060283179185607011	7348804275897581473	1.0
4538518081719442024	7348804275897581473	1.0
7422594490165704473	2980067447352704981	1.0
11518382282909182473	11481643703947535395	1.0
11518382282909182473	11487227397737503788	1.0
10337146875289806728	11190578214848632473	1.0
11462270811774151473	10468460511112053226	1.0
11462270811774151473	3466906574956831179	1.0
11462270811774151473	3464665160314342534	1.0
11462270811774151473	3472539643634380491	1.0
13440536429693419408	7348804275897581473	1.0
6004982491320593473	17723603117395362904	1.0
6859914509482010435	10857011742101771473	1.0
4722107944394938473	879381374377610227	1.0
14361389260251945291	7348804275897581473	1.0
1861639637254054956	10857011742101771473	1.0
11536704691439064396	6664346888629570473	1.0
5633794216073219863	9042117303354214473	1.0
11617797058830038170	7348804275897581473	1.0
5218861273762549473	7367401716609628765	1.0
2412586330191457535	7364255944800734473	1.0
5395736690956528192	7348804275897581473	1.0
6242526382173071561	7348804275897581473	1.0
2195428367969091473	7639325230984831915	1.0
2195428367969091473	7377047590388203867	1.0
5699294055290525480	7348804275897581473	1.0
2023713359292730725	10857011742101771473	1.0
3925254997355403473	10851253200271006916	1.0
2806584128451954473	390482435032929380	1.0
2806584128451954473	17738875681892880655	1.0
13622565574813444473	10912025327573341556	1.0
13622565574813444473	48979960670648379	1.0
