5045595528589854951	15183115310732479648	1.0
7825190834895078648	6848045286722626969	1.0
7825190834895078648	7409454021155692591	1.0
7825190834895078648	8637174946800356959	1.0
1074471870059616014	2923572482815958648	1.0
6107920264765245340	7230292358504579648	1.0
11993726632853536648	17559159683555204393	1.0
6429202777278699648	7209678366557895507	1.0
3143114087882449906	9462582484110287648	1.0
2889307771522255553	7230292358504579648	1.0
18070450057181707480	7230292358504579648	1.0
4713586859837625558	2505439237559484648	1.0
18108391988106299090	7225961536813259648	1.0
4608454913314702164	13721122195757075648	1.0
13201000910837120100	11243286911684841648	1.0
7445165032257918193	12271338163767172648	1.0
6033753905731628780	867816728083082648	1.0
2165200672731867648	7459201715840987981	1.0
2165200672731867648	7396744585793411223	1.0
5172374386130204886	7230292358504579648	1.0
7868505103517439825	7225961536813259648	1.0
4512287274722102652	7225961536813259648	1.0
4809526254721214657	10468243013949222648	1.0
6562056865378337939	7225961536813259648	1.0
5623384757711934862	13721122195757075648	1.0
4755523842339213648	14279724868255418405	1.0
4755523842339213648	5129747569469075208	1.0
4755523842339213648	14738405728128814	1.0
4755523842339213648	868996023165792757	1.0
4755523842339213648	7440321288068062289	1.0
4755523842339213648	5840072896377467167	1.0
1783688119392754603	7346487123756510648	1.0
7347452134355506648	15181978724552107457	1.0
12315140906869005296	7230292358504579648	1.0
4352183167266580568	7346487123756510648	1.0
14742574534890060648	15177735880859881252	1.0
2684037307681122857	17655596792747166648	1.0
17772808331305399990	7225961536813259648	1.0
301449842539630646	420866274882463648	1.0
14432753955750754084	13721122195757075648	1.0
2451140910782770621	16674293089869842648	1.0
5541553406993922007	7225961536813259648	1.0
5765219421436619471	9314245035188818648	1.0
1906307632487544648	7218029805902906370	1.0
1906307632487544648	6747548879176713968	1.0
13238291234742666390	13721122195757075648	1.0
3221730934230592006	7225961536813259648	1.0
937023638580948648	10969683898556600830	1.0
937023638580948648	11408471634794327500	1.0
937023638580948648	7228216081192631726	1.0
