5753617722518892118	13053523667825446848	1.0
2655324841884422154	1914367079090278848	1.0
9625838276563760261	9073801101689209848	1.0
4329880065559150848	320466181982646874	1.0
4329880065559150848	10457225482145414691	1.0
4329880065559150848	11419687804571066991	1.0
4329880065559150848	11411373117077485667	1.0
4329880065559150848	11430460136666009048	1.0
4329880065559150848	11414161182311761628	1.0
4845379538122211941	11409628308075672848	1.0
11978040210487472386	11163973338908126848	1.0
5066179376169742848	862157954184774291	1.0
10931825822024712589	7229295621087737848	1.0
12352094642016140752	2335041327566971848	1.0
11752845287800519192	2335041327566971848	1.0
430571484213682369	2335041327566971848	1.0
3746827528202008848	6627193153543697554	1.0
3746827528202008848	10608473300862486167	1.0
3746827528202008848	5552318816771117917	1.0
2502609437906323033	2335041327566971848	1.0
6191970068722996003	2335041327566971848	1.0
1777193302333351043	7230301906150621848	1.0
3086477192572529897	2335041327566971848	1.0
13589495208065814848	866099222329623191	1.0
80971780954670848	7164404838263804066	1.0
80971780954670848	11540624261420726394	1.0
5944696132038251848	7289821539853981345	1.0
5944696132038251848	3472388387850944384	1.0
5944696132038251848	8721454246567730329	1.0
5944696132038251848	8638706947052299913	1.0
5944696132038251848	16580004717406471458	1.0
5944696132038251848	15177765567673946539	1.0
5944696132038251848	10426408180709608465	1.0
12307562445852228814	8256553195297156848	1.0
4070753772720173848	10346334515420769793	1.0
263381164486792848	7392330368656262897	1.0
6905796717871163848	8168140433454596072	1.0
6905796717871163848	11477594782507269298	1.0
6905796717871163848	11469001751074669894	1.0
6905796717871163848	11488771253773509186	1.0
6905796717871163848	11464496523711508836	1.0
6905796717871163848	7234319289800430736	1.0
6905796717871163848	11409130749111514547	1.0
6905796717871163848	13243622642153842277	1.0
6905796717871163848	11431103320931289592	1.0
7019278940517940090	2335041327566971848	1.0
10985122119007740356	7390105480903316848	1.0
288308802247993476	2393978825151196848	1.0
5429256217066118848	8492735349291035048	1.0
9288149220675844122	9697167191266069848	1.0
