6362715306758612614	7221860555915787968	1.0
17608563381953722453	12633627972766721614	1.0
1607681979148846614	7350924147062209586	1.0
12822044572748984962	13142055323814423614	1.0
14061596883700577347	5707788663690409614	1.0
4303801856696415614	387362914273956430	1.0
3534837214929357830	8642886925203908614	1.0
12901845546788078073	12352179121597628614	1.0
4949166521200694532	1057809348255627614	1.0
5677609643132630614	321744798084968649	1.0
5677609643132630614	11412739372015368048	1.0
5677609643132630614	7218460153150694236	1.0
2036544686185757614	17417502882979746405	1.0
2036544686185757614	16451037745788154327	1.0
6868763937518521494	11160722209291868614	1.0
5765391711600688614	11423698513645221030	1.0
1649753902282084153	11638222706823050614	1.0
6568466791216278003	1057809348255627614	1.0
13359296677145448470	11418774496916583614	1.0
4179822388403751514	11426383585486582614	1.0
12365041915954466589	9292730431581337614	1.0
11779928353340992798	5528036723858294614	1.0
15069156112665920732	10417410345136055614	1.0
2384227030504578272	7430466868521085614	1.0
6650534149954768614	11390433961898431566	1.0
8644518823666969614	871603003755712812	1.0
14677752354523973614	17320149093410882233	1.0
4627924414109735071	1057809348255627614	1.0
12078430926822059614	17248547334809698282	1.0
12078430926822059614	11472273171983958443	1.0
12078430926822059614	11321019469111963497	1.0
12078430926822059614	11481643703947535395	1.0
12078430926822059614	1285313839521274358	1.0
12078430926822059614	10654834019863037024	1.0
12078430926822059614	5933889974391450908	1.0
12078430926822059614	11481614030095319140	1.0
12078430926822059614	7248266782898425709	1.0
3638733062648203484	2993447881089776614	1.0
9217353179493215720	1919213274413800614	1.0
2849178444158920203	3476119563304524614	1.0
2016992482447657413	11418774496916583614	1.0
3056759560685058614	18445119899515765015	1.0
1924735418596149877	11418774496916583614	1.0
14148880922336805614	7231739045190522549	1.0
14148880922336805614	11412620740724731669	1.0
3621541194696458017	430861299497168614	1.0
12470001411395903614	5006941475309749800	1.0
12470001411395903614	8559797233916431930	1.0
12470001411395903614	12139819250564144407	1.0
2190895227862463364	7376838412539153614	1.0
