5590565065705292390	17523794743465130782	1.0
4760352830651605448	5110643786794056782	1.0
1203875877759969505	11413416228782911782	1.0
3981006402402474580	11325068416370971782	1.0
7642019073664517782	7049838826288456110	1.0
12485152255102363328	8617689394964768782	1.0
17913909155003420782	3464694963094032590	1.0
11959021854787946272	17046917722457358782	1.0
2733341256021977782	11407393091178011096	1.0
2733341256021977782	11121595756920963867	1.0
1060042997453776782	858852744777434642	1.0
5967297134120814782	7229756922102643917	1.0
5967297134120814782	305727086773717602	1.0
5967297134120814782	7345349623210520592	1.0
5967297134120814782	71773339309287098	1.0
5967297134120814782	11242432281887641173	1.0
5967297134120814782	7225087283370973465	1.0
5967297134120814782	1060194472467831857	1.0
5967297134120814782	7346985902670912502	1.0
5967297134120814782	7231653489457812261	1.0
5967297134120814782	319012640527040080	1.0
5967297134120814782	11243257224870776361	1.0
5967297134120814782	1057809696152501921	1.0
5967297134120814782	11408958692692743397	1.0
5967297134120814782	7214329743194220021	1.0
5967297134120814782	7214054019160394350	1.0
5967297134120814782	12652284578147005233	1.0
5967297134120814782	10470911696196406462	1.0
5967297134120814782	12675567097867083764	1.0
5967297134120814782	360260459148730824	1.0
5967297134120814782	7225059241551790585	1.0
5967297134120814782	7367076840606235527	1.0
5967297134120814782	7230143151317179771	1.0
5967297134120814782	18409966356215958644	1.0
4127476525595160476	18342393584566499782	1.0
360158124273835677	7373593702240652782	1.0
7763743909729266782	5489546996772859957	1.0
7763743909729266782	16638896845714781983	1.0
5046193443774882147	10964240151914625782	1.0
6851646856442355782	7411563829308176461	1.0
15580095409084814782	882952671629747646	1.0
15580095409084814782	11416254429101573917	1.0
15580095409084814782	5586630137803853115	1.0
15580095409084814782	10281342426916350915	1.0
15580095409084814782	7368384074434770989	1.0
15580095409084814782	11409684112654120866	1.0
15580095409084814782	889360741338522190	1.0
15580095409084814782	3184866492477596	1.0
15580095409084814782	11238630351014200029	1.0
15580095409084814782	11427385670109916098	1.0
