5535940886144456190	3478211805073103765	1.0
5535940886144456190	9034239302510366240	1.0
4309487174641187893	357697845429538190	1.0
9703759055317676232	7223032802921665190	1.0
12780283206211883594	357697845429538190	1.0
1844559557745866038	7225620391858992190	1.0
16687773688150627563	357697845429538190	1.0
12073610478446998241	7225620391858992190	1.0
6469670567942492875	357697845429538190	1.0
892958357046842289	12839906311027640190	1.0
13422465001892453205	6039012294196011190	1.0
6081972353022589828	13317682381527591190	1.0
13550374004356416431	11339832680120032190	1.0
5330884170530885190	11424053059074110715	1.0
2136804672041948446	357697845429538190	1.0
1701080483809830884	357697845429538190	1.0
2103230272353703057	357697845429538190	1.0
6339482044516324817	357697845429538190	1.0
15978746158913002918	7394286558811207190	1.0
2167146717383985156	3490037851597396190	1.0
15060611426672419665	7225620391858992190	1.0
7837972846547035261	7394286558811207190	1.0
3622149489330542190	11492379954077893951	1.0
6918137047188941259	15584626565565611190	1.0
8570882049952667166	5345231525269264190	1.0
6035912509279869722	357697845429538190	1.0
15272490035124447650	11339832680120032190	1.0
5091464335783052862	12877071366977478190	1.0
1762526025883829775	12784208320390606190	1.0
2305014157793354190	7355109094663178574	1.0
2305014157793354190	11476103664378903828	1.0
11295226645094468492	606228909250802190	1.0
4665669005845424686	7225620391858992190	1.0
6383139303621874190	12878945682141847119	1.0
13065608848801693487	357697845429538190	1.0
16798693066283073553	11339832680120032190	1.0
12301578056389779299	17559600729467782190	1.0
6573404581491835011	7225620391858992190	1.0
5838521735916510190	755938532587004234	1.0
5838521735916510190	11543727412486362005	1.0
5838521735916510190	12145952094526883133	1.0
5838521735916510190	4609169655590627926	1.0
5838521735916510190	806629957209355657	1.0
5838521735916510190	8759895078594340385	1.0
5838521735916510190	4479677371204395957	1.0
5838521735916510190	8556562135596016921	1.0
5838521735916510190	2939944668629686954	1.0
5838521735916510190	1629118363779173641	1.0
5838521735916510190	15177735880859881252	1.0
5838521735916510190	18132161149633948917	1.0
