4051730346640936270	858012378558028831	1.0
5482247466627972831	7075548729035931523	1.0
2449000526328883676	11476603542691757831	1.0
4749016431547387831	10466603874034415323	1.0
4749016431547387831	3473907771134010823	1.0
512057082061179831	8638244024312607959	1.0
5316320219881641013	13224161652212938831	1.0
7312128906093679374	11476603542691757831	1.0
5088647304293318831	66898650203531041	1.0
5088647304293318831	12076669958955316727	1.0
5088647304293318831	48347084258441270	1.0
7858910490091555033	11476603542691757831	1.0
6921046780799768659	10963775980524166831	1.0
1602745283859582112	15865240431233781831	1.0
4434919121757101222	9999528654988573831	1.0
2656789512135518675	11476603542691757831	1.0
5836569982078898794	252829547499242831	1.0
11022318323681749880	252829547499242831	1.0
3077096095318599322	14329000654480318831	1.0
8116413907449822096	1920011983666453831	1.0
11500636033126428659	11476603542691757831	1.0
11305915938293363299	10963775980524166831	1.0
1762682057598707626	252829547499242831	1.0
2373019892915066494	11476603542691757831	1.0
6028013665691889831	1935988017668675447	1.0
6028013665691889831	9929533897197540965	1.0
5532035134859986682	11476603542691757831	1.0
5768202879857452831	2384839699545631242	1.0
16419628365228122338	12328684841688844831	1.0
12704820077406741831	16229220487372409622	1.0
13810554060796215810	10836414963657848831	1.0
15713416189120258315	12869505043274914831	1.0
3813153215812675831	10457364252602089665	1.0
3813153215812675831	11337205560274689561	1.0
3813153215812675831	11491953201822262731	1.0
3957850359049764191	11476603542691757831	1.0
6350025432445249831	885986623652790364	1.0
6350025432445249831	11426870050759632701	1.0
6350025432445249831	71773339309287098	1.0
5910086540137241467	11476603542691757831	1.0
986778795005115167	11324276999937658831	1.0
6518370872419826394	3475755676531466831	1.0
5931062857499129011	11476603542691757831	1.0
14164269377932638831	10637217978358516618	1.0
14164269377932638831	11880457062600307819	1.0
14164269377932638831	852457598555803504	1.0
14164269377932638831	8635019620418040010	1.0
3017513679271522892	3475755676531466831	1.0
17083678761189828049	17246726788362662831	1.0
3673164299712074704	11476603542691757831	1.0
