10117801785027237850	12882389627499234745	1.0
2482109094529714745	9233600869386438590	1.0
14261329599353144099	7365589394678543745	1.0
13221857354450877745	7221650132672885233	1.0
13221857354450877745	11408988160380185679	1.0
5860293678628483360	3477785555403653745	1.0
2682259797414088745	11475703210154873504	1.0
6998249790657251745	7245354941020380606	1.0
6998249790657251745	7253803764677169094	1.0
6014908333114838703	7933165531518786745	1.0
12257658537374713934	7383305405040483745	1.0
3261618540761307159	10055009382707399745	1.0
5173541079267684030	1630538175975589745	1.0
5784192211933526745	13892381644440843739	1.0
2858436501226000864	11421044889595467745	1.0
5077109482464447745	11412739372015368048	1.0
6718846549352485027	11412591646572255745	1.0
7777219370335212745	11243257224870776361	1.0
5576831947117799042	7410369088763858745	1.0
4931916830706313228	3477785555403653745	1.0
255333289119883184	11412591646572255745	1.0
13770083085730367745	5306043638744607018	1.0
13770083085730367745	8227983509988358549	1.0
13770083085730367745	11511599254419155455	1.0
7094689314449156057	10055009382707399745	1.0
3907663182624075471	11421044889595467745	1.0
110420653932083915	3477785555403653745	1.0
6588787066929399821	11412591646572255745	1.0
5352081657492689745	12879110845121157758	1.0
5352081657492689745	12869220128105265415	1.0
2322706803580358268	8608851927807974745	1.0
4539123886736907729	10055009382707399745	1.0
3624858170926090745	11423833148008119295	1.0
3624858170926090745	7351492530260536721	1.0
3624858170926090745	11434520087666909785	1.0
3624858170926090745	1057690948896240773	1.0
1116507183091348745	12878392537609877690	1.0
1116507183091348745	12873711139199227336	1.0
3155464850295583745	6912215198387749913	1.0
12404130683745320828	11421044889595467745	1.0
15353323553509823957	10055009382707399745	1.0
6271676157372542509	7237483198505580745	1.0
4694047260814011244	3477785555403653745	1.0
4754253090593080745	6831062422048103476	1.0
4754253090593080745	6840188974160169235	1.0
3350450673883446745	15164081183501808232	1.0
3350450673883446745	2126851845995455539	1.0
2661899341599468768	11412591646572255745	1.0
15557892326142834745	17339950665724509872	1.0
999038217765034745	7366110069199147354	1.0
