3688468752202745731	11414977681359888790	1.0
3688468752202745731	7231828947465292812	1.0
3688468752202745731	17829214298445594968	1.0
3688468752202745731	7229993759480159532	1.0
3688468752202745731	7365516440431832468	1.0
3481882965381010373	10416427252792788731	1.0
5384780219880145358	10843384317724415731	1.0
9449103796868624356	8083090533017225731	1.0
5353580262965896731	1942304753518813126	1.0
7714327369608521734	12874081094750913731	1.0
16068474935871317255	10843384317724415731	1.0
8461049571268224759	16086415757606645731	1.0
4252753585020522731	7228288571632242428	1.0
4252753585020522731	12662940306285666490	1.0
4252753585020522731	249929241892272024	1.0
2071511999470087539	11491953201822262731	1.0
15378354472171224758	3550281564303375731	1.0
12964234009614641099	10843384317724415731	1.0
3508711996708925731	5903017640707714808	1.0
14588922707036514731	12118652337520208903	1.0
14588922707036514731	5241837580635960587	1.0
4993659311211319124	2613480915022220731	1.0
3236440771917367839	11424522318526055731	1.0
4358132620754107712	11431642498218125731	1.0
4400346196545281905	858276536311473731	1.0
5033413277271175731	15241155336470241242	1.0
5033413277271175731	1225676634277768800	1.0
5033413277271175731	10128567273546792114	1.0
5033413277271175731	17426037014449363050	1.0
5033413277271175731	16075668015700224264	1.0
5033413277271175731	9582036688536787147	1.0
5033413277271175731	2608478041951706590	1.0
5033413277271175731	7977427333816943991	1.0
5033413277271175731	12906531706619183556	1.0
5033413277271175731	17651029482284453634	1.0
5033413277271175731	2953338662876835899	1.0
5033413277271175731	12070091897902084632	1.0
5033413277271175731	10282075410390945744	1.0
5033413277271175731	16463411378744551788	1.0
6070547692752982370	11408471518828702731	1.0
5740023225151004146	10843384317724415731	1.0
13690685409533642731	1057809696152501921	1.0
13690685409533642731	45506577651252341	1.0
13690685409533642731	71773339309287098	1.0
13690685409533642731	11425512914125364765	1.0
13690685409533642731	11425856932423803962	1.0
13690685409533642731	11408689767502347663	1.0
13690685409533642731	11412620740724731669	1.0
14369226106698787731	11490552604418153388	1.0
3564221170233318656	11431642498218125731	1.0
