6935366107820149119	11459235193066205241	1.0
2146723249792442289	9135409403864407241	1.0
4428131742449927219	8177177629854548241	1.0
6474653233391056033	12879769684508290241	1.0
2553911949687665241	874658379178668424	1.0
2553911949687665241	6865030306204042297	1.0
2940049018247406218	12251773595506586241	1.0
13346654058614395958	11324702145849282241	1.0
4313829350597993808	11459235193066205241	1.0
5776781442718878092	5937201415754905241	1.0
4712855741213770954	7381773652246108241	1.0
4614014485634080082	18060295424909562241	1.0
9318066195331196202	11459235193066205241	1.0
6100387291733999356	13104325182403259241	1.0
3865450977402808241	8701986860519923978	1.0
3865450977402808241	8892582936873553008	1.0
5569914734447858953	9135409403864407241	1.0
3459080216473951241	3491541223322754438	1.0
1609926658582343027	17623488500347055241	1.0
18097361982575253146	11459235193066205241	1.0
484127506076765444	11459235193066205241	1.0
14044929978398178241	877851399646333425	1.0
7428368905800769124	5937201415754905241	1.0
2331556995499166336	11103531863272080241	1.0
5672748040962547241	11412356896536132835	1.0
12478717259829355241	7240149852960576572	1.0
4518490611911570774	11324702145849282241	1.0
3772535860174430145	8240891998546388241	1.0
1430978250421807158	1093649699341351241	1.0
767855726672018767	5736518903131499241	1.0
7628594323512232241	5207879837006199986	1.0
2394473752380126741	17734682947665354241	1.0
17946101369465006885	11459235193066205241	1.0
7679161503805768896	8884515591197639241	1.0
9897369020298386241	3466834226145386572	1.0
5546882514769749716	4490027769872218241	1.0
3181677478181921729	17623488500347055241	1.0
17331901448329130032	8427776619604461241	1.0
14432311195302634241	7554911225100779586	1.0
5305603885319596073	11459235193066205241	1.0
5736815126991212924	16276927837932909241	1.0
7132565037052450400	7369030827499592241	1.0
1793955429396525859	7774444308453988241	1.0
7239672709125814805	4490942945072540241	1.0
13463151416584345793	11416489170569453241	1.0
6650519413179849500	11459235193066205241	1.0
247398959315615154	17213049646018035241	1.0
2975967262365349241	409786284780447959	1.0
2975967262365349241	5252420529627784753	1.0
8263853097194997052	8635884223239301241	1.0
