1446058740108163278	7233726056071709495	1.0
3458698406090043278	66898650203531041	1.0
3458698406090043278	7222761829176040755	1.0
3458698406090043278	12874561929243512656	1.0
3458698406090043278	11410073846535934593	1.0
6558969858288037020	7213086281345125278	1.0
6554667198255070323	16762069423590898278	1.0
13910060463374600329	769205360312519278	1.0
6935387488285681978	7898683505889390278	1.0
1654301598347403278	850596081522937891	1.0
6541889907710256964	8598722736974997278	1.0
6269955580016060929	2905270555590948278	1.0
17369488798489789202	2905270555590948278	1.0
14009305471043726278	12867116891222454440	1.0
4102299852635482033	2905270555590948278	1.0
14017384640017014116	2905270555590948278	1.0
4906929686304227278	3982756796593133081	1.0
13147820124147304254	7213086281345125278	1.0
12345122175610207163	7213086281345125278	1.0
13171481858969702387	7213086281345125278	1.0
5995666762741356360	11479663870123031278	1.0
484391337330866278	11415380008130489234	1.0
484391337330866278	11408716761461746295	1.0
484391337330866278	7365202534103432977	1.0
484391337330866278	7231897971868761215	1.0
10970700169275091735	16771854561813896278	1.0
6653795507219088278	12865195760837872862	1.0
6653795507219088278	7548841972374631502	1.0
6653795507219088278	12861232472392667294	1.0
6653795507219088278	12879055865222339935	1.0
6653795507219088278	11413750725155198965	1.0
6653795507219088278	12861051181820277436	1.0
6653795507219088278	12873000730062480373	1.0
6653795507219088278	11423359941389013617	1.0
6653795507219088278	11417327075748915233	1.0
3907021954697028635	16762069423590898278	1.0
6717823737614165278	11417935664102390719	1.0
4338536166002756048	11479663870123031278	1.0
5881977286742287857	7417023643378876278	1.0
12853017550032375345	7234543538664662278	1.0
6891626873444094038	769205360312519278	1.0
4760455954511526993	2905270555590948278	1.0
4858289176848762223	769205360312519278	1.0
6152274490850620278	7213145654973255852	1.0
6152274490850620278	6314328163766960095	1.0
6152274490850620278	61454749122967829	1.0
6152274490850620278	55453318188585174	1.0
6152274490850620278	11239193081889644486	1.0
6152274490850620278	304005200021140985	1.0
6808611567260110630	10957372018247181278	1.0
