5712312661173524806	8065022636616534569	1.0
5525256256943488082	2049520178981226569	1.0
701863398237066569	1634023939408600429	1.0
1490947289759448522	11487108766417355569	1.0
1958899670009415922	12861186035201263569	1.0
10189736966975911569	3179757323659488117	1.0
10189736966975911569	7331341145899427757	1.0
10189736966975911569	10266006366427088840	1.0
10189736966975911569	6187557461912592785	1.0
10189736966975911569	6650575046026779060	1.0
10189736966975911569	18011894368082122929	1.0
9356316356650691569	12274010994860241444	1.0
532589791709499569	17144361330425396602	1.0
5278035631158176569	11477955435118470003	1.0
5278035631158176569	11317551248606449792	1.0
6089812609667315055	7226967319416217569	1.0
6061600945118211896	7226967319416217569	1.0
5689443811058531226	9374640079845391569	1.0
3894399167125021569	3811067223342462985	1.0
3894399167125021569	7409812784015959191	1.0
14841426931293323372	7226967319416217569	1.0
5461136968841739010	5909030779532108569	1.0
4097672263459816569	10435480028058274882	1.0
4097672263459816569	18436949751243203982	1.0
4097672263459816569	18172683212920505402	1.0
4097672263459816569	3855740774567059	1.0
1314354151151781428	11416220387255364569	1.0
10337446929733615609	7433760743278287569	1.0
5512077360647579056	16429626368424991569	1.0
6119031916157625569	6826737806651479692	1.0
3228294047889899484	11487108766417355569	1.0
3162837745588622302	11487108766417355569	1.0
5588492091655478569	11419185430806700462	1.0
5588492091655478569	45506577651252341	1.0
5588492091655478569	7551572550081628	1.0
17453238037061379569	7394293117245335908	1.0
4852694097449218305	7230441492676086569	1.0
1815632153925697569	873688996465407123	1.0
2956154092089271569	859549483029636697	1.0
2792552783943449569	11488263670240088821	1.0
8301521343573692623	10094544295247957569	1.0
13082655342689978828	7813694534872383569	1.0
4936188975220747611	7404414804674916569	1.0
5850794746283180569	11427035454202131660	1.0
5850794746283180569	11421718499430636203	1.0
13531903342016672543	7226967319416217569	1.0
6724231338854224822	7226967319416217569	1.0
5756207181783239784	7386149763538817569	1.0
6678966356745629435	5029411818419914569	1.0
5157167663230346569	11423493046756320933	1.0
