5744065122349289210	11422055559788413808	1.0
7363551428632363203	11412531680282535808	1.0
8613947931561681380	7213516113098528808	1.0
2460480201794298808	11428449464780941844	1.0
12105142531273038608	11412531680282535808	1.0
4800634117397954760	11412531680282535808	1.0
5071694918446477219	12863077633253814808	1.0
4063415987482437569	7390333479197243808	1.0
5589113547559152626	7406888031586701808	1.0
388211807713461558	12855418241977334808	1.0
4260718121219718808	11482938890044209302	1.0
4260718121219718808	11691868863561529423	1.0
4260718121219718808	3483228619029913693	1.0
4213621094010089808	13592223646929093251	1.0
6224816272186962651	869081258499203808	1.0
5716950259600244808	16777305678503530929	1.0
5716950259600244808	7216688672332304192	1.0
3471562803173550808	11490231237723330416	1.0
5010046956451850302	869081258499203808	1.0
5133569792387097437	11412531680282535808	1.0
7774551786676726649	3181997381375823808	1.0
4913136051188893808	12272675878575753587	1.0
2124727142633698975	12261144913541423808	1.0
2298208481571835927	11412531680282535808	1.0
5254124377204517808	854511550673215450	1.0
1406901995290086057	501684582806193808	1.0
5602069071365954681	439787951029614808	1.0
5765355219752678808	11486221048224696600	1.0
4047818690931135808	7270789244618411380	1.0
2818501146448639548	11422055559788413808	1.0
12910836420989070949	11412531680282535808	1.0
72210198342964229	7406888031586701808	1.0
7053127908457665808	10912025327573341556	1.0
7053127908457665808	7222874756757060136	1.0
7053127908457665808	7225275742212736969	1.0
7053127908457665808	11412620740724731669	1.0
7053127908457665808	11414263088973088322	1.0
11596202624923767808	68164484411468708	1.0
11596202624923767808	7218158448812119328	1.0
5582248653576723859	875830497295279808	1.0
10433368455028180238	11412531680282535808	1.0
4866315261194375519	11205594233628940808	1.0
2669564509404169946	11412531680282535808	1.0
4509316929364659770	8564843914960872808	1.0
1858792661927024727	1310029653064823808	1.0
3660836192330092912	875456946734212808	1.0
2235660417268853237	5903017640707714808	1.0
1236994605100881503	2352500753490167808	1.0
10600770720341858936	875062561248037808	1.0
1104001796910686808	855389914525741719	1.0
