4787688759785901124	6900532281066554400	1.0
5447987695101961740	9896462636584305124	1.0
7803847681824516069	16015772535662589124	1.0
11941529320717864190	10362412412209816124	1.0
4161038939262728124	321744798084968649	1.0
14017021886944855391	1280320621223765124	1.0
11904276909424596821	7355274373527930124	1.0
11944039132876351124	4301878452778539366	1.0
12416973035288811197	18016444366333960124	1.0
9493684370225318124	6753857284104612289	1.0
9493684370225318124	7214051785750361233	1.0
13492789883065251124	68164484411468708	1.0
3953979333526301124	7400638901323706132	1.0
6436084928697661524	5799132251326548124	1.0
13906414139589634433	16800640104281632124	1.0
4744291160312909124	11419296859409076434	1.0
4744291160312909124	71773339309287098	1.0
4744291160312909124	11408614017226182710	1.0
4744291160312909124	10902848726135410034	1.0
12529707981109950124	7221638622187936659	1.0
12529707981109950124	55453318188585174	1.0
12692892325627418124	15602106099042791329	1.0
15054168819477958341	5017008102030810124	1.0
6000919474349618124	4006349669829522345	1.0
4426410812851459498	3477315415322334124	1.0
7195066012317683998	2794080603582783124	1.0
7449405315945326124	11231425148249022990	1.0
8760181199901775124	1931558033626736387	1.0
1770024587243324124	13583740433607220055	1.0
5118230525342531124	11478292650267117823	1.0
11517020629012710124	4385192431598423127	1.0
2219898785137810047	3477315415322334124	1.0
6267951284859915022	8031584053604790124	1.0
2469221193702443124	8659303866381294308	1.0
2469221193702443124	6485816238631916786	1.0
511674507635904124	16679801727637238644	1.0
14379684750646302124	16075736926959012132	1.0
3665765518534611732	7394254063012462124	1.0
4016460255757426898	9896462636584305124	1.0
2463952205870130124	5633784608822529841	1.0
1220728825935219124	11435850977703739553	1.0
1220728825935219124	11431724935756488863	1.0
6900786560789869124	7558467629687711623	1.0
6900786560789869124	11427340534316161903	1.0
6900786560789869124	7231534742201551113	1.0
6900786560789869124	11419552384146880132	1.0
6550172454078477615	12372271904049243124	1.0
8023469340326644124	3462843557234968793	1.0
18446090100651374923	2959313475404698124	1.0
6650794879377942071	12867922107315647124	1.0
