7329588648633917591	12356902670838395828	1.0
4433723550685170237	2981284340882435591	1.0
5202363450459672280	7762349085275058591	1.0
2400360215713416806	4077605450271145591	1.0
12419314457392248584	10235085693157256591	1.0
7182337816800342591	254420369069762829	1.0
7182337816800342591	11417005477235443925	1.0
7182337816800342591	10474875384117761251	1.0
7182337816800342591	11420591890820720010	1.0
7182337816800342591	11421651326197581548	1.0
5849483357697063507	7765454659421494591	1.0
6320549269230837292	870936313242508591	1.0
4251016007538417698	857251555213234591	1.0
7011783323497743968	11330152180289428591	1.0
1859158993498906591	8237758020208118	1.0
3617032976316387870	13055383680923174591	1.0
2439457828207027091	16014515441690805591	1.0
7247253433980876612	8935246150854728591	1.0
2361146384223763302	13478867376093263591	1.0
4136674498327675591	11413594933849846661	1.0
17567520352370382591	769205360312519278	1.0
6648957908881264919	11127608260303234591	1.0
5603719139700600591	12874657805776058164	1.0
4627692053976064591	7369712125172882997	1.0
3327929553549984459	4429383055353899591	1.0
2535117494539147591	16872580209461235651	1.0
2535117494539147591	11415691131390799755	1.0
833238953722243923	3484953945979306591	1.0
14588787020749082591	11418283058120764381	1.0
14588787020749082591	11425794324654237141	1.0
2396042166923177260	7409454021155692591	1.0
12626501193413356591	4974503313226278613	1.0
12626501193413356591	6615467090280374962	1.0
6259776856599085591	11433930259724999560	1.0
6259776856599085591	10478882794767752633	1.0
2426370485979098092	7409454021155692591	1.0
14325631341732014464	1538108458181079591	1.0
2431438466144363145	7718658631426814591	1.0
5897867016838634692	13478867376093263591	1.0
257557188112862591	16503719897053743516	1.0
15923194312140072591	11415472418561101911	1.0
15923194312140072591	10968899903756295983	1.0
3392246916292226591	16440425986030371739	1.0
7044297833341521978	17716231874472439591	1.0
12062424214885209269	2109825311397831591	1.0
6065058530455290591	3478545811761624229	1.0
5871275907076226591	4213559827510603676	1.0
5871275907076226591	10178009928672973074	1.0
5871275907076226591	16762744811931469469	1.0
11033837592530979288	1560289466099497591	1.0
