4430964142173476808	4926570198424228772	1.0
6228003148743345772	11429649147965640945	1.0
6228003148743345772	18426720053079276394	1.0
6228003148743345772	5241523579088868575	1.0
6228003148743345772	11408689767502347663	1.0
6228003148743345772	1056292838397652657	1.0
6662836149369060101	11428330962397921772	1.0
13652094149883516616	3070622198560100772	1.0
4455659461998877904	4926570198424228772	1.0
140983460877602772	868962445070953601	1.0
11245431232600884802	6035687602856985772	1.0
5119233370786110846	11491144622696983772	1.0
6169956347232359772	11412561367096601095	1.0
6169956347232359772	3578238805573762837	1.0
6169956347232359772	7346985902670912502	1.0
5948022124306475909	14974577777788350772	1.0
2588707618616713772	7228550216592602724	1.0
2588707618616713772	7233726056071709495	1.0
2588707618616713772	7225908090280764068	1.0
2588707618616713772	7231897971868761215	1.0
743088780269898476	4926570198424228772	1.0
9938426595692593465	7503808264629139772	1.0
5497229465303635772	12655519612043977559	1.0
5497229465303635772	7210102258342282075	1.0
5497229465303635772	16871719781515389274	1.0
5497229465303635772	16867199143639917500	1.0
2313700630231716380	4926570198424228772	1.0
8312994940826455524	3745681652690878772	1.0
9244659496460760772	768407204956292938	1.0
6445270824711330794	4687556402431609772	1.0
4070174948394962772	9169576358878208109	1.0
4070174948394962772	12267472847796002829	1.0
4070174948394962772	16225917933710260756	1.0
3162087754080302221	4926570198424228772	1.0
6437138291338937686	4926570198424228772	1.0
12340641085819073772	7228597182160519219	1.0
12340641085819073772	7221860555915787968	1.0
12340641085819073772	16861436697760871779	1.0
12340641085819073772	11417949051400007582	1.0
12340641085819073772	11416220387255364569	1.0
12340641085819073772	12873799619813299352	1.0
12340641085819073772	3483265998088116441	1.0
12340641085819073772	3473553084166755462	1.0
12340641085819073772	11412739372015368048	1.0
12340641085819073772	13592223646929093251	1.0
12340641085819073772	7223395487119372600	1.0
12340641085819073772	16872580209461235651	1.0
12340641085819073772	7215648753329572668	1.0
12340641085819073772	12871789699705687326	1.0
11553802569766329649	4926570198424228772	1.0
