5795840826796381159	263817044605092258	1.0
6225774807436582303	11479693209040222258	1.0
11054572197014223258	7230474954783964030	1.0
11054572197014223258	11328404149988075716	1.0
11054572197014223258	360260459148730824	1.0
11054572197014223258	11417949051400007582	1.0
11054572197014223258	11414604813760988157	1.0
11054572197014223258	11432228615184036914	1.0
11054572197014223258	13587147472281644895	1.0
11054572197014223258	10459524260232251364	1.0
11054572197014223258	11429367827649538763	1.0
5826053230434359258	7399798457876045896	1.0
11725431391771633258	7207841701049344487	1.0
11725431391771633258	11435350970592808521	1.0
11725431391771633258	11425115938811528019	1.0
11725431391771633258	7221960933597909444	1.0
11725431391771633258	7226464430146532506	1.0
3863926828483827117	12878856621699651258	1.0
7796257829693301116	3462410551637761258	1.0
5867695368303710915	9305155431596788258	1.0
1885762674092765530	12871925287475380258	1.0
3818680245519602865	11106746306997189258	1.0
3433333790468019258	11481290060708854503	1.0
16654637252773079	12878856621699651258	1.0
5442832222351930258	7357408237842214069	1.0
3977402566538992953	12878856621699651258	1.0
11926168387677572663	11423486526980252258	1.0
6114778597160528157	12878856621699651258	1.0
5574556997441771258	2084237730860284224	1.0
5574556997441771258	2123224313727006633	1.0
5574556997441771258	8704996806603460199	1.0
8094218072587065895	11479693209040222258	1.0
6564409231815456379	17199618192294293258	1.0
2244666148579251258	11476462517474622114	1.0
18371148663215086602	3462410551637761258	1.0
2104804789909405347	11479693209040222258	1.0
4238534160032457258	14290948507033420300	1.0
4238534160032457258	8171107706606176013	1.0
4238534160032457258	3646945702727551736	1.0
4238534160032457258	16235588889765646009	1.0
4238534160032457258	2532135336861021824	1.0
4238534160032457258	2907480647959311591	1.0
4238534160032457258	15242189132512380694	1.0
4238534160032457258	13394123942559754085	1.0
4238534160032457258	144601294454708541	1.0
4238534160032457258	11365118414890416220	1.0
4238534160032457258	14308831591059225149	1.0
4238534160032457258	8766523609115367155	1.0
2659365964834855191	3481732235225100258	1.0
2047396367192433446	12878856621699651258	1.0
