1612997490733780772	7380795735357460967	1.0
9716537312868815967	16394822840749066077	1.0
11984476043910673545	17169348768956328967	1.0
3124463029424959967	10594563749571924606	1.0
465175705971821967	8150656274627049692	1.0
465175705971821967	8821278284278659842	1.0
465175705971821967	432727125868751336	1.0
12065187661400766044	16585330688516780967	1.0
3940160615878744173	6821257441152997967	1.0
7919928871173322090	3472338922543124967	1.0
739395748148225967	12869166226241540886	1.0
5477258309689381946	3472338922543124967	1.0
258965753287432588	12874472069874867967	1.0
6000936677507436741	3764834925068157967	1.0
1011301628874064559	3472338922543124967	1.0
14398168412191554897	12271834674828681967	1.0
4783187191674471967	7368832155510864727	1.0
4783187191674471967	7697902292819638009	1.0
13571028132196436967	22053778874467699	1.0
13571028132196436967	8907600215369439104	1.0
5865893626283167967	7559190951283704723	1.0
5865893626283167967	15107734730599470086	1.0
18416898225797044419	11489839566798474967	1.0
6548056791921578951	3484473781577456967	1.0
11866223467165590971	17830777907068086967	1.0
4893190383744377473	3472338922543124967	1.0
2063981981065537967	12874657805776058164	1.0
2775783879052407967	320466181982646874	1.0
2775783879052407967	48033564595617307	1.0
2775783879052407967	7370380782978145053	1.0
14287651788008984626	14963706335135590967	1.0
13612954554394342721	3472338922543124967	1.0
3005638425235873967	68164484411468708	1.0
4370713354687860967	12069600717005670423	1.0
4370713354687860967	868059612834326042	1.0
4370713354687860967	11490605445411569608	1.0
4961522741760947032	3472338922543124967	1.0
4854640969239636281	11489839566798474967	1.0
5075414040817446508	11432393142434904967	1.0
6030170679512419384	11489839566798474967	1.0
7030773105922636967	10879366870169353111	1.0
672004782235893149	7375068757315765967	1.0
14944732254300506960	3659319397732227967	1.0
7521119429352500438	6391366417572747967	1.0
13094491382223298801	7413838036028280967	1.0
15026336032374166823	7220533612921822967	1.0
5724869846939624967	7366649624864403517	1.0
7408160190694922967	8467335235320572762	1.0
4576285650018366199	11489839566798474967	1.0
6008316730565610116	3484473781577456967	1.0
