1556113720162639171	13592223646929093251	1.0
1556113720162639171	2065088757305327433	1.0
1556113720162639171	10824227276092842357	1.0
17340316827099681545	12257131008938912171	1.0
13874284614651344171	6876408806755969694	1.0
4546560599213180171	10448387572810144102	1.0
3624264555067995942	11412719890143631171	1.0
12557383040763504171	320466181982646874	1.0
18306480981584439171	3053720763502722929	1.0
14512038712946888631	5221095656890241171	1.0
3880990787083574430	5602995761719789171	1.0
5192397536240990064	6040317156708142171	1.0
5862383958523917171	1053680398700647391	1.0
5862383958523917171	3473887863832881154	1.0
4029329475316816946	16808796840406593171	1.0
4449217585811100323	11412719890143631171	1.0
5018903917778626171	11420132045906080456	1.0
5018903917778626171	7371478688238024206	1.0
5018903917778626171	11425353317358425546	1.0
3723492597872257802	14848637997541198171	1.0
13265097449012873718	3485090130815093171	1.0
6115858438160785356	15586311146261226171	1.0
4411922196087234589	8934735784204234171	1.0
8159504271183431446	6135498876433533171	1.0
9799420810102539171	3477648906548450090	1.0
3598479403174536171	11490449662663747282	1.0
3598479403174536171	11473527701849219761	1.0
10329272739561487805	11319601824921341171	1.0
6557163914328196171	12873401596563089638	1.0
6557163914328196171	12870865512898928547	1.0
6557163914328196171	12877936536576831554	1.0
8294390632685228171	405037545549093866	1.0
10246736967622414171	15903851401565781977	1.0
10246736967622414171	2840739806352525443	1.0
13685058177812044171	12867945222958974768	1.0
13269917788757764171	15177735880859881252	1.0
2719680744946783419	1092729240480225171	1.0
15895445693077370721	2616146448750396171	1.0
5127663360143521844	1823342997101453171	1.0
5855359291829077171	13592253333743158538	1.0
17759242992656464697	11412719890143631171	1.0
9716667911172422966	7379686197761248171	1.0
716701411987280171	7233726056071709495	1.0
716701411987280171	9233563786578073386	1.0
3747850348065245185	1264191423168375171	1.0
4273058760134487171	12861368902116496911	1.0
4273058760134487171	8604698135295875626	1.0
4273058760134487171	7359393783785616846	1.0
4273058760134487171	5216679803441688037	1.0
3962483509598886171	3482788217262495766	1.0
