4510107457666354895	18152397948131275681	1.0
12017125910291636681	7258968767816652963	1.0
12017125910291636681	7358898076153283222	1.0
12017125910291636681	12267847137103186131	1.0
12017125910291636681	7256217364497911448	1.0
12430184296868033681	7253803764677169094	1.0
6594022361020226183	4576179701324973681	1.0
10767590950427446681	1920888243949077723	1.0
1088990375157859222	861512334581047681	1.0
5562687487709436294	8153231360419458681	1.0
4873410425834023021	10661598665074414681	1.0
14366470037809669681	9415847720911983597	1.0
2010387759479454983	860684595578222681	1.0
5670502253777868254	5894172211316283681	1.0
2872096656439075278	8593495548070732681	1.0
12383223594154389681	11315095570930367719	1.0
12383223594154389681	11335569267954406827	1.0
6158381177096163193	7231100190269970681	1.0
7368410896197505780	18344505039482308681	1.0
12640195036222709681	3605862884697986991	1.0
12640195036222709681	17863207354408945823	1.0
12640195036222709681	11856149609794752885	1.0
12640195036222709681	13130483633187595828	1.0
12640195036222709681	13150591360238286577	1.0
12640195036222709681	9633686340153522425	1.0
12640195036222709681	13128774901969113066	1.0
12640195036222709681	355043975915840589	1.0
6236852575983580258	7231100190269970681	1.0
3120889673849653681	11425197886795910625	1.0
6810864488974088163	16219639004127522681	1.0
7167519062657999194	16818963238063550681	1.0
1033512673345515626	17709692314408287681	1.0
5193550770017585810	16743885060658650681	1.0
3388316239814156239	8393361847474681681	1.0
7185852614927697127	14402746617760183681	1.0
3163821620106764316	18152397948131275681	1.0
833863606012397681	16338746268905046779	1.0
833863606012397681	11328777739138933532	1.0
2954028573215373107	10661598665074414681	1.0
7524313018987556784	8593495548070732681	1.0
5598695344136589681	2953127032214235797	1.0
15422207175892307681	7231872446969682905	1.0
6240170511198029681	1976413264067511401	1.0
5497602783436580681	66898650203531041	1.0
5497602783436580681	13535455398158519263	1.0
4509877350215194692	1608982949169275681	1.0
4006555356042757435	8593495548070732681	1.0
5623063523508508712	10661598665074414681	1.0
10114395759762296345	18152397948131275681	1.0
2155085431854218681	11243257224870776361	1.0
