7196536429288006706	3474015926875544166	1.0
4106816592313461706	1053680398700647391	1.0
4106816592313461706	11481293655542157736	1.0
6401697041661100672	1933840192217316706	1.0
14125092103977106706	12863583400096727450	1.0
5430675852722301594	17814427705144933706	1.0
3415664247749113883	3183873841870500706	1.0
6932970734883523199	3183873841870500706	1.0
16044989953455927286	8551240715387078706	1.0
8035919466922766706	798291430484587471	1.0
1385133586042340537	3183873841870500706	1.0
12084856260663347538	11345580746546089706	1.0
4764125525660405706	11176511127727527917	1.0
5295558548004632706	3469858527518426964	1.0
10728247602581893117	11345580746546089706	1.0
13221336331996630930	5845593492738856706	1.0
4461265411420071394	11471795661789749706	1.0
7485386628374651706	12868938614483388599	1.0
7485386628374651706	12882184778986040871	1.0
7485386628374651706	12872752884712506527	1.0
7485386628374651706	13487249017640006539	1.0
4909138065548354605	9189217305638625706	1.0
12952585024154071619	8934933503045169706	1.0
13582424818714135706	8077956908995680632	1.0
13582424818714135706	8081245548219891861	1.0
3881526427781167706	11414262998805586608	1.0
4182892272677034706	11765882216737547811	1.0
1710489750278771069	11279136485674898706	1.0
9555800111370634706	7256217364497911448	1.0
5406556475403260633	6713945018366059706	1.0
13889020100982646689	1816396266795252706	1.0
6225348407905345706	12874657805776058164	1.0
6225348407905345706	12871759368539830154	1.0
6225348407905345706	6442872686302014160	1.0
11957412303709536919	5845593492738856706	1.0
17775533830316991706	8434031477973527829	1.0
3465251504775968724	5840516506386727706	1.0
4347931099450868706	11416727854831557991	1.0
4347931099450868706	1057690948896240773	1.0
4347931099450868706	7226020910441390222	1.0
15915178524985078253	880073448265719706	1.0
13441091494109725795	2588494615470701706	1.0
4431972687028712706	6559938560703445676	1.0
3543249643626749742	11471795661789749706	1.0
18094144622429032706	3482259287833114792	1.0
12505431794884459377	10211620014154420706	1.0
2818778429168682706	5270694630910732021	1.0
1792471590025824633	10373291457095455706	1.0
1985115089624603456	3183873841870500706	1.0
6142599823641387194	12874696692381388706	1.0
