4808060896099889779	10465455270926882806	1.0
2838629845825712806	3473173670979777151	1.0
2838629845825712806	3488561039956730757	1.0
4609329001760176250	8910301148425092806	1.0
9426960156487043156	1295561275064652806	1.0
6414941775583157479	8910301148425092806	1.0
12551578133436859393	91191228274935806	1.0
4077196700292302806	7363371744173087375	1.0
2726228358207855302	4099430458197376806	1.0
2694687238758126524	12603309004846054806	1.0
3901457679265697706	5012598071831134806	1.0
3044258751481176806	14862181665875852333	1.0
4987847561642093806	5789219761831888020	1.0
4987847561642093806	12848850420714783482	1.0
13697180246280811176	8910301148425092806	1.0
11668120280015917661	16239177265287271806	1.0
5084879158025035806	12438942612383234068	1.0
5053142726905517316	8910301148425092806	1.0
12735904744002136806	7346516810570575935	1.0
5103997408062504447	12878375220238335806	1.0
2915406491696575751	10465455270926882806	1.0
2578211689532409088	9159408624674063806	1.0
4386967450258696502	12878375220238335806	1.0
4261618255961050237	6319030762698433806	1.0
8529120821185835771	217047790027914806	1.0
3346874306759095806	14330393052357139386	1.0
3346874306759095806	4006465520791404523	1.0
5894220037894016644	6469137507928879806	1.0
5532674269009329528	16151324972335452806	1.0
5227920125083155105	8910301148425092806	1.0
5279367162284511586	8910301148425092806	1.0
13721918930828498481	5012598071831134806	1.0
13275360242922061987	16567738642911535806	1.0
10369885938866407032	8910301148425092806	1.0
413940795950422806	8905480301201219384	1.0
1432775509209539806	5890486158723073529	1.0
13204611780956816190	10231404623251157806	1.0
3271771556852832800	4875746428925656806	1.0
4887521152301844806	10838818509724783300	1.0
8851659348553934806	11322096019906908392	1.0
5468657691905948077	13947490457312771806	1.0
7291415137733504354	8910301148425092806	1.0
7100716792304229392	8910301148425092806	1.0
4311469432330193806	11480448612182665526	1.0
4311469432330193806	1279758174786891277	1.0
15061248282452045100	11434655224474535806	1.0
3712153304462837272	12603309004846054806	1.0
7790211491329285643	153544236645933806	1.0
4260565046271095167	3648286786243496806	1.0
5767084220586585194	10311104424724529806	1.0
