4743087611335938275	10656250722743791103	1.0
6056178312250787103	1053680398700647391	1.0
6056178312250787103	360260459148730824	1.0
14427748210419330103	2670287353696792633	1.0
2620396879045824549	8897244391991802103	1.0
17098440472818544958	229134553885251103	1.0
3745796405579791781	8528135380020032103	1.0
4561389766114570499	7223106972733639103	1.0
4295344794411645711	8527214582001271103	1.0
13466334128249333103	14137818845613462063	1.0
13517104628956217103	10891755917640356233	1.0
3279106028083825932	7367344516282003103	1.0
4640011498143755933	213224526122836103	1.0
14295412884340340103	10001732821776293285	1.0
4611564666712146103	7220040460540808649	1.0
4838273239004188103	10055375916668431173	1.0
4838273239004188103	11480448612182665526	1.0
4838273239004188103	4833083185321680965	1.0
4838273239004188103	7890992430014441730	1.0
6984271873135287103	16842466965330534760	1.0
5525688128920577844	4416875908640264103	1.0
5914563526034174325	12564614584916419103	1.0
797379120855216715	8712763496262667103	1.0
1886757199022642862	13893532781598124103	1.0
3194634457724800098	4715660864447374103	1.0
1434805043954411401	7352712532932127103	1.0
2563943867663232103	11296603860004998965	1.0
6609517576810770103	11419721438395500690	1.0
6609517576810770103	7226778452466940108	1.0
6609517576810770103	66898650203531041	1.0
6609517576810770103	11414161182311761628	1.0
6609517576810770103	72009399301634575	1.0
6609517576810770103	315008506872229522	1.0
6609517576810770103	62553603488126147	1.0
6609517576810770103	11414604813760988157	1.0
6609517576810770103	1053680398700647391	1.0
6609517576810770103	7225738855605728909	1.0
6609517576810770103	1057690948896240773	1.0
6609517576810770103	10454725952920437263	1.0
3663497072512067103	245220561960714547	1.0
3663497072512067103	2378509459374688590	1.0
6151248233798573103	7211754476409079951	1.0
6151248233798573103	245398566879481500	1.0
3727111317514068153	7357447120220780103	1.0
6956812218082530983	9830730850823072103	1.0
1272339080721180550	12956196877131468103	1.0
1958256627701183968	13893532781598124103	1.0
6223939671235278103	7355980126834609148	1.0
6223939671235278103	7370302094864819897	1.0
6400058794078859249	12281012676509817103	1.0
