13869216906117845476	10375891468226799811	1.0
1550972910800679478	5822597303367694476	1.0
11234123050603136493	765200294604429476	1.0
4343920902772428476	3471845113082118876	1.0
6626021250918472476	1514102233479213790	1.0
6626021250918472476	7190934312046808448	1.0
6626021250918472476	9298562514984896017	1.0
6626021250918472476	18422186209239693094	1.0
3537426616530053476	18446587034603057227	1.0
11046132878864103476	11480001690762071014	1.0
11046132878864103476	1267373378828309082	1.0
11046132878864103476	11486651743356466411	1.0
11046132878864103476	11470518183954137183	1.0
3111782104224431735	4928545206071827476	1.0
2893866870861857210	15175722971458233476	1.0
8751829859653356476	10968882586432238362	1.0
8751829859653356476	7230169797306849011	1.0
8751829859653356476	7232557610183684752	1.0
8751829859653356476	3481569571898520883	1.0
8751829859653356476	7351135305027153396	1.0
8751829859653356476	3459624380432370105	1.0
8751829859653356476	3468880958612477053	1.0
1603425000960858458	9748037427011031476	1.0
13153223416524206743	11490039093782033476	1.0
5838237172109038476	11474160672710926056	1.0
3929118237411121274	15175722971458233476	1.0
1729040919196116476	3476232009863725163	1.0
4665411421434549551	15175722971458233476	1.0
2595841740166749476	10468954114589631802	1.0
11397285687970864754	4928545206071827476	1.0
5151644579099916476	7545400865937956909	1.0
5151644579099916476	13587147472281644895	1.0
5151644579099916476	7226795756879699002	1.0
5151644579099916476	11408689767502347663	1.0
6223951796039162324	598775392980673476	1.0
6946488968469034953	10476809244581590476	1.0
6389138625484852492	12277751924362463476	1.0
4329964046805861476	11430460136666009048	1.0
4329964046805861476	7353419471662860490	1.0
4329964046805861476	11223384715884350700	1.0
7615374945825377471	10476809244581590476	1.0
5410965448176812476	68164484411468708	1.0
5410965448176812476	7228550216592602724	1.0
2213611940621248209	15175722971458233476	1.0
6752440146930998000	4920937219993434476	1.0
12315495482673210920	9160705558795481476	1.0
9424190043763899347	11490039093782033476	1.0
16577802196786120655	6831062422048103476	1.0
13690751221659921963	4579563843508900476	1.0
1327037103406504317	15175722971458233476	1.0
