583611100016511889	10456652700963315974	1.0
3292749121385567591	5828787302843473974	1.0
6225284072515274651	5828787302843473974	1.0
5616105110393029974	15170372009151769768	1.0
5616105110393029974	5270694630910732021	1.0
4527117844291857846	17149071611151632974	1.0
788452894296797962	11699080057114276974	1.0
6079201982914682792	1791752077444081974	1.0
3268306628818519974	13592223646929093251	1.0
3268306628818519974	11489273189521426643	1.0
3268306628818519974	3985863084396393479	1.0
3268306628818519974	7364046797377356227	1.0
3268306628818519974	192439129570647400	1.0
5700075293865310974	11425717814052853892	1.0
5700075293865310974	7225738855605728909	1.0
1143562985537515030	3476255048137256974	1.0
5826602888206355974	3476427207440588027	1.0
2256802974102012824	13919901828749000974	1.0
6450379465175977993	3478983984345869974	1.0
6070433683418657061	11405339074587686974	1.0
12326414293610233903	11424369864402314974	1.0
5631122989221465829	10456652700963315974	1.0
2551753080511566974	3281976107766263310	1.0
15638558587010957354	3496361822548674974	1.0
4861129011465993974	12546844607484007615	1.0
4861129011465993974	1266568059524232311	1.0
4861129011465993974	7233729586533221594	1.0
11173733662947193208	3470692992347772974	1.0
5849279632227684974	3473046724647939120	1.0
10277130928143482974	12877163906315266288	1.0
7333894222241718986	11424369864402314974	1.0
2242833903217911974	6226680735225429798	1.0
2242833903217911974	10478882794767752633	1.0
2242833903217911974	11425197886795910625	1.0
2242833903217911974	7215648753329572668	1.0
2242833903217911974	62553603488126147	1.0
4951359651449858974	6851320044678862087	1.0
11022292221847078273	3470692992347772974	1.0
10470942145963964425	7219344431051170974	1.0
2541296106378258716	11424369864402314974	1.0
5377205686497722974	3486107020230059073	1.0
11061850362328603520	3496361822548674974	1.0
4652652307930291668	8969742903830182974	1.0
2894543246359441974	12269311269940377066	1.0
2894543246359441974	859608070635101936	1.0
5426496885155166974	865466126825636619	1.0
5442672402350121725	11424369864402314974	1.0
2527755951316180974	6900560430934926489	1.0
2527755951316180974	10320265799936241502	1.0
2527755951316180974	9498749993985162722	1.0
