6828930851739078061	7408735189528142089	1.0
1466147693414287089	8922067451513253964	1.0
1466147693414287089	10266478971061333268	1.0
1466147693414287089	4747112300382565657	1.0
1466147693414287089	9635413759676019018	1.0
1466147693414287089	13490142614267239761	1.0
1466147693414287089	8907930330765641283	1.0
18001181377765396089	12873217097682772975	1.0
3507846258982209387	3661967670240572089	1.0
5264703904164670089	16861555329051508158	1.0
5264703904164670089	7357408237842214069	1.0
5264703904164670089	7210762085528596287	1.0
7187095665462803114	9940752033908342089	1.0
2935965190435407633	18439211728282481089	1.0
12174540431999316603	7774710533759423089	1.0
4447396198842699449	16892068611521067089	1.0
11411811757490421568	11341017451133599089	1.0
12704074730586276089	11326655346629225041	1.0
12704074730586276089	11329208966757665538	1.0
12704074730586276089	11338245852929350913	1.0
12704074730586276089	11334258997930546322	1.0
12704074730586276089	11328238926873141156	1.0
12704074730586276089	7243384706528357643	1.0
16281121133256104089	10217662192562391536	1.0
3738690120354058089	3473553084166755462	1.0
5131593500039045089	5216073813319314371	1.0
5131593500039045089	4631339394657186197	1.0
14120213381092438056	15684225606841939089	1.0
12441674042764061089	3489282697560653309	1.0
12441674042764061089	11338245852929350913	1.0
12441674042764061089	11323435925067545496	1.0
2497045134993274093	18307731351007344089	1.0
3133700618146847089	5948138738929547656	1.0
3133700618146847089	2764505849374425710	1.0
8395072075515540018	11845618541941383089	1.0
9189047330876314469	10960533388993407089	1.0
3670939007942860089	2234504957334945419	1.0
5037015817688294645	7365679129339714089	1.0
13521413562804001737	11341017451133599089	1.0
1586690408594174089	3138479270147501389	1.0
552954906554588089	12874452094042018887	1.0
552954906554588089	3478545811761624229	1.0
289003521664624089	15071886892636741293	1.0
289003521664624089	6862493462284322327	1.0
11455107060664972089	3465005802754168742	1.0
13762875744761508089	2784744847766304309	1.0
13762875744761508089	12994372310246156884	1.0
13762875744761508089	3485630171432919128	1.0
13762875744761508089	5707524118257044	1.0
4060739133118588497	9612647629722942089	1.0
