1454353996395137475	16742348456084069024	1.0
2305337084312188024	3273501158172996852	1.0
4944515174794644697	249929241892272024	1.0
2634493812461631024	3461388190475421930	1.0
5077994621947534024	17277674830307360902	1.0
5524224277959442024	7391350733590449611	1.0
6665009390038390297	249929241892272024	1.0
11113935697758381024	14712342596314275656	1.0
11113935697758381024	9017542175225298567	1.0
11113935697758381024	7087082606083851553	1.0
3888014429789888657	9939500699484329024	1.0
1897209044707730788	249929241892272024	1.0
11535863764872918478	6033362694173778024	1.0
7681354783360562683	8740517010811997024	1.0
7956451137412702480	3976519830795557024	1.0
1332124132922242024	17540555363858803919	1.0
1332124132922242024	8530632718882160091	1.0
1332124132922242024	16971731367394542047	1.0
1332124132922242024	8664349696737490376	1.0
13727345932285332024	7230292358504579648	1.0
2154546915256188024	891153589466531576	1.0
2360898930190179369	24023510970210024	1.0
3129739636565021088	6051833381395574024	1.0
6367382005423558687	1694735158821817024	1.0
12964491751577470242	4592050443033743024	1.0
6018627353550029024	14338622755532801457	1.0
6018627353550029024	14289748069758142681	1.0
6018627353550029024	855847002199881198	1.0
2419357057809720731	249929241892272024	1.0
5649805300253749024	7598309384351966563	1.0
5649805300253749024	11469700559495478368	1.0
5649805300253749024	7371538061866154780	1.0
5649805300253749024	7558467629687711623	1.0
5649805300253749024	7364172734018412293	1.0
5649805300253749024	7548841972374631502	1.0
5649805300253749024	16861555329051508158	1.0
5649805300253749024	7353691927182053130	1.0
271335087086222366	874903428534213024	1.0
3849377480374825500	16761208454498294024	1.0
4324205974509606630	11425715739728592024	1.0
12742642628052060910	16761208454498294024	1.0
11850307830683787938	9769224148620707024	1.0
5599826522416295714	10665053306254672024	1.0
4722839467076743707	10268808870361632024	1.0
2503180269006917031	13374099524785922024	1.0
15544185023799160024	3473553084166755462	1.0
13503219764111789484	11412690825989177024	1.0
2681217683740658840	10868522731228637024	1.0
2067256278730929541	8530668168883596024	1.0
14355521205181538430	10473796299303885024	1.0
