13231349365053614867	16245980829282617835	1.0
4914690694414756662	11412356896536132835	1.0
7015469596211230020	12662179688996788835	1.0
2659641966364452012	8933758736115660835	1.0
6003801379390779891	10368857544348463835	1.0
5718590266702731835	15915183685672152901	1.0
2664930110560478369	12662179688996788835	1.0
2186343069404500835	7370115929509272454	1.0
2186343069404500835	1061330435551545705	1.0
2186343069404500835	7359943479780253502	1.0
2186343069404500835	7230292358504579648	1.0
2186343069404500835	7359665329035964957	1.0
2186343069404500835	192439129570647400	1.0
2186343069404500835	11428451208569934886	1.0
2186343069404500835	7373775284629453662	1.0
4674046661101014835	7238500784139665678	1.0
12500646427395237835	17414305994244263257	1.0
13206034536204050835	7353076071851287071	1.0
13206034536204050835	7228597182160519219	1.0
13206034536204050835	11413594933849846661	1.0
13206034536204050835	11408716761461746295	1.0
13206034536204050835	11411868932539621915	1.0
13206034536204050835	7221490445700833561	1.0
13206034536204050835	10983344527371232357	1.0
9554711496843000680	7349525413704118835	1.0
2805192146129458835	8339688325078353028	1.0
5465350036223166082	7349525413704118835	1.0
13557794405695595744	11309569554158289835	1.0
4336508106092766897	8567021096386640835	1.0
2543096333167107971	11412356896536132835	1.0
10763974588093428985	11332685210168819835	1.0
5993369376311351857	11548147500787629835	1.0
12686270177330170835	12023424842440252724	1.0
12686270177330170835	16788790757995206692	1.0
12686270177330170835	10443231459900172371	1.0
12686270177330170835	55533763042605517	1.0
12686270177330170835	10218950614071082735	1.0
12686270177330170835	2185275116652897074	1.0
12686270177330170835	10656568949776253960	1.0
12686270177330170835	11424811683310680099	1.0
12686270177330170835	18133169257044246209	1.0
5308774915982996303	6990266951966633835	1.0
14120411711606222835	7232160519008695689	1.0
6140369112117103835	11487363114479013871	1.0
6434976986119141835	7391301135579146398	1.0
5232601259945239921	6842704593684437835	1.0
2619675058339876553	16782089624918018835	1.0
3534977343343920835	13583740433607220055	1.0
1337586123260428922	7349525413704118835	1.0
10990077980679974835	66898650203531041	1.0
