10599641526269686548	4922084273395233677	1.0
3055397699323857548	7226795756879699002	1.0
11246319217752889548	7231897971868761215	1.0
9341735886913737334	6973924659753070548	1.0
4965964479839224548	751737199899387696	1.0
4965964479839224548	7241017754306040608	1.0
4965964479839224548	7242868051996379647	1.0
4965964479839224548	9275695225671153836	1.0
4965964479839224548	9036478255980261989	1.0
4961429299434007441	7855418259889791548	1.0
9770360832573391232	2123766822514781548	1.0
4418547997539147548	6669719385914428949	1.0
4418547997539147548	5828787302843473974	1.0
4418547997539147548	864118976076388660	1.0
4418547997539147548	2050757507577018944	1.0
1550772232949852052	17635256763812992548	1.0
2044078772715699670	10324450352079821548	1.0
11120132017158813643	1146121868044782548	1.0
6090834746845739548	11408687074647681008	1.0
5947635538591735350	8022462456741010548	1.0
2687675776548575090	859942476817726548	1.0
2746145263187495297	10111077553239368548	1.0
6854748466928230548	7979270849412038733	1.0
6866853742377986144	303302667571117548	1.0
6519256915243553548	11427340534316161903	1.0
2445426493452080548	7251054560328660739	1.0
2445426493452080548	7252782464364154805	1.0
2445426493452080548	7242808678368249073	1.0
3782013459849608534	869397151590105548	1.0
13289855662633755548	3352479417854718072	1.0
13289855662633755548	2775493333614090352	1.0
13289855662633755548	9168020068407672671	1.0
13289855662633755548	857332730070229073	1.0
13289855662633755548	862151820912515031	1.0
6656175107631581690	8810626590255402548	1.0
13400461417292928139	16104714285363638548	1.0
2488112213066077548	13050228379980652495	1.0
2488112213066077548	9471373698640608081	1.0
10339388207327169140	10656029085823962548	1.0
3546991439896776548	17608998680765095961	1.0
3042223120385407548	2793038090347687771	1.0
3042223120385407548	3936545556021664438	1.0
3042223120385407548	8339819358148841	1.0
2812316092732055548	321634164011864212	1.0
2812316092732055548	11428244440352538494	1.0
2812316092732055548	11425197886795910625	1.0
13640980010680819021	7375047449962806548	1.0
5273623446741344548	1057809696152501921	1.0
5273623446741344548	11489555308688235894	1.0
5273623446741344548	11477302729009215568	1.0
