11866662655036656445	16861436697760871779	1.0
6138292821536987779	11492142343599746886	1.0
6138292821536987779	11486998828098369726	1.0
12534712734843185564	16447525021980742779	1.0
4332231958145914779	2114110095244723227	1.0
4492931689332277554	8374537148595281779	1.0
12495958427715032779	5603398957281871151	1.0
15696051167512369556	3907500350868879779	1.0
7324439944923975791	16861436697760871779	1.0
7021379455113178200	16861436697760871779	1.0
3256218785543875779	7395377218504358376	1.0
3256218785543875779	11414958585935275062	1.0
14062966157403928779	11489094978386948987	1.0
2774167687765999779	6835360915562987031	1.0
2727710148342118779	11424469670831638914	1.0
2727710148342118779	12869983863494750756	1.0
2727710148342118779	305727086773717602	1.0
2727710148342118779	305697399959652315	1.0
2727710148342118779	15181949037738042170	1.0
2727710148342118779	12655519612043977559	1.0
2727710148342118779	15181978724552107457	1.0
2727710148342118779	7345998880466362686	1.0
2727710148342118779	192439129570647400	1.0
2727710148342118779	7231928006624187322	1.0
6193602929410385779	12339435357257514288	1.0
6193602929410385779	17557941811180903829	1.0
6193602929410385779	11146361308300270064	1.0
6193602929410385779	2175805432199871603	1.0
3092011453823568109	8936612714875350779	1.0
4094905619884636779	858586233460323695	1.0
4094905619884636779	6826707784737429223	1.0
9667259667418918779	11338245852929350913	1.0
9667259667418918779	11325844731755345820	1.0
14551377468539635779	16265244443096594916	1.0
14551377468539635779	9631565094402459436	1.0
562926133005187779	8709474612089972038	1.0
5433478484224715520	16861436697760871779	1.0
6218708645461348097	10928977298052003779	1.0
3512682680357862779	15593073245984337000	1.0
3512682680357862779	9104693292691651525	1.0
3512682680357862779	7377567904268966847	1.0
2554374238478627253	16861436697760871779	1.0
17847622459160228779	11419892717371175709	1.0
17847622459160228779	50732272886990796	1.0
2784837589179171171	9487557970049642779	1.0
13590775160834045853	733325771976830779	1.0
6598954486555808779	12138726031254909470	1.0
12888526182901392779	12663473324551896565	1.0
6242600049629332851	16861436697760871779	1.0
5634681157073773027	16861436697760871779	1.0
