12332568560614729419	11336480543963022693	1.0
3451786171470594273	15172411667654441693	1.0
12665929715362161805	15172411667654441693	1.0
4450635009801581632	15172411667654441693	1.0
6119867090206562920	15008774045497504693	1.0
11756132250269307633	10961173742886089693	1.0
6240007246361634164	15172411667654441693	1.0
10740973913127274643	11336480543963022693	1.0
3926048697410210485	3483228619029913693	1.0
5745034947631716693	3473553084166755462	1.0
6927255018288236693	1921958956870645347	1.0
5032950565288797693	13583740433607220055	1.0
3633638742701748693	6826648411109298649	1.0
3633638742701748693	6900522733348902998	1.0
3633638742701748693	6826618724295233362	1.0
8129301115735885359	11336480543963022693	1.0
5121861414152205393	17545461293307784693	1.0
1157785551071281693	3478689637474038550	1.0
9169649320238054797	11336480543963022693	1.0
7939260346710962204	15172411667654441693	1.0
13519700223580955372	8561151146607959693	1.0
7060399403835678975	15172411667654441693	1.0
3443228384664191693	7246869612857289821	1.0
12276272892118611813	1267170295594899693	1.0
8403629604359849997	7750144376398928693	1.0
9448783428385018230	10961173742886089693	1.0
8245874573463554693	7238524796413122316	1.0
1857321463778036582	16728416393839976693	1.0
10378689740771188759	11336480543963022693	1.0
8269901156544056734	11336480543963022693	1.0
10407217314480084964	10961173742886089693	1.0
12834925884541936643	3468843772750226693	1.0
4697401188437945933	10961173742886089693	1.0
9455167579398240693	11315687834045959867	1.0
9455167579398240693	11320513302943731291	1.0
1437460129141124358	15172411667654441693	1.0
2493943777871293901	12118171498696902693	1.0
6843435209430432693	8598535042669648001	1.0
4954360736882951111	16826398032673599693	1.0
18236193486004877693	55533763042605517	1.0
18236193486004877693	7215473982480325264	1.0
4787535338068315196	15172411667654441693	1.0
12341986654543461799	11336480543963022693	1.0
11379105087519735929	11336480543963022693	1.0
2573912340914487693	2070939099807337721	1.0
5519799827589287930	3483228619029913693	1.0
12383101737361568693	66898650203531041	1.0
12679235835969994073	11336480543963022693	1.0
4138205379929682624	3483228619029913693	1.0
4289263545993746580	11315557774207354693	1.0
