5788918230836418731	11338593375757912737	1.0
3134799052451191387	11426206044430314737	1.0
10212141560455657087	3647079659969346737	1.0
6118946403215404737	12873720725518283842	1.0
4727716632678195668	11338593375757912737	1.0
14582312907198738737	11479693209040222258	1.0
5851330281807638672	7216807754662928737	1.0
5048595846783895043	11338593375757912737	1.0
8056341843351267737	2123240710459708999	1.0
12801198679321416900	902875730389406737	1.0
6281271604272327347	970928622993698737	1.0
754132597380354737	997030687250774118	1.0
5892743421952892737	15589547504967992995	1.0
5892743421952892737	3474368505093052497	1.0
5892743421952892737	3469267767598724315	1.0
5892743421952892737	3471330983974284607	1.0
5892743421952892737	3472539643634380491	1.0
5892743421952892737	852457598555803504	1.0
5892743421952892737	11645852290814701646	1.0
5892743421952892737	3466811651822417800	1.0
5892743421952892737	6064813313665352639	1.0
5892743421952892737	11691601798200566609	1.0
5892743421952892737	11409604586976730338	1.0
5892743421952892737	13050665534680473949	1.0
3271480774722436450	12869715969175376737	1.0
2266299077726267921	7216807754662928737	1.0
5562131293466137737	11553695208619159125	1.0
5562131293466137737	8711947675763914334	1.0
10982612870229409737	17240134477300749359	1.0
10982612870229409737	12371965204123057244	1.0
10981786960742187810	16072445633461029737	1.0
1507391198649546587	11338593375757912737	1.0
3849705101042655273	11338593375757912737	1.0
2668990985037686737	11408716761461746295	1.0
12787258889793814737	16828931745567516009	1.0
1762000673582141737	9137932899047019795	1.0
1762000673582141737	4835112894763171767	1.0
5923930854281011711	11338593375757912737	1.0
1477178522044074679	18077788992115005737	1.0
4083554593681909737	12873720725518283842	1.0
4083554593681909737	12878826960560494763	1.0
5282692038097498737	66898650203531041	1.0
5282692038097498737	320466181982646874	1.0
5282692038097498737	15181657293518797021	1.0
5282692038097498737	15168196359125885656	1.0
913487424878306584	16106406506534901737	1.0
4891785536271488737	7355274373527930124	1.0
4891785536271488737	7216401128570415331	1.0
13805241095471759737	9936042217380129313	1.0
13805241095471759737	10631613455116064741	1.0
