3702130066363844875	7371166581575828417	1.0
3305024278735615670	7236967961848687417	1.0
11173577442555008805	11928097153972114417	1.0
2626407184040074417	7226490844321346302	1.0
2626407184040074417	11489576134958892329	1.0
16573055351131376543	11486453380155164417	1.0
4659817544681011975	17919066647367644417	1.0
4658184642757070502	11420576132578201417	1.0
13832053284347417973	7371166581575828417	1.0
5625497134175050417	7413120660475600283	1.0
13239818040051300826	6907527008451579417	1.0
2577485393565735417	16041306052591058905	1.0
5944440791918830417	11489048876179821236	1.0
5944440791918830417	11490138243108882617	1.0
5944440791918830417	7236034991881948722	1.0
5944440791918830417	1281630918028475550	1.0
6704520874588216328	7353721613996118417	1.0
4057473025712431439	4750001178270671417	1.0
7206284883218904903	11420576132578201417	1.0
6336537326850261417	7353694826333153729	1.0
6336537326850261417	7358247440108982972	1.0
6336537326850261417	1789420248532449435	1.0
6336537326850261417	7349780539090704277	1.0
6336537326850261417	360260459148730824	1.0
10001276353284824437	7110974513596174417	1.0
11345147002590488258	12861043605515747417	1.0
5643052076972849466	6907527008451579417	1.0
6403401292774571559	11420576132578201417	1.0
2607502317490322496	5565371972176040417	1.0
7893188851558196282	6907527008451579417	1.0
5335122409313600417	7238620978771183557	1.0
5335122409313600417	8559349455681553068	1.0
5335122409313600417	7361116839103500373	1.0
11397133960890161399	11420576132578201417	1.0
9537719621713709550	18351231073387000417	1.0
4383034456301889056	3255269935907646417	1.0
2980079156275991137	7353721613996118417	1.0
2719080427574467931	11420576132578201417	1.0
12638877254100140051	9482352863360373417	1.0
851668831114901421	9482352863360373417	1.0
13723971656207336383	7393277245713840417	1.0
3385356084810653591	11928097153972114417	1.0
11965883804399005417	8385356154247159918	1.0
11965883804399005417	8859755250230502214	1.0
11965883804399005417	8750829905879618326	1.0
597816046381818257	6907527008451579417	1.0
13931321385439639662	7371166581575828417	1.0
5031964895416506264	7353721613996118417	1.0
7806871326445917361	7353721613996118417	1.0
6501891322925939417	12662000262458651061	1.0
