4033217153032155356	858008873802270555	1.0
9856317950328238814	5407317970850005555	1.0
5719832787850188209	6267132663128118555	1.0
6549911840527624090	8948990192273619555	1.0
3111299637604923950	11432791706825889555	1.0
6144719368631259189	14534478640655094555	1.0
12955816006909201174	11432791706825889555	1.0
4663082747877447555	7387703670622481710	1.0
10689442194841245796	6674589805993159555	1.0
2879256843966842555	9894795558136521021	1.0
2879256843966842555	11113894945101976009	1.0
2879256843966842555	9932798115286615389	1.0
14522533928737285614	7353225579643814555	1.0
3545650602494843555	13587147472281644895	1.0
2569388546429189334	6604312525151329555	1.0
2169021141593117555	4995060590760985934	1.0
2169021141593117555	230026077430562928	1.0
2169021141593117555	6307043084298097560	1.0
2169021141593117555	4992556654895086070	1.0
2169021141593117555	10841390218207800833	1.0
2169021141593117555	5012538814168629001	1.0
5189365539127695665	11432791706825889555	1.0
3321200806700938555	7208159150626835399	1.0
3492180529118617814	11427730852408202555	1.0
4753596637212449825	12873691038704218555	1.0
4753596637212449825	2870355130528310555	1.0
14852641403389874555	3490822104041113532	1.0
13673745285881860028	7353225579643814555	1.0
5350634376631586897	11432791706825889555	1.0
6816416347996259146	858008873802270555	1.0
14476257937127356860	11432791706825889555	1.0
2864093058036571377	8028130241717940555	1.0
7658920466392876724	8948990192273619555	1.0
6840872974046884399	11427730852408202555	1.0
1897524063477989559	12107255740550461555	1.0
5917017910475690943	7353225579643814555	1.0
14107510233950249908	9213579294931702555	1.0
5803873624202249988	12873691038704218555	1.0
6641518759115051555	11410041312107693902	1.0
6487182580409833166	11555340802298354555	1.0
6879065334012281555	7568162992857374009	1.0
6879065334012281555	935275968183955382	1.0
6879065334012281555	14632486997412648772	1.0
6879065334012281555	18058778181487342949	1.0
6879065334012281555	3088490790523464278	1.0
6879065334012281555	14480242556983004153	1.0
6879065334012281555	7593522578953906705	1.0
6879065334012281555	11156175324939489138	1.0
5653056526249083277	12873691038704218555	1.0
4123732224162301614	12111364332028121555	1.0
