6316572761474640959	1617612684864992237	1.0
16614716229918590150	17608193497065511237	1.0
7940041486063833637	13867881651935681237	1.0
4759315849470188704	3487852091128834237	1.0
4362353652369863358	11478982533771692237	1.0
13947956335192415237	12662000262458651061	1.0
13947956335192415237	1049176824748243018	1.0
13947956335192415237	7226778452466940108	1.0
13947956335192415237	56070749826492455	1.0
13947956335192415237	12655172836437919360	1.0
13947956335192415237	71773339309287098	1.0
13947956335192415237	55453318188585174	1.0
13947956335192415237	13592223646929093251	1.0
13947956335192415237	7223395487119372600	1.0
13947956335192415237	11422727606303772816	1.0
14631646258304514237	3464665160314342534	1.0
14631646258304514237	11231425148249022990	1.0
11283754583639951237	3479662408785595064	1.0
2026714786227526237	12854783969786568963	1.0
2026714786227526237	11414263088973088322	1.0
12783434431695419507	7270229149849638237	1.0
5711950303258741237	16229931987458665811	1.0
9502138580965743577	7931626021213075237	1.0
13727222469265782118	11478982533771692237	1.0
8566226633275465541	8241162114502275237	1.0
6574341768570181237	871711468992641258	1.0
3422366856643897646	16732106466499690237	1.0
6118992024892822764	7212417134067064237	1.0
12423309464613220237	3466732010291268476	1.0
17477100978006362296	1617612684864992237	1.0
3774181444372213237	12254406406091958690	1.0
3774181444372213237	12134513870226704564	1.0
3774181444372213237	9113360184646815313	1.0
4394636453703104237	10467546559255000519	1.0
4394636453703104237	10456229126958464903	1.0
11312399668500639237	5423621388353609685	1.0
15517997164800359237	12076669958955316727	1.0
6504931897655924222	14384250804990540237	1.0
5419258197294765582	3662573269278785237	1.0
5225592191126323180	5942198373963360237	1.0
1894152367695913787	7379126560727007237	1.0
1796877023691550237	7221638622187936659	1.0
1796877023691550237	10465455270926882806	1.0
1796877023691550237	7346353438678950017	1.0
10805600719824108237	8486169087615587869	1.0
818060758379402237	11421667522548686882	1.0
1682051000589999759	865165827115709237	1.0
10127268024018004487	8241162114502275237	1.0
1474469942837959237	11425724977996381679	1.0
5819245561921083237	10658379213854188536	1.0
