11017332002321358951	7227368679740724452	1.0
5994916766005650452	12869593446609147771	1.0
4622485847474052286	11423002213613968452	1.0
10762420175320025357	11317565241624900452	1.0
12935069359177142058	11317565241624900452	1.0
4727509903216373452	11419151813960850218	1.0
4727509903216373452	11428244440352538494	1.0
4727509903216373452	71773339309287098	1.0
4727509903216373452	10968899903756295983	1.0
4727509903216373452	10322205071931377226	1.0
4993845631112845452	3483832465660973240	1.0
12309281505459651554	11317565241624900452	1.0
2038328738304673396	6870566861830411452	1.0
5588987321790836181	11475706302523226452	1.0
2692291840719427738	11423002213613968452	1.0
5128357731682116610	17356591637005465452	1.0
2370757118998438586	11423002213613968452	1.0
9295211204053232895	11317565241624900452	1.0
9086261869587633310	11317565241624900452	1.0
15798356252653250452	12878810558208514305	1.0
15798356252653250452	13113288404606994259	1.0
15798356252653250452	12864723293068116690	1.0
15798356252653250452	1057690948896240773	1.0
15798356252653250452	2980580204368636131	1.0
1271946036358214452	3345917261597691303	1.0
1271946036358214452	9070609982211312097	1.0
1271946036358214452	1607573907659455	1.0
1271946036358214452	9070580295397246810	1.0
6199168537198490215	11423002213613968452	1.0
11482712700209843230	11481797438174399452	1.0
13230723661224533512	11423002213613968452	1.0
1752918360172739268	11423002213613968452	1.0
12034359051577808764	12870782289282072452	1.0
1050448291870911334	9880132652285844452	1.0
10053894706922476452	11469590737199542907	1.0
4294274492569606545	11182521861216405452	1.0
5450744333600727452	12876323578828899142	1.0
4711605376850028708	9685546946161059452	1.0
1816505157840656628	4040911786249151452	1.0
11519091378167343757	11475706302523226452	1.0
10962935302490621452	7365500656408415517	1.0
10962935302490621452	6732687506222778828	1.0
10962935302490621452	7232415348016622567	1.0
10962935302490621452	7227384309081954284	1.0
10962935302490621452	6732806253479039976	1.0
10962935302490621452	7231871970173513364	1.0
10962935302490621452	7213254523799273234	1.0
10962935302490621452	11426055132207094228	1.0
10962935302490621452	11410518964108476535	1.0
4614231535651914452	10977502718885442273	1.0
