12858954139876753802	11407498837584614958	1.0
12858954139876753802	11432022684369988882	1.0
12858954139876753802	357697845429538190	1.0
5057482809078622802	247243980425444640	1.0
1198215766967337802	2079196861679441031	1.0
5764112951503799222	11932595207301384802	1.0
7336691201104832268	7344448762384784802	1.0
98073988386282350	867158996850225802	1.0
5089391712480006632	10844649709419139802	1.0
14459000215961853868	16877605561609234802	1.0
6658782604669598900	14973749974437736802	1.0
16908109203159605802	8907600215369439104	1.0
4539471961446615802	6092692127151432077	1.0
4539471961446615802	5348648039747145903	1.0
1146096638392263058	10468954114589631802	1.0
5768075037612618786	17709184193183587802	1.0
7990506698439480474	5450927871794730802	1.0
15195827635329591894	11414975735840679802	1.0
5023315034096014802	9218137002671542271	1.0
3579672645762075802	13227406130652283653	1.0
3330920858951246285	10901087231296932802	1.0
1329520848904850798	10844649709419139802	1.0
6200488888047609802	856164657873291227	1.0
8881822843994943683	17609395630311443802	1.0
8354086554888454073	10844649709419139802	1.0
1762752121805678802	10451239190243900091	1.0
1762752121805678802	5903165726881166936	1.0
2180981674428616293	867158996850225802	1.0
14137079848910244394	7677920271478093802	1.0
4052173368026875044	5450927871794730802	1.0
4362587751560153802	7392330368656262897	1.0
3502189872042196958	12764657466732455802	1.0
9760676639795754802	6873756999589215370	1.0
17851841035699581087	10844649709419139802	1.0
6698368874818118538	10844649709419139802	1.0
12725276987345661881	1922495763391084802	1.0
5558421325096756093	4409474290806946802	1.0
5115574856431232934	8831952329329294802	1.0
5389086964252534506	705962109089752802	1.0
14274168605981678802	219815146107981766	1.0
14274168605981678802	861955540825448670	1.0
14274168605981678802	1111181257684910382	1.0
14274168605981678802	865271161101989464	1.0
14274168605981678802	11489963523904291860	1.0
14274168605981678802	11490710431621877393	1.0
7687253712092383371	10844649709419139802	1.0
5187405633996416410	15163433652700737802	1.0
1825441880684377280	15163433652700737802	1.0
8345304372205801913	10963358601384236802	1.0
14942849001650757983	7344448762384784802	1.0
