3820072109938453377	875791975615745796	1.0
5036098592227455377	12877806884413346743	1.0
7786317055495413296	7272712913130634377	1.0
2994173312502074377	245279935588845121	1.0
2994173312502074377	7212427145617702875	1.0
2994173312502074377	7353770280226590975	1.0
3323879533297045163	16626011235984476377	1.0
12824618924572074377	8933855737665600728	1.0
12824618924572074377	15177765567673946539	1.0
12552132936863059664	7177174646004082377	1.0
6664025501142170377	11645852290814701646	1.0
3368069575536369365	14102014148881420377	1.0
12755191296665451377	7212974208511636456	1.0
6299610082938006377	249531708418901705	1.0
6299610082938006377	11412531680282535808	1.0
6299610082938006377	6853041700508963509	1.0
139323655615348183	12672223418506737377	1.0
555784319202104377	872605333170837959	1.0
12880461327905462149	6752092568022599377	1.0
1244489648685042168	17275738276806822377	1.0
12922512022390933547	17559073560927754377	1.0
16606052645334443899	7365709009970201377	1.0
4308536521641641377	10479944871389326336	1.0
6125288668885446889	11253860392999924377	1.0
3610367711139844377	7220828140318212694	1.0
3610367711139844377	13050665534680473949	1.0
2845169890693157377	11421389565027314900	1.0
2845169890693157377	7232557623096892504	1.0
2845169890693157377	866773781203997992	1.0
2845169890693157377	855143821473249648	1.0
2845169890693157377	11414296448034057216	1.0
2845169890693157377	1060373512479657812	1.0
2845169890693157377	53080039519993637	1.0
6333183981334746701	1917522651725680377	1.0
4867282369792514367	10478949383948829377	1.0
5139529886232377377	19019427358711399	1.0
4326214938656530065	999887655262646377	1.0
5367205393545132377	15595431530769801155	1.0
13489467381071065377	8710239202150455013	1.0
12949368526597497015	3494523310008052377	1.0
13672296408650363377	360260459148730824	1.0
13672296408650363377	11425926588099752645	1.0
13672296408650363377	319012640527040080	1.0
13672296408650363377	13592223646929093251	1.0
13672296408650363377	11434307572621701701	1.0
13531672134430898377	10749125448622769928	1.0
5679516389982702953	873168798600466377	1.0
3673340131185027377	7367133513136393443	1.0
14782674613566327173	14415814005569608377	1.0
11280471854486890843	7198809664387639377	1.0
