2036138300517370493	12883105521273643234	1.0
5232879949173102394	3481713358793458493	1.0
6655831257346132493	12662000262458651061	1.0
6655831257346132493	5947990304859221221	1.0
6655831257346132493	64057099757674227	1.0
6655831257346132493	69752376862250217	1.0
16634499606710216890	7230321272201571493	1.0
7104782037115626493	17282632798781685752	1.0
589587082579253874	8102314669599984493	1.0
2430656094337135767	7402685633732984493	1.0
11071673483520568886	3487990745631995493	1.0
11743965531657199708	4629285873568490493	1.0
4299713725523239493	11416161709302528414	1.0
4211911038771982347	10492004425906341493	1.0
5589740596994957493	3485385147768582805	1.0
3391102352740408127	13056182003600607493	1.0
5311316548303988490	4870907388225034493	1.0
6714734242673688493	7362810761351830147	1.0
6714734242673688493	66414607356525271	1.0
7644333231766006081	6760767108945730493	1.0
12086543968997883493	7240149852960576572	1.0
12086543968997883493	7243640244232118484	1.0
8521109174033743219	7928042180950054493	1.0
12528042645702895333	7366021008756951493	1.0
6285059152010894493	10227851624510898951	1.0
12494406437446259946	8653855793580072493	1.0
4723234342233816086	9587824374875425493	1.0
6723224009960717493	12871925171509755489	1.0
4022923035758746493	16682688222003183160	1.0
12376780637019953511	7366021008756951493	1.0
12376780637019953511	7224228878293921493	1.0
12889146921354382181	11485741592487915493	1.0
5755973953728147194	7216429926264402493	1.0
10635508070270748573	13384879868552081493	1.0
4742961559260131057	3481713358793458493	1.0
3630804892710471768	7402685633732984493	1.0
2312629612281622493	8882691527184638035	1.0
5586888972309648095	15601073125080695493	1.0
5513107413756770493	12273546833568044913	1.0
5795588027163921527	12268960280860914493	1.0
226639918648915300	9129413222568957493	1.0
1846832174610702408	7377348702085983493	1.0
18322521864470893493	12635029242305871217	1.0
18322521864470893493	7364662338977998627	1.0
4877231830747515493	7401525923811757226	1.0
4877231830747515493	7357408237842214069	1.0
2935432098967463327	5693665402244957493	1.0
15704627074377020196	7792371731288889493	1.0
13464887980090288493	249531592453276936	1.0
13464887980090288493	249383274348575270	1.0
