3300015767310001125	7225372018210435864	1.0
5748999595740582299	17259202170238313864	1.0
2480342094115837864	6900443220624358539	1.0
3925923069111168864	11138524114713271977	1.0
5004047158404788404	3484025631800367864	1.0
2882796265608811864	11325599566477078072	1.0
2882796265608811864	11493665669759998021	1.0
1626202088551916754	7225372018210435864	1.0
4958078937458694864	9452690377217001007	1.0
5974018113504859134	17862183924850292864	1.0
4435143867718447184	7225372018210435864	1.0
1803448892693730864	13592253333743158538	1.0
6394867115631771564	7225372018210435864	1.0
3618292582711846864	7213245504391697647	1.0
3618292582711846864	12869413006472395649	1.0
3618292582711846864	12873799619813299352	1.0
17597915877702371437	15890722977930801864	1.0
5463088705023090922	7231656195309239864	1.0
10282897044708261864	11318591476844975538	1.0
10282897044708261864	11339530146875269998	1.0
10282897044708261864	11321500303519278891	1.0
10282897044708261864	17932418046843682900	1.0
10282897044708261864	11324907058675529917	1.0
10282897044708261864	11332608905859790470	1.0
10282897044708261864	11414756834155677390	1.0
10282897044708261864	15614900997829559606	1.0
10282897044708261864	11324923938075542569	1.0
9321333461237785864	6752240886127301043	1.0
9321333461237785864	7232320231636787225	1.0
9321333461237785864	6751907253045824316	1.0
9321333461237785864	7214486440724101457	1.0
9321333461237785864	7230559943585733247	1.0
9321333461237785864	7232557610183684752	1.0
9321333461237785864	7214051785750361233	1.0
14924088026294595422	7231656195309239864	1.0
12416459992803709621	11491102360221699864	1.0
6244232317297618982	11159254661817148864	1.0
3375109013670786427	7225372018210435864	1.0
6425411712351301888	7225372018210435864	1.0
8472498489759019075	11034598686395686864	1.0
12230897081709975864	1438544957418633850	1.0
6868082949138265463	7225372018210435864	1.0
14837462091860042656	9004094297909261864	1.0
3825019298204886097	7225372018210435864	1.0
5818786678263898157	5879081538685555864	1.0
13843444400159554060	18080483538848744864	1.0
2235471417547113573	7231656195309239864	1.0
13986661274672058601	7225372018210435864	1.0
5300621113673585202	7225372018210435864	1.0
5023523224117038864	11479227570149748656	1.0
