5307887999044867518	7369424787650771341	1.0
10682511325884240823	11431545418993324341	1.0
12367906757922964310	45506577651252341	1.0
4488687782553009238	7634024537177861341	1.0
12883631676706019964	11335469848005674341	1.0
333635821519042341	2893825733518560320	1.0
333635821519042341	18016954346459649750	1.0
333635821519042341	14738667529205702216	1.0
333635821519042341	10095075763114471515	1.0
3557310959742061864	866680868152797341	1.0
7425821264651999514	7369424787650771341	1.0
13540214026907935894	7369424787650771341	1.0
931530552526258006	45506577651252341	1.0
4045399044912665799	7369424787650771341	1.0
2343108353203892063	7369424787650771341	1.0
1988694541921547558	2377571047671542341	1.0
3115726279227597257	7369424787650771341	1.0
9122856577478841855	7369424787650771341	1.0
5015930743855855155	7213963408111844341	1.0
5906980747515901992	11478004784450922341	1.0
6004314049731932341	11484399904716887910	1.0
6004314049731932341	1280770051938578636	1.0
14508034733444398316	12084777369878586341	1.0
5852341874544818635	12084777369878586341	1.0
7475658394873584611	11479574345818336341	1.0
7912006771904633646	11335469848005674341	1.0
12164333156925947640	7209019655953167341	1.0
4748315489097673659	13330635770924515341	1.0
4372723040628663836	2377571047671542341	1.0
12805082949105094225	13475175692754535341	1.0
18036624794135567528	6836263773486458341	1.0
515782617975867341	7377236719337688990	1.0
11835454575973294895	45506577651252341	1.0
1063089188604883494	12084777369878586341	1.0
10925672596193581724	7592655922377815341	1.0
2820050362770191104	45506577651252341	1.0
11787098501722575471	7213963408111844341	1.0
8476831431832420632	11335469848005674341	1.0
2039023156837520055	7369424787650771341	1.0
13557125903003700341	11409772902519394366	1.0
13557125903003700341	12876276458716488845	1.0
13557125903003700341	16673086228713345882	1.0
10890254848916823341	14721581646621182413	1.0
10890254848916823341	3299122147846104877	1.0
10890254848916823341	8609050051549055536	1.0
10890254848916823341	18176185136035939802	1.0
5841348674580800802	2377571047671542341	1.0
4570159737809328994	45506577651252341	1.0
14145669733272728923	45506577651252341	1.0
4461280953716374907	7213963408111844341	1.0
