1449250565719230996	11484337529044257384	1.0
7322094815352184384	11198914235809167164	1.0
7322094815352184384	10836100803745425670	1.0
7322094815352184384	11199607752697823241	1.0
7322094815352184384	12118456426741110110	1.0
7322094815352184384	11209001812631634991	1.0
7322094815352184384	9172911956122663301	1.0
4072708165561530223	11484337529044257384	1.0
2878172947787819384	18360671131209969893	1.0
2878172947787819384	4722636132446061835	1.0
6175488844960819392	8742057843295985384	1.0
12565250789482083384	1282674277185603086	1.0
2503714867390219574	3472388387850944384	1.0
872577616746358511	11484337529044257384	1.0
17872547249879842667	12614216442825650384	1.0
12103748752823686067	8883634582147069384	1.0
12814069255042931702	6940149331143420384	1.0
7485953311340864107	12865371682712095384	1.0
6181719119459245746	11484337529044257384	1.0
12821059487440011383	6769698947823089384	1.0
4743339330865752009	11484337529044257384	1.0
7434260286868423384	11416558555748222453	1.0
7434260286868423384	7366215652362046901	1.0
7434260286868423384	11412739372015368048	1.0
7434260286868423384	10457344229401675839	1.0
7434260286868423384	11428451208569934886	1.0
7434260286868423384	7349982733335416723	1.0
11811633789212138274	11327646328774706384	1.0
9902003539191075718	3481957592094825384	1.0
18347232597931605384	1268806471980933179	1.0
5702913696354526076	13841817740734017384	1.0
7980121080921071819	8905480301201219384	1.0
7136882038286980384	10456540250211028981	1.0
7136882038286980384	249531708418901705	1.0
7136882038286980384	7220056772850520937	1.0
7136882038286980384	7224881236633023632	1.0
6163268825527668384	10532007837385492314	1.0
13387202036517033384	12879055311203096595	1.0
13387202036517033384	7229265921444340338	1.0
13387202036517033384	10971243212126264109	1.0
13387202036517033384	10459027306845984949	1.0
13387202036517033384	11429053470332075421	1.0
13387202036517033384	11412739372015368048	1.0
13387202036517033384	12871501189565130144	1.0
13387202036517033384	7224242227029544560	1.0
13387202036517033384	12878120764900865399	1.0
14981118689451361362	12865371682712095384	1.0
12590247319556496384	7216662683434408644	1.0
11473167443973590420	3481957592094825384	1.0
10992376478616822963	3481957592094825384	1.0
