13229839215906292100	249531592453276936	1.0
6158369079789514100	12864811837965600002	1.0
15142655896971159100	11645852290814701646	1.0
3184224230358002100	3473937689785853230	1.0
3184224230358002100	3464694963094032590	1.0
4048147966222286100	11326327666411852482	1.0
6254726266835016100	3466281030104219856	1.0
4988956801216637738	7229219196535824100	1.0
12317798525395315593	7229219196535824100	1.0
5286496648460448742	11318271050780069100	1.0
2663994723453751754	339881050070204100	1.0
5154806226725118100	3478745119814948336	1.0
5154806226725118100	882881356133745449	1.0
8315791509929957647	7391770721270849100	1.0
1728368971249950100	9456260633301478157	1.0
13995422436629253320	16576961346424301100	1.0
1626539153598708901	7204770245774743100	1.0
13534264833591267078	17813272096756152100	1.0
5931497107366607100	7534319532913665704	1.0
15572701558092467868	10589101410030130100	1.0
5897258226598784485	8145939124286731100	1.0
12457001778201592100	15177765567673946539	1.0
13285693663663093925	6189222312012476100	1.0
1995481994033909100	7231862113266417114	1.0
1436945402575373100	3478103713646529049	1.0
1436945402575373100	13949806674670009146	1.0
13987874616036616198	3965046442615711100	1.0
14303193518281096100	3358667666917352065	1.0
6836764262560645100	3467113111267163170	1.0
11993087871726916843	7216440543454215100	1.0
5589592777667175325	10975108085727539100	1.0
2382900078363330100	11322522823661833170	1.0
2382900078363330100	11331287666510544322	1.0
2382900078363330100	11476465429378310534	1.0
2382900078363330100	11491115258052471956	1.0
4895745460595518413	7229219196535824100	1.0
9107017428228303100	3482201687895860901	1.0
13765403595312879100	9031463825773097077	1.0
13765403595312879100	13883537950285438582	1.0
5598140911303402826	7229219196535824100	1.0
902233037629057100	7383680475987630144	1.0
902233037629057100	3831288015288976841	1.0
4801506162186675412	7229219196535824100	1.0
4925186524193862057	7229219196535824100	1.0
5548654482104436600	7229219196535824100	1.0
6186203825528027100	8029908513877415124	1.0
14263690788111148100	11283742666281791639	1.0
1437248881128453272	7229219196535824100	1.0
13387426887039327644	11584377643613502100	1.0
14459106861520344700	10746975705326029100	1.0
