2291847360444541452	11492555553799224444	1.0
7411722446169186444	2254543966484918769	1.0
7411722446169186444	6935928056936965146	1.0
9181769685579547610	16832904423572269444	1.0
15768167362568071539	17983386205397466444	1.0
4246713727846119444	7227394874732625257	1.0
4246713727846119444	11419711100392284676	1.0
4246713727846119444	12667676327994208815	1.0
4246713727846119444	11416068109172727250	1.0
4246713727846119444	11425197886795910625	1.0
4246713727846119444	11416289811014711219	1.0
4246713727846119444	11418641949885518872	1.0
13873447517143160570	8068794875962854444	1.0
12360070495221099751	11408772759258702444	1.0
15246946085157990464	12335467470397975444	1.0
2993872623539177876	7447227179391819444	1.0
3045224928259735871	7221960933597909444	1.0
6391797582108014444	222034089452035554	1.0
6391797582108014444	9733701452231332400	1.0
17573087136141198378	8590328022149549444	1.0
7473422065132567504	11424492631711990444	1.0
7219621306641047848	11427714939527806444	1.0
12046777082226476984	7142433811033946444	1.0
11625576063820365402	5438503081045332444	1.0
12567663062044173444	15605329102694067618	1.0
3007467842539889444	5652481719285637765	1.0
5258883180465035835	11408772759258702444	1.0
5082619451060034936	11427714939527806444	1.0
12455667099614039080	11427714939527806444	1.0
11981670160492957828	9459539508270864444	1.0
7368093820717745683	11427714939527806444	1.0
6131936828857225444	4310618146499613046	1.0
6328920357981428444	66898650203531041	1.0
10332832429726906657	12274010994860241444	1.0
9570358414349024747	7217546123867576444	1.0
5479219484846464329	8017699642878513444	1.0
1999831880776405544	15956312588706331444	1.0
3539228235364017444	3466347065344592887	1.0
3539228235364017444	2360994261891585234	1.0
11102306204557329346	17543258730973916444	1.0
6796623219008715336	11408772759258702444	1.0
11455439765593334444	10631738483894937559	1.0
11455439765593334444	7000539314320693090	1.0
4762881509003400643	1179917729103012444	1.0
4526927465308681777	11405726854337497444	1.0
5828637782977319444	15177735880859881252	1.0
2880314852177023513	13100591789804715444	1.0
1775720631001350291	7736874357555002444	1.0
4167131898192691164	12874051407936848444	1.0
3130777922739718444	5255987783406914404	1.0
