5726660513273261223	856135138567948890	1.0
1355639326749199316	16223930030688235890	1.0
6637809187794828255	7767410978760683890	1.0
3544775486435977047	7229509781096322890	1.0
7038734077137932890	857264839618004063	1.0
7038734077137932890	872350349653318196	1.0
7038734077137932890	6843163751481133942	1.0
7038734077137932890	7248032183227002839	1.0
7038734077137932890	7656313969402979809	1.0
7038734077137932890	9561509798692384500	1.0
7038734077137932890	3473825552552836987	1.0
7038734077137932890	871086310689763249	1.0
7038734077137932890	8943310497254265339	1.0
7038734077137932890	6856404405470143896	1.0
7470618714658478327	16856430101613122890	1.0
6357130914778040339	2342443520557449890	1.0
5897259394590785371	7229509781096322890	1.0
925696212602044168	743720189774275890	1.0
15305588853095846990	7390800926230823890	1.0
4401655597544719791	16177909007839797890	1.0
602717549605939890	7223196187753860671	1.0
602717549605939890	4437531639899819388	1.0
602717549605939890	5485317866106640427	1.0
7031838679601089855	16856430101613122890	1.0
3450764640801179942	5278064923733038890	1.0
6764332254850416702	8699559652982725890	1.0
1822520839038458671	16856430101613122890	1.0
5618855142206373294	7229509781096322890	1.0
3909564775311557890	12880882325868589901	1.0
4019222894548812990	7528637009010789890	1.0
17485207647402327428	16856430101613122890	1.0
11815788025116559741	16856430101613122890	1.0
504025629924887923	16856430101613122890	1.0
3676892314366066432	7229509781096322890	1.0
3676892314366066432	5934786308381040890	1.0
2043682621421133659	16856430101613122890	1.0
14083131891709450428	16856430101613122890	1.0
4542349927716530890	3475580295811079914	1.0
4542349927716530890	11324148009117884084	1.0
9758606534945851209	6715027121218385890	1.0
5270587608472652180	7188181939776594890	1.0
2411055733175006738	7229509781096322890	1.0
4779875877412676109	16856430101613122890	1.0
3911479561817895551	9496796335829478890	1.0
7009605634904739890	7216688672332304192	1.0
5720816550788231161	9146597918756697890	1.0
11206599966954643800	872890705910936890	1.0
5561621489600883254	12672796792415058890	1.0
3090787772022480890	11412739372015368048	1.0
3090787772022480890	11414604813760988157	1.0
