12835723920120359923	11412709685201302761	1.0
3611902264517558592	11412709685201302761	1.0
5365423773794478716	11412709685201302761	1.0
14724299730553953761	4931250235357963852	1.0
4873585859752101761	10848655844477153155	1.0
4873585859752101761	10469255973361739341	1.0
17293836561894974337	54696566374976761	1.0
12802568303995793093	18352264947509837761	1.0
7798947892620975575	869790128218236761	1.0
6214865358835633154	11412709685201302761	1.0
6163398391529977010	11412709685201302761	1.0
4964435143124573761	5891559075892863261	1.0
6725054405000182594	11412709685201302761	1.0
3515812684223183751	11412709685201302761	1.0
6995665261921025790	54696566374976761	1.0
4732613471537151208	11412709685201302761	1.0
4529813285712623761	7226782691586906912	1.0
3608977513812129761	11473389060267142710	1.0
3608977513812129761	11337205560274689561	1.0
3608977513812129761	11480448612182665526	1.0
4971189436302265761	2079196861679441031	1.0
5355922106935265066	11412709685201302761	1.0
5825120260658468395	11412709685201302761	1.0
13657569502997882003	2250061484447297761	1.0
1457913749087529761	11320625624869555187	1.0
1457913749087529761	11316958792215901631	1.0
6837882937569127761	13592223646929093251	1.0
6087467359907309852	11412709685201302761	1.0
5583040053909243186	11412709685201302761	1.0
7598309511654405568	11412709685201302761	1.0
1017738596123588712	13497456817061817761	1.0
4124485635245226761	11419711100392284676	1.0
4124485635245226761	11417949051400007582	1.0
4124485635245226761	7216545722899385700	1.0
4124485635245226761	11425197886795910625	1.0
4124485635245226761	10963100795981891525	1.0
4124485635245226761	2397165315647196875	1.0
4742406838266458761	7238500784139665678	1.0
9687916643974517094	4930300623273249761	1.0
11396164761814305504	10981508991471671761	1.0
7162122457636907915	2571212087880012761	1.0
2453067002591998349	11412709685201302761	1.0
8206185632488957814	11482135014002824761	1.0
7342352097708580108	11412709685201302761	1.0
13397243975874123116	11412709685201302761	1.0
12848084822191034222	9486586487405997761	1.0
5289121063424822141	858316505330393761	1.0
5446897177483042934	481005888664174761	1.0
13111081114385393187	11412709685201302761	1.0
2637648405424005444	11412709685201302761	1.0
