4194992913724774578	9822443526595262605	1.0
4194992913724774578	6912228606762253012	1.0
4194992913724774578	7682340097399150544	1.0
4194992913724774578	9833697689612384658	1.0
7449175699016256578	11428744017973979394	1.0
7449175699016256578	11411177520012282864	1.0
7449175699016256578	68858937681955833	1.0
7449175699016256578	11432791706825889555	1.0
7449175699016256578	13592223646929093251	1.0
7449175699016256578	7233726056071709495	1.0
13568489299685482773	11434768474243337578	1.0
13507933306442866204	6731550134375037578	1.0
13911264309495954785	9112990946314947578	1.0
4276282122513254578	9885736621792019559	1.0
4276282122513254578	13053523667825446848	1.0
5936981691724123578	11415773594601228467	1.0
5936981691724123578	7228597182160519219	1.0
12635162476690936578	11420806630616189517	1.0
12635162476690936578	7216688672332304192	1.0
12635162476690936578	12871140300586960858	1.0
12635162476690936578	7208079079615152824	1.0
12635162476690936578	12878888911237073336	1.0
12635162476690936578	2378509459374688590	1.0
4686619833940793296	11423387184327801578	1.0
7522440312366392578	7368384074434770989	1.0
6381079064148948919	1915985198457001578	1.0
14713681810055104578	3063057819906050707	1.0
13176157355573602578	7219954904771281620	1.0
5106970263967578578	11895132278742153199	1.0
5106970263967578578	10393754597033971181	1.0
11712724098472084121	7233570844553884578	1.0
11863146829130690578	5274335045254988382	1.0
12638242577405449578	731058532172495684	1.0
12638242577405449578	254420369069762829	1.0
12638242577405449578	7228597182160519219	1.0
12638242577405449578	34124805865035476	1.0
12638242577405449578	16861436697760871779	1.0
12638242577405449578	54670049331140252	1.0
12638242577405449578	245398566879481500	1.0
4328519116883731444	8059977552906662578	1.0
8545579002905064857	11485293949494468578	1.0
7733856078210498578	11431619833604096439	1.0
7733856078210498578	1061330435551545705	1.0
7733856078210498578	3471947354732964462	1.0
7733856078210498578	415319585653366186	1.0
7733856078210498578	11412739372015368048	1.0
7733856078210498578	11645852290814701646	1.0
7733856078210498578	7234411262276010168	1.0
7733856078210498578	13592223646929093251	1.0
7733856078210498578	7853746495296229127	1.0
