2570852290284256604	13027664968815535352	1.0
5661310324497149724	12873799619813299352	1.0
1015972744057245351	7346023232973772352	1.0
13863154717840041352	1286973144322432416	1.0
13263755387832931374	7346023232973772352	1.0
18263647822015851352	11407498837584614958	1.0
18263647822015851352	1539801750369953703	1.0
7095619085624952313	7346023232973772352	1.0
5036954067618441705	12873799619813299352	1.0
2070133254831827340	7346023232973772352	1.0
6622230371049003026	11416402863171900352	1.0
4350925514688748823	7346023232973772352	1.0
4277713391417750352	7360288378521939306	1.0
4277713391417750352	9357371003428747611	1.0
6832602718082193981	12873799619813299352	1.0
1189637642095094426	7525769340808732352	1.0
4343497777250990622	7346023232973772352	1.0
4374416353342082661	12873799619813299352	1.0
7624406001096117575	16952699349223564352	1.0
6340573755815024187	10406375565553771352	1.0
8545048324755107357	7213284339481216352	1.0
5928747620989860012	7346023232973772352	1.0
2041336065080901352	12573450018522768102	1.0
2041336065080901352	12575775253695063209	1.0
2041336065080901352	864561409258719084	1.0
2041336065080901352	8888624199241063220	1.0
13486734883914963394	3471355027196695352	1.0
2572442355650053617	10459194759044731352	1.0
4710807877597476203	7346023232973772352	1.0
7018166183178975152	16473392484491332352	1.0
13372725596743122794	12873799619813299352	1.0
11822676219373867352	4297847488564358926	1.0
5606302302300901352	9246240906312639211	1.0
2473609096027019144	7346023232973772352	1.0
1519478752441289003	7346023232973772352	1.0
6049956189472602261	12873799619813299352	1.0
13124824482282268352	11487078444091303552	1.0
2925265035323857311	8125597424065638352	1.0
6294919163314206158	17555248797980655352	1.0
2431262304045737388	7346023232973772352	1.0
7518181886595305541	7346023232973772352	1.0
13497580240205698597	7346023232973772352	1.0
11797891801705889352	7232232262135395268	1.0
11797891801705889352	11416336725111954347	1.0
4489967398374530943	12873799619813299352	1.0
1841685029759139823	7346023232973772352	1.0
2511208275327062328	7346023232973772352	1.0
3926120531559244352	13419310150528443573	1.0
6989391888599249663	12873799619813299352	1.0
4865932789497096876	12873799619813299352	1.0
