9187100655753775252	7223566439736520511	1.0
972684490739544624	10468459926803675511	1.0
2422430429440436498	12271791093899773511	1.0
8024999727468137511	12267916792784181230	1.0
7747646295110683437	12859708914258938511	1.0
3813707974529917511	12878945682141847119	1.0
6939855589474918036	12859708914258938511	1.0
14872792063787360722	11266002703288191511	1.0
1754715744120924411	1732318080187504511	1.0
3149918751008348511	7346323867830509499	1.0
3149918751008348511	11425926785643965332	1.0
3149918751008348511	11412739372015368048	1.0
3149918751008348511	10457033003162769742	1.0
3149918751008348511	7364001051367106427	1.0
15071850332996352577	7216482934793362511	1.0
4933924609539212511	10846839318280789986	1.0
4933924609539212511	321634164011864212	1.0
4933924609539212511	11470554364712194971	1.0
4933924609539212511	11342676678573698745	1.0
4933924609539212511	11338084185969801311	1.0
7865716595228353511	11485915822087424579	1.0
1440186434260673511	16764382276452714500	1.0
11722343025154038825	7234316493760980511	1.0
2773149839715099153	4589746085684525511	1.0
8737452952813561386	3473995993955796511	1.0
2621671106499738511	7362695763560976342	1.0
2621671106499738511	7357328372964518955	1.0
2621671106499738511	7348774589083516186	1.0
2621671106499738511	11426810677131502127	1.0
2621671106499738511	7219910782634388403	1.0
2621671106499738511	7349982733335416723	1.0
37413434037269202	10831492828698558511	1.0
3308570826932351246	8697535474330882511	1.0
4559807487856232511	11412418211628692647	1.0
4559807487856232511	11932753340872326587	1.0
4559807487856232511	321545335500917889	1.0
4559807487856232511	7228487647616431439	1.0
4559807487856232511	7368941882942441831	1.0
4559807487856232511	13592223646929093251	1.0
4559807487856232511	11486998828098369726	1.0
4559807487856232511	10983403900999362931	1.0
4559807487856232511	10457344229401675839	1.0
4559807487856232511	7223395487119372600	1.0
4559807487856232511	7219080032762972316	1.0
4559807487856232511	16861555329051508158	1.0
4559807487856232511	7231872446969682905	1.0
6186041897159016511	406822997867471655	1.0
4932902298864994511	7083662235737224514	1.0
9831759122561708045	10965892030843611511	1.0
5705466684961899728	10831492828698558511	1.0
