2638866768550578424	16861555329051508158	1.0
12601951255460690158	3474920915165122283	1.0
12601951255460690158	11414604813760988157	1.0
12601951255460690158	7214248040028891632	1.0
12601951255460690158	7210818001716829967	1.0
14606061383413980888	16861555329051508158	1.0
12534305889456839736	16861555329051508158	1.0
1814171306762000998	16861555329051508158	1.0
15354145374062252197	7764670766692037158	1.0
7329894776306407197	16861555329051508158	1.0
5300506974537151158	13244201788979098589	1.0
14205709562569823146	16861555329051508158	1.0
14265214870607111158	8452998629124054762	1.0
14265214870607111158	439257581909196702	1.0
14265214870607111158	7626915751458443901	1.0
14265214870607111158	10960788878975176343	1.0
516379919824989533	16861555329051508158	1.0
12084389949176065219	16861555329051508158	1.0
2469346886902123158	2905270555590948278	1.0
13677132464420701258	16861555329051508158	1.0
13801607403673757527	16861555329051508158	1.0
2948543689684389008	16861555329051508158	1.0
1980949658824699651	16861555329051508158	1.0
7243895232920358158	15421534932232879392	1.0
4951067392296019131	16861555329051508158	1.0
13105298367476091158	7479703158420450001	1.0
7728737237592413288	16861555329051508158	1.0
15183940132469651941	16861555329051508158	1.0
11484323716316853662	16861555329051508158	1.0
11572640862914055409	11408183717353344158	1.0
4615096423051762452	16861555329051508158	1.0
14061168537618571961	9028007631310834158	1.0
13131586041648836449	10782782395839689158	1.0
1399403304739482880	7348817173607056158	1.0
4651061404942845886	10458853820269510158	1.0
15161656201311115593	16861555329051508158	1.0
1132135554600051522	7378580889488719158	1.0
4623572401355038310	16861555329051508158	1.0
8264017344157103158	7227394874732625257	1.0
8264017344157103158	7205589270248008116	1.0
8264017344157103158	6732657819408713541	1.0
8264017344157103158	17241249631180340200	1.0
8264017344157103158	7223417941210463977	1.0
5881265987241342622	16861555329051508158	1.0
12987071489537242822	16861555329051508158	1.0
13808082693056750158	17545668366607021919	1.0
13808082693056750158	8655545864573699760	1.0
10247918875074780483	16861555329051508158	1.0
2942352541577441801	16861555329051508158	1.0
3733136031905783668	16861555329051508158	1.0
