4802045487303746365	13587147472281644895	1.0
1972444757116833710	17824558137172255365	1.0
2840638425742159025	11415809646715811365	1.0
5623440678020454365	11416157998543514980	1.0
5583717009087595852	9893015478082551365	1.0
13529352595426653943	10322116011489181365	1.0
6735173219130040867	7371026742093789365	1.0
5472827350080394723	17513502459050043365	1.0
7380960056180946957	17824558137172255365	1.0
2956472972388484365	11471398493250582860	1.0
2956472972388484365	11470292603601733970	1.0
6334119579515355220	7371026742093789365	1.0
2652408653692460135	1921080164538606365	1.0
13784136679034167939	12884087827507265365	1.0
10752052005117786165	1022071737317511365	1.0
896698569401449365	11238600664200134742	1.0
896698569401449365	7223196187753860671	1.0
896698569401449365	11414194386700868264	1.0
11808074022348388461	10322116011489181365	1.0
6884708654002419508	10322116011489181365	1.0
3792045238048007051	10322116011489181365	1.0
5957568195599700885	10846957949571426365	1.0
767043389571279049	7818563653204522365	1.0
14449215950875189365	868572388985831586	1.0
14449215950875189365	3853673863935371033	1.0
14449215950875189365	11868909102238031573	1.0
5893255110452317911	11486042484969755365	1.0
14031538241408849091	17824558137172255365	1.0
12357522862838150365	7230374937960784687	1.0
12357522862838150365	7368703752829443367	1.0
12357522862838150365	10469043059066202894	1.0
12357522862838150365	7343652260611457120	1.0
12357522862838150365	10337428699568494170	1.0
12357522862838150365	10322175501082936708	1.0
12357522862838150365	7364001051367106427	1.0
12357522862838150365	11426929759408679160	1.0
5162561462411093943	10322116011489181365	1.0
4608237530535183365	7223395487119372600	1.0
4608237530535183365	7223533802313641994	1.0
4608237530535183365	7216688672332304192	1.0
4608237530535183365	7228597182160519219	1.0
10991114939849305889	10850594080583042365	1.0
12309183086561909635	11415809646715811365	1.0
13731373636242347790	11421709952498188365	1.0
6480716325990459006	1511448115934695365	1.0
6736423544578545295	11476571588173918365	1.0
2994466666348229324	8884131124030868365	1.0
10622348341950305545	16813539527679337365	1.0
14517766059140962365	8907600215369439104	1.0
4804784913917462527	10322116011489181365	1.0
