972674513207230407	11484259480830701861	1.0
972674513207230407	11487407094885471313	1.0
972674513207230407	11479481596027450448	1.0
9929064518738966491	7253644623262455407	1.0
12345639571017203296	7253644623262455407	1.0
12546918902611891407	8651053362127365663	1.0
15534126071038708626	8341111616484086407	1.0
5368003480817761407	7365113473661237116	1.0
3358608866717441968	7347542590601500407	1.0
1657066917958269407	1267422392979414871	1.0
1657066917958269407	5941986657777686559	1.0
1657066917958269407	11476465429378310534	1.0
1657066917958269407	11490605445411569608	1.0
1657066917958269407	11484259480830701861	1.0
1657066917958269407	11645852290814701646	1.0
1657066917958269407	11314827393150552257	1.0
1657066917958269407	11484846774667217034	1.0
1657066917958269407	7853746495296229127	1.0
5512409799654882407	12278847969979820878	1.0
5512409799654882407	871675532969223431	1.0
4096172846847875596	12881004861332948407	1.0
10502261324308531125	298113436861521407	1.0
1280653986585126822	5905234969068499407	1.0
13935712327445235437	7253644623262455407	1.0
2911925343305681559	7383266286410078407	1.0
8376475437564269453	6758055248502972407	1.0
776202780544908866	12881004861332948407	1.0
11788684181161951018	7253644623262455407	1.0
5991809668593158407	3789032402274746419	1.0
4009194405832893481	11970819055726663407	1.0
1806932641552310876	7364224789413895407	1.0
1377906257927483185	13036900190181377407	1.0
12021339668138355770	7253644623262455407	1.0
3537644904422843779	8952940802031416407	1.0
14982745953862987407	8934706097390168884	1.0
2365966298346582407	6841725911080404909	1.0
6526093519395881407	7215069607042718192	1.0
6661054702100876202	298113436861521407	1.0
1045228566724918851	7383266286410078407	1.0
11349160567970722120	298113436861521407	1.0
6598766015162317407	5488377948594718094	1.0
4423244232060861791	7383266286410078407	1.0
7413520151513960977	4933001396604586407	1.0
13233871524645857407	16015802222476654411	1.0
3920345603177888490	5826312860419588407	1.0
11189064240769238407	860309907034015069	1.0
7812187503293151532	7347542590601500407	1.0
4058581276998683407	6200221156351834562	1.0
9983150404946114868	3484750274356309407	1.0
5315001374988895407	11416157998543514980	1.0
