6187570017394349197	860273958111783494	1.0
6187570017394349197	7366941497885505494	1.0
11464839009924436987	12785578547365231494	1.0
3202373065999248710	11428244440352538494	1.0
3263506214058054192	11428244440352538494	1.0
9304758668574046171	11428244440352538494	1.0
4873864941682898115	860273958111783494	1.0
3925248248840568425	11428244440352538494	1.0
6393031893778684494	7226940480096889022	1.0
4282563220762205494	11231425148249022990	1.0
2233632765088684470	11428244440352538494	1.0
13256521077176214431	7366941497885505494	1.0
16193880701046134871	11428244440352538494	1.0
1924914324128933907	12269992864023271494	1.0
4733784549931528086	11428244440352538494	1.0
1230904260427977494	18062356534590737249	1.0
4851935973101339901	11428244440352538494	1.0
7432733696632777029	11428244440352538494	1.0
7491609611692467243	7208435918380232494	1.0
756657440949202494	4523622110925583196	1.0
756657440949202494	5488530458332019110	1.0
5299193424099400668	11428244440352538494	1.0
6996138133852348963	11428244440352538494	1.0
8610717925479383494	315008506872229522	1.0
8610717925479383494	10265453152508678290	1.0
8610717925479383494	10850842266430856242	1.0
2955051909232791429	2121114389588907494	1.0
2768660747814818186	12873149095337359494	1.0
6371369242430932535	11428244440352538494	1.0
6842972010812973808	2928913990052870494	1.0
14250781113173413810	3487269203973089494	1.0
5372286764383540704	11428244440352538494	1.0
7325305741555515139	11428244440352538494	1.0
2551270832479987494	11412739372015368048	1.0
2551270832479987494	7369424787650771341	1.0
8380039289004172854	9064516112430065494	1.0
12600740859924373089	11428244440352538494	1.0
1392449854730288524	12087352355182799494	1.0
1066380481965852991	11428244440352538494	1.0
4405592494573053375	11428244440352538494	1.0
6611768539072401494	7102572646369641183	1.0
6611768539072401494	15911696498868565174	1.0
6611768539072401494	15900857861079203445	1.0
6611768539072401494	2927536430794104836	1.0
13361093085570871406	11428244440352538494	1.0
7439906652776470494	3485584674836281637	1.0
7439906652776470494	8657014807882882545	1.0
7439906652776470494	8646709063733909960	1.0
5587835019956990828	11428244440352538494	1.0
9528426527536651675	15320775742699657494	1.0
