5736981973910715894	229785561050365045	1.0
5736981973910715894	12655172372575420284	1.0
2327414669018960659	3579962182939719894	1.0
3206344203355405052	9268299120487109894	1.0
13190410055212383894	9016780136474394221	1.0
13190410055212383894	11432082057998119456	1.0
13190410055212383894	11417949051400007582	1.0
13190410055212383894	11425185427042672366	1.0
13190410055212383894	71773339309287098	1.0
13190410055212383894	7548841972374631502	1.0
13190410055212383894	13587147472281644895	1.0
13190410055212383894	7231891800080482401	1.0
4860881402139972827	10469043059066202894	1.0
14525946601753021894	12864398447420375945	1.0
14525946601753021894	12874091441424854851	1.0
14829508315918667894	11411047635921526616	1.0
14829508315918667894	7351201949890141380	1.0
14829508315918667894	11243257224870776361	1.0
14829508315918667894	11414194386700868264	1.0
14829508315918667894	7230404276758188281	1.0
2377095838672235932	10469043059066202894	1.0
18391288048521246545	10469043059066202894	1.0
11318856287371525894	11412620740724731669	1.0
4586623646192689441	11424488482719432894	1.0
3359545907989119932	10469043059066202894	1.0
3537421935516013221	11489555308688235894	1.0
11548502619123994578	10469043059066202894	1.0
1643105478122097546	9268299120487109894	1.0
5459523830692974894	10021386044080035545	1.0
5459523830692974894	3067990122375600168	1.0
5459523830692974894	17205098317611243874	1.0
50489775715917456	10469043059066202894	1.0
12254853541577368600	10469043059066202894	1.0
1946852024331962761	10469043059066202894	1.0
1531327356041748606	10469043059066202894	1.0
5101140743357560023	10469043059066202894	1.0
3936993576803778967	9929116134286456894	1.0
1766295963527439894	12773948261276888131	1.0
11890891114727985894	7903599812970575118	1.0
11890891114727985894	2665267796496996845	1.0
11890891114727985894	11693547461231228679	1.0
4190005163580536249	10469043059066202894	1.0
5565976631291368946	10469043059066202894	1.0
3371348359674113910	10469043059066202894	1.0
6192198994445769503	7382342928730436894	1.0
6471657948540383979	12875299907663013894	1.0
6865713923017883687	10469043059066202894	1.0
3189626435674808849	10469043059066202894	1.0
3311595034510534561	10493830719062392894	1.0
5677338534500527894	9931023812710461447	1.0
