14706673874372503159	17809183408328505168	1.0
7916708723881574230	13126274978208913168	1.0
12464808851706638643	11238541290572004168	1.0
4050433352259448222	14584110850756388168	1.0
5242364009830678118	3138125317558163168	1.0
2778073396304958095	6377678982478397168	1.0
3949195476135115349	11469703445821015168	1.0
12010948833387257168	9797469391938766007	1.0
12010948833387257168	6188576460373638632	1.0
12010948833387257168	6264397232109923602	1.0
11139748837231838168	6651717730406630451	1.0
12416800553815501070	17809183408328505168	1.0
14924715070648728168	871331527545818182	1.0
4751272924327119888	11469703445821015168	1.0
11831972294210329896	7408729404379090168	1.0
15297234033894932299	11352739661563382168	1.0
11110980192269055328	11085525213412201168	1.0
4432200433018922168	11417935664102390719	1.0
4432200433018922168	11416254429101573917	1.0
9173106513138625853	8220131632164976168	1.0
2348769687241777467	12871372855790194168	1.0
5020038526518944558	7444683265545210168	1.0
5128355520070818168	17236372229226248664	1.0
5128355520070818168	14322367871624365264	1.0
5334576553396353506	11469703445821015168	1.0
3908782052056091469	4460122860691667168	1.0
5691214613460814174	17809183408328505168	1.0
12788249128554490168	16277376220296492430	1.0
4722244290609166969	7234411262276010168	1.0
1523582455979461168	17188094418025865324	1.0
10299400423437865930	16825656261789932168	1.0
7207760852430920044	7365434381095811168	1.0
11569970025129606472	11238541290572004168	1.0
13828938723214597550	12870495106235889168	1.0
15039694785336159387	11475000351742368168	1.0
1814732434891692528	17809183408328505168	1.0
10759241011751592168	16800818311814069275	1.0
12875061465176344168	858022055209512169	1.0
5687583102103575921	12870495106235889168	1.0
986319796085134344	7365434381095811168	1.0
4700866178278271168	10492182070000051796	1.0
4700866178278271168	1312314695838911536	1.0
5536789884682330168	9742043101959637214	1.0
5536789884682330168	7226950569051772231	1.0
15229369934418627821	11475000351742368168	1.0
2630839465862358962	17520906183769509168	1.0
12674671072727770990	11469703445821015168	1.0
15490324746699015330	7233788960161352168	1.0
4989744833011798168	3224028064503425778	1.0
4989744833011798168	17548735067850576638	1.0
