13780462029381516040	11419565230428602825	1.0
7675393048522544825	7235865538191777281	1.0
7675393048522544825	11419711100392284676	1.0
7675393048522544825	11420638933738541915	1.0
7675393048522544825	11432228615184036914	1.0
7675393048522544825	1053680398700647391	1.0
7675393048522544825	16872580209461235651	1.0
10281245126970398357	386234102452518825	1.0
15125397175334013139	7223586230926405825	1.0
1487632550027334750	9099915163123453825	1.0
4733672904902468825	6812189275131709408	1.0
5801812894772714411	10571344700951149825	1.0
4054737170055345825	16827541121020501793	1.0
5794978059826655825	7216688672332304192	1.0
12547003741887144825	13583740433607220055	1.0
7411765683911966840	7410297531181172825	1.0
5867286526846419904	1161291688457586825	1.0
5633773961477447162	17920182030338362825	1.0
14772856262826449825	11428972935507009685	1.0
14772856262826449825	10474120225777060195	1.0
14772856262826449825	11414604813760988157	1.0
14772856262826449825	7214248040028891632	1.0
14901560677824664536	11419565230428602825	1.0
6832322707749071825	7376891653066994271	1.0
6832322707749071825	866714652469571207	1.0
3500895970223682825	7355788309328631958	1.0
3500895970223682825	1061330435551545705	1.0
5450097569620014948	5934008837613336825	1.0
4537320099584622825	7392092874143740601	1.0
3544106566598926807	8991627094654978825	1.0
5405254913387796389	8253052464060640825	1.0
5258606424613194825	3676639355692947164	1.0
13459328383861469941	8113341767513825825	1.0
2351169603019496825	7365553360283321854	1.0
12671189272021007825	7372020842306774222	1.0
1004176732661178374	2846542113515954825	1.0
1903839228496670327	1161291688457586825	1.0
2418345838184745825	2210439635773206590	1.0
2418345838184745825	12277267047107377800	1.0
2418345838184745825	16401443106431767307	1.0
4611395588394345825	11427277630212621333	1.0
4053217726555999559	3484428168991124825	1.0
5981373425614739185	10849460777194591825	1.0
3260062834976769825	17436063584512001504	1.0
3260062834976769825	865195513929774524	1.0
3260062834976769825	16837502202196593683	1.0
9230542599371637825	8298317263324136458	1.0
2354602497028793825	7921114381565499094	1.0
3193904700075565825	7399869943247245955	1.0
3193904700075565825	11492142575530996424	1.0
