13097135313843013023	11696122383169934220	1.0
5645682162137986220	859193722215905540	1.0
3178799811121323220	7358427897418908092	1.0
3178799811121323220	3296114593039397258	1.0
3178799811121323220	7371745753598987020	1.0
3178799811121323220	11419711100392284676	1.0
3178799811121323220	530652400893950829	1.0
3178799811121323220	11412739372015368048	1.0
3178799811121323220	6398511885026729933	1.0
3178799811121323220	1053680398700647391	1.0
3178799811121323220	11424369864402314974	1.0
3178799811121323220	16872580209461235651	1.0
4384814726900206014	8925640676315600220	1.0
4353072201735057301	6847276547699868220	1.0
1035575417324831220	6826707784737429223	1.0
2054654493417413220	1374572837607700361	1.0
5767645584113037220	3467194621168844876	1.0
5767645584113037220	11482985275688944784	1.0
5767645584113037220	3469513151923797307	1.0
5767645584113037220	3473046724647939120	1.0
5767645584113037220	11325870295357950217	1.0
5767645584113037220	11424053059074110715	1.0
7669630306144349220	66898650203531041	1.0
7669630306144349220	12655519612043977559	1.0
7669630306144349220	10983403900999362931	1.0
7669630306144349220	245220561960714547	1.0
7669630306144349220	11434520087666909785	1.0
8105136222794731220	11317708500226325788	1.0
8105136222794731220	11321500303519278891	1.0
8105136222794731220	6732687506222778828	1.0
8105136222794731220	7232320231636787225	1.0
8105136222794731220	11336102518148735650	1.0
8105136222794731220	15614900997829559606	1.0
8326867357514385220	309903379877180338	1.0
8326867357514385220	64057099757674227	1.0
3239917019572868220	5834893835795626039	1.0
5916054786174789240	3464198516428509220	1.0
13668986239374933220	17816146692888249511	1.0
13668986239374933220	12862169685788658491	1.0
13668986239374933220	16770329251380367978	1.0
13668986239374933220	16086829332878969759	1.0
13668986239374933220	17554043759036442360	1.0
13668986239374933220	355938498300576080	1.0
5943143093306007220	10459520536617612211	1.0
10911915279401348773	10977171158983246220	1.0
6121944612231283220	747723050469433133	1.0
15975716703918934220	1293141555244347733	1.0
9553248321430777645	10980890224113792220	1.0
4669993778252379287	7366404867281292220	1.0
3774532036837232112	17353465277810899220	1.0
