6710340188913397489	1146053871979282877	1.0
10865712868280603827	9923206161642460877	1.0
3862172684463306877	3478689637474038550	1.0
5627053462879050877	238073628212226756	1.0
5627053462879050877	5270549894800732788	1.0
5627053462879050877	9376828928421234063	1.0
5627053462879050877	3646512226095830836	1.0
5627053462879050877	6022736442560799044	1.0
5627053462879050877	5272947513059850799	1.0
5627053462879050877	5227628797896912131	1.0
12170419642451866372	12127225873989745877	1.0
6506093351851815511	12127225873989745877	1.0
7730847720056081877	1685810712405890403	1.0
7730847720056081877	4406685656187798205	1.0
11450213495196634260	17989160402517135877	1.0
13756668872099987692	7654592754226180877	1.0
15205470596576816877	12866613894703091231	1.0
15205470596576816877	12866712661588617448	1.0
15205470596576816877	12873691038704218555	1.0
15019527938075033877	7221638622187936659	1.0
15019527938075033877	7226020910441390222	1.0
15019527938075033877	1271555366993682631	1.0
15019527938075033877	11472273171983958443	1.0
7011818358754704109	7565798952622532877	1.0
5377981134743797877	11490710431621877393	1.0
4541247712838026096	18097392770594866877	1.0
14357710259634539877	3474602056781488071	1.0
4083736400733240877	7373583480324922199	1.0
12980246232582656906	3468006679303568877	1.0
3477147475822908069	5183536457055910877	1.0
2271636102631127877	7008610433850000292	1.0
3202472094800087218	12573500348108699877	1.0
13055252436920532735	5435596156705135877	1.0
752711950104880877	9374186454080622663	1.0
752711950104880877	860767690426118701	1.0
752711950104880877	5123138830212483587	1.0
6779725816078753877	10010617074237853386	1.0
5341251529592731616	11828557235237805877	1.0
3572633765221732799	10965756713536132877	1.0
3113832044654253877	11408689767502347663	1.0
3113832044654253877	7365232220917498264	1.0
7414864571360777517	12127225873989745877	1.0
4539041209962327212	168807691477579877	1.0
12430809482750021060	7254392548778684877	1.0
4483367393706125684	7383582335863682877	1.0
7299936095502948877	11467173830335177914	1.0
360997060049822877	14028749347939907030	1.0
1136420914696383790	7412994667611097877	1.0
14303291432278751068	12854814966037930877	1.0
5321509303818485755	3468006679303568877	1.0
