6899877939292202887	15181978724552107457	1.0
3373729204758821091	11432527008084851887	1.0
5408751394398481369	17710119696344056887	1.0
7783533053530791099	7367219386352358887	1.0
10968030608300997850	6228157763799441887	1.0
13455477015243582877	1664203797651194887	1.0
6897885104570235225	1267432636490814887	1.0
12972914444085606887	877037047963156217	1.0
3001701996948156887	10980105018250770622	1.0
3001701996948156887	1061330435551545705	1.0
3001701996948156887	11423493046756320933	1.0
3001701996948156887	10481057422615207388	1.0
3001701996948156887	10983403900999362931	1.0
3001701996948156887	7233729586533221594	1.0
3001701996948156887	11416289811014711219	1.0
3001701996948156887	7364202420832477580	1.0
3001701996948156887	7350483771288517310	1.0
3001701996948156887	11434768474243337578	1.0
6322329472524230964	1267432636490814887	1.0
1222960507739536887	7762944835140773739	1.0
6257965299692015897	1267432636490814887	1.0
5977889284142897046	8166503329262203887	1.0
5051155853785290838	7357396688685970887	1.0
12838064239681339485	1267432636490814887	1.0
3955077097618992887	4314630318093551854	1.0
12851968689076772887	7365546127245897755	1.0
12851968689076772887	11492379954077893951	1.0
12851968689076772887	7357602271546094131	1.0
12851968689076772887	3477865119594695086	1.0
12851968689076772887	12883860576506143085	1.0
12851968689076772887	11415879487002655192	1.0
12851968689076772887	12861537943329175002	1.0
12851968689076772887	11412620740724731669	1.0
5065405088431517586	7367219386352358887	1.0
4787955868185448887	863392718584095335	1.0
6221112414031903154	7367219386352358887	1.0
13700802900776193263	11424561900925134887	1.0
13804736665260363398	11432527008084851887	1.0
3919362206180445619	10854799370065841887	1.0
6389484813665449210	1267432636490814887	1.0
1758290724685204887	11324934323152009736	1.0
6836689873838253964	4958623414570248887	1.0
1668758312779725048	16850753745918749887	1.0
8935785680595189618	2122309037667819887	1.0
11601680769460470214	11413002245432958887	1.0
4676489775834902182	1267432636490814887	1.0
854385687171380887	11416157998543514980	1.0
854385687171380887	7548752911932435641	1.0
854385687171380887	7230815236377884368	1.0
8764318905115373566	7357396688685970887	1.0
