12555636264499723827	12863252236661255626	1.0
11124673320148206409	7211665467487333626	1.0
4649168531635600626	8939223471031995501	1.0
4649168531635600626	5839827073889432828	1.0
15151088012866451859	14652424769682908626	1.0
13020658863523794364	6837788199184203626	1.0
17770737287780907238	12863252236661255626	1.0
12496224768127462576	5573753455053103626	1.0
2304336335297898928	1057947722344215626	1.0
4804004686334084201	12863252236661255626	1.0
3878157029753448811	7383365126565488626	1.0
11981053503943091626	15109804017254411769	1.0
11981053503943091626	309903379877180338	1.0
11981053503943091626	11412709685201302761	1.0
2399191074102904626	12861428327245749197	1.0
6327942235327834970	9806682968917289626	1.0
6395435185286449619	12389479913609198626	1.0
13750045693840850915	7370855083636596626	1.0
9222528529072290626	16873306440359513014	1.0
9222528529072290626	12026838861651731322	1.0
8295230591442847012	7963531843299498626	1.0
2696789221268127626	10339872566031425656	1.0
2696789221268127626	13885044964094214755	1.0
2696789221268127626	3468095855711389507	1.0
2696789221268127626	7226782691586906912	1.0
7885725000681445562	7218387379203775626	1.0
5590412631533529626	10594687100161098522	1.0
9761571023324322952	7211665467487333626	1.0
4772404583204733584	8908447346019801626	1.0
2066448796025977815	10736311228398335626	1.0
8656471305600583626	11477163645142820039	1.0
8656471305600583626	7209250192613972200	1.0
8656471305600583626	18280273212336940570	1.0
6354198331768064783	12866341619561380626	1.0
4277310884385427288	10736311228398335626	1.0
4993156076348363948	12866341619561380626	1.0
4065906641050962626	11428225319142231551	1.0
4065906641050962626	245398566879481500	1.0
4065906641050962626	10979559011845395930	1.0
4065906641050962626	249383274348575270	1.0
4065906641050962626	11409604586976730338	1.0
4065906641050962626	7359884106152122928	1.0
9767564650696685626	14717792926981677479	1.0
9767564650696685626	4565285523475283904	1.0
12393560962326667008	12139030256504825626	1.0
2233133221535291115	11844203819640855626	1.0
12645739986974951243	7230047252326008626	1.0
2123384646660300626	855190915782566023	1.0
1056977599982508368	7218387379203775626	1.0
3567500651809676626	589970462560653393	1.0
