2831772342292643788	1661627525903158531	1.0
1808406722305483951	6339781969256511531	1.0
5699665501401462860	855866071689590531	1.0
5870375102192917108	9809596001709720531	1.0
6219257241005836531	4419065328317233537	1.0
1387200228178135671	1600640812348770531	1.0
7735218884505691547	5648763333100280531	1.0
1745181539025703513	9332316698388888531	1.0
4184953687492032389	7367877774818332531	1.0
5518857623707449531	5094823866966619783	1.0
5290958916603102531	9004585676159214994	1.0
12193608098698604099	7651036442445064531	1.0
1899145816480350531	5945052345373964887	1.0
1899145816480350531	2905270555590948278	1.0
3955520750814166531	10472462278128944005	1.0
14595943389886491531	10517617210332828520	1.0
4108276438440531200	13585616952098525531	1.0
9162678362824218531	7217685667365560809	1.0
9162678362824218531	11412709685201302761	1.0
9162678362824218531	16861555329051508158	1.0
9162678362824218531	7219327409998624048	1.0
2079680296684546156	11565934588133402531	1.0
5444404996842737481	17489467560786492531	1.0
4627299466049058709	4328637994564705531	1.0
2722444533905087871	15577717426234219531	1.0
13210652677193881279	12091804775171985531	1.0
12557694002906580744	6096247569453140531	1.0
5879347993742030784	9921782417396637531	1.0
14064090175945441531	7412994667611097877	1.0
6727811802532775531	4585581239898750254	1.0
6727811802532775531	11424369864402314974	1.0
6727811802532775531	5733177985352385397	1.0
6727811802532775531	11425197886795910625	1.0
4562600814776166531	15181949037738042170	1.0
10070422517339086531	13449326738542523035	1.0
10070422517339086531	17495158542691181859	1.0
3311710704887920978	3054538542402782531	1.0
5021874240109122553	10643417776470632531	1.0
484209209130796531	15181978724552107457	1.0
3166535987266053531	45506577651252341	1.0
3166535987266053531	7225908090280764068	1.0
3166535987266053531	55771141589503044	1.0
3166535987266053531	62553603488126147	1.0
3166535987266053531	11432228615184036914	1.0
3166535987266053531	11115733676372949733	1.0
14819278982101483036	6048250969534681531	1.0
12642834695836520454	16074355695504542531	1.0
2692992405472534531	11426439209606548147	1.0
5033869189668503469	12859493474512126531	1.0
562365842236732531	8712923823010940895	1.0
