4009447921138450399	12870687044117662518	1.0
13335464977510845584	7214281386127141399	1.0
1219694201828279437	7208159150626835399	1.0
2086436447587781164	7208159150626835399	1.0
13203279383061590121	7859170347600789399	1.0
2133713532009821880	7208159150626835399	1.0
4691178855951267399	8673084383165514811	1.0
5459823581302248559	7859170347600789399	1.0
12978038348505880399	11327479864456672814	1.0
8071074091590633320	11415375283884046399	1.0
14803008170154261637	7208159150626835399	1.0
2243908091187432399	5902582947010236605	1.0
7091353065447490258	7208159150626835399	1.0
15206857995895782727	7208159150626835399	1.0
13836186300991061399	18041024654914418410	1.0
13836186300991061399	7345820677994027161	1.0
13836186300991061399	7363136358511146803	1.0
13836186300991061399	7356496330342212839	1.0
1319511645933966926	1572253288354988399	1.0
13103007577692218575	11415375283884046399	1.0
2198426967877909399	13592223646929093251	1.0
12407623800414292399	11319869976863349097	1.0
1735685456588966781	7208159150626835399	1.0
6374874625260752399	61662788752674376	1.0
6374874625260752399	11419244804434831036	1.0
6374874625260752399	62553603488126147	1.0
8608392827095239514	7208159150626835399	1.0
11198178165550519718	7572244946554488399	1.0
6310191874211602399	13592223646929093251	1.0
1492678931483833522	7711055591098215399	1.0
1585895031432254965	7208159150626835399	1.0
6372821014792314485	7208159150626835399	1.0
13548137434145417399	9009072040254777665	1.0
13043696976767568035	7846899132410466399	1.0
18366419917009325859	7208159150626835399	1.0
14532748615047800512	7208159150626835399	1.0
15133623296758748399	3482807634804522312	1.0
6018164127863744302	7208159150626835399	1.0
6508363581217189103	7859170347600789399	1.0
7006053774201786739	881209346835121399	1.0
12136505421411538748	7364341912715657399	1.0
4150249980483314399	7364161872457914991	1.0
6587552237646158440	12151987918928136399	1.0
3087928732154223399	9936361658331326958	1.0
3817232075672483150	8589385668736751399	1.0
5972994443299309311	7208159150626835399	1.0
4131218470086752462	7251388953633940399	1.0
8613486051816388501	12878120764900865399	1.0
2657673527586063604	7208159150626835399	1.0
5681413936123160745	7208159150626835399	1.0
