10748850460995070211	11328433592024356837	1.0
10265458653526251479	11328433592024356837	1.0
4095725033013995837	5946456846923717785	1.0
11326651674084020837	1139851528281418679	1.0
11326651674084020837	10386522113611659921	1.0
11326651674084020837	9264917508617199692	1.0
11326651674084020837	5601023990625552691	1.0
11326651674084020837	286765690997865272	1.0
14356096966925180186	9942696009204798837	1.0
2349995204663189654	16436855185904146837	1.0
11023660784842775182	16016659867274395837	1.0
13609844568662628252	4380165490134352837	1.0
10347408883516630902	11328433592024356837	1.0
2969727662265359837	11412501993468470521	1.0
2969727662265359837	7357602271546094131	1.0
2969727662265359837	7353582289595312853	1.0
2969727662265359837	11412739372015368048	1.0
2969727662265359837	7221480820780418853	1.0
1318089823736168635	869618037525988837	1.0
6351420399250281837	12861050949889027898	1.0
1983582548254330278	4573525600466157837	1.0
4874579758302573509	13928749856523173837	1.0
2516393305255843228	8486518434965266837	1.0
5534001891258808837	12680402721666753197	1.0
12724619374263619837	7237232969838458489	1.0
12724619374263619837	345047500558982572	1.0
13208150739420895738	874950342510334837	1.0
2901341299201991837	770079734043847882	1.0
2901341299201991837	6898341941631621666	1.0
4154524054530011099	2785278016256400837	1.0
2731261851946779837	7213145654973255852	1.0
2731261851946779837	13592223646929093251	1.0
2731261851946779837	12663473324551896565	1.0
2731261851946779837	305697399959652315	1.0
16772293726825031837	7228550216592602724	1.0
16772293726825031837	7231897971868761215	1.0
16772293726825031837	7225911131047612871	1.0
5379630271163519064	1940376807129924837	1.0
7083122864038496912	11328433592024356837	1.0
15574269334572873682	11328433592024356837	1.0
5638376861067382667	1264339741273076837	1.0
2408106043104504837	7382356303265613370	1.0
12015750417481183891	11328433592024356837	1.0
1389070368328844837	12145185227826219079	1.0
8848140743236399821	11328433592024356837	1.0
8076370776701635165	11328433592024356837	1.0
11823565084620710837	12869478590628479210	1.0
11188578590211638123	11328433592024356837	1.0
10113189414140976323	11328433592024356837	1.0
4067943165176709016	12172009794117940837	1.0
