2963380216502417390	1879466562280274134	1.0
6239760748273230140	10465384661580914134	1.0
1982936725532389134	12655519612043977559	1.0
1982936725532389134	11219761799373503703	1.0
1982936725532389134	1057601772488420143	1.0
1982936725532389134	7221638622187936659	1.0
1982936725532389134	43302134022130131	1.0
1982936725532389134	13592223646929093251	1.0
5314168500859586685	61885886499533134	1.0
5268315073577191812	8580469161597869134	1.0
11198441206076212296	49589957613853134	1.0
13088895586083787222	14793804204123193134	1.0
4633688476874897134	11489028204498233162	1.0
4633688476874897134	11488555697952150875	1.0
4633688476874897134	11477309622367756418	1.0
4633688476874897134	11485594790402453284	1.0
2858231385683911623	61885886499533134	1.0
6322210932642076134	7853746495296229127	1.0
6322210932642076134	14988769176238995072	1.0
11861314572998948874	13748490271680051134	1.0
13636315904629147134	4575771292803084886	1.0
13730400002691467186	16816489736445218134	1.0
12239448692859500020	2769776933962808134	1.0
1366735533416301817	15459962507306766134	1.0
5318027357430767134	11924498816487774457	1.0
18087099175007863320	61885886499533134	1.0
3402487074335322134	16872580209461235651	1.0
3402487074335322134	16867199143639917500	1.0
5574664706431375745	10643922517918360134	1.0
11618902677992393134	11412739372015368048	1.0
6520953113893096134	8583219945000787814	1.0
1969722270555990105	6565031209904092134	1.0
11160474921689024247	15464251637435198134	1.0
6397429343489450134	13883537950285438582	1.0
7746161413663491814	61885886499533134	1.0
990235483423280135	12759946922624975134	1.0
2956784924554690514	10736726886762273134	1.0
235514268813957322	4312244147893936134	1.0
13108572334520640645	61885886499533134	1.0
7553965478689183134	10839373413202287757	1.0
482098929311084134	2912947636987653147	1.0
482098929311084134	7361936817076730874	1.0
482098929311084134	360260459148730824	1.0
482098929311084134	1061330435551545705	1.0
482098929311084134	7221638622187936659	1.0
482098929311084134	7349837791062855920	1.0
1542403347282418858	12864968458286919134	1.0
18158616450041808717	7280677070227127134	1.0
2940485749145867134	11424114932342753046	1.0
12530977886215086422	7280677070227127134	1.0
