4407227680660119823	2988183651303303535	1.0
15480135980068447823	12655519612043977559	1.0
376402369303486823	11414012503332055226	1.0
3474162285568848055	17863207354408945823	1.0
2659641966364452012	11478292650267117823	1.0
7333799159562041823	1613444758167878928	1.0
11938809623227474292	3473907771134010823	1.0
4574717431508524220	6873711959084169823	1.0
6145740242960460782	3356033021826434823	1.0
9973299515523354823	11335858619833991182	1.0
9973299515523354823	18164671385055100745	1.0
9973299515523354823	17436857233979383788	1.0
9973299515523354823	11322502504108358037	1.0
2954560044492023823	14791798867485614648	1.0
3452922011651693723	3473907771134010823	1.0
7290295671075112823	2242011676244538651	1.0
13673729402519523600	11478292650267117823	1.0
13746493274846094146	3473907771134010823	1.0
746044628448577186	10464907486451425823	1.0
18231450912634041789	7354371206311832823	1.0
901821493474015457	10978091580402640823	1.0
12173781473657785823	12678130871242524088	1.0
12173781473657785823	11416217359199195410	1.0
12173781473657785823	11419185430806700462	1.0
12173781473657785823	7208863963355731882	1.0
12173781473657785823	7220401461095144989	1.0
3098923417804409823	14965619916459232766	1.0
3982991802967841292	3473907771134010823	1.0
13859199220728293623	11566511249031848823	1.0
2395219586384845833	11337683319565760823	1.0
1283484812071286823	14862975047711641216	1.0
4280970625285960823	10341586811155159585	1.0
4280970625285960823	202871003737587573	1.0
4280970625285960823	13126028600580831543	1.0
13426694687079743248	3473907771134010823	1.0
3476870189906432549	408423840592483823	1.0
6610455498467256414	3473907771134010823	1.0
4889671804470521823	7545400865937956909	1.0
4889671804470521823	48347084258441270	1.0
4889671804470521823	66898650203531041	1.0
4889671804470521823	68164484411468708	1.0
4889671804470521823	12655519612043977559	1.0
4889671804470521823	11869317059792884368	1.0
4889671804470521823	13592253333743158538	1.0
4889671804470521823	13583740433607220055	1.0
4889671804470521823	13592223646929093251	1.0
1971761731328885823	15162372233174785882	1.0
7340507944389003054	11882044869575348823	1.0
18359348227933057823	9298796021674746979	1.0
18359348227933057823	15019573508611615664	1.0
