5001371843081403199	7346330748347077405	1.0
61816519350371405	11413565247035781374	1.0
6997552438495578116	12675419127659256405	1.0
5245197030453824877	7346330748347077405	1.0
12215066661237182555	10421656156443680405	1.0
5372511160492552100	7346330748347077405	1.0
5883985257295899169	7346330748347077405	1.0
14179355858388620962	7346330748347077405	1.0
3016089534015387719	12675419127659256405	1.0
13498872089108719701	11492887125336874405	1.0
12835713336208992405	2344379610029626858	1.0
5865798355594821405	3466281030104219856	1.0
9129051294886305891	12873666321151047405	1.0
3241637505996826332	7346330748347077405	1.0
5888059484186902328	7346330748347077405	1.0
4972519339130465671	6307084671565375405	1.0
2204338973583885105	16795248069912412405	1.0
7222603323845534118	7346330748347077405	1.0
3189790080380796993	7346330748347077405	1.0
7282116501895654166	7346330748347077405	1.0
5330646817168731405	10457344229401675839	1.0
5330646817168731405	3473887863832881154	1.0
5330646817168731405	9310560287834525220	1.0
5330646817168731405	11615278617847484130	1.0
8307075646789250526	7346330748347077405	1.0
2128341861514901526	861244272778396405	1.0
3294620507295869405	10973515434615807348	1.0
3294620507295869405	1049176824748243018	1.0
3294620507295869405	7357396688685970887	1.0
3294620507295869405	7357691331988289992	1.0
3294620507295869405	72009399301634575	1.0
3294620507295869405	11414296448034057216	1.0
3294620507295869405	3092198247880812607	1.0
3294620507295869405	62553603488126147	1.0
3294620507295869405	11434910130743567780	1.0
3294620507295869405	64033790911374904	1.0
716058606187825171	8991275152100248405	1.0
7713716311221248405	7226434743332467219	1.0
5830885474929651856	7346330748347077405	1.0
14488095515086392841	7346330748347077405	1.0
2921986377687132418	7346330748347077405	1.0
7383450953103868029	7366056365040801405	1.0
5924125240199682833	5730758455359208405	1.0
4103667709627280665	7346330748347077405	1.0
4040343271553547094	12675419127659256405	1.0
6212295031032351835	9025207725775967405	1.0
6949149125304374282	9833758334508146405	1.0
7996018788877506810	8026546958913114405	1.0
4669672699405389836	5578888702303767405	1.0
10327463817274579405	11243257224870776361	1.0
