14046737248785504137	6744493375020687928	1.0
2894421224297508526	876417417328194928	1.0
3697323238844936413	17225224461226505928	1.0
2241100723693782420	7359884106152122928	1.0
4897085476902981928	863059162779858856	1.0
4897085476902981928	9217891025589136658	1.0
3526188813148909513	6730736841093798928	1.0
13391303537695578141	17931129498769764928	1.0
3522318066059708928	7704274775098877989	1.0
3522318066059708928	6179857650022415505	1.0
3522318066059708928	4479459242717328886	1.0
3522318066059708928	15180156748473904394	1.0
3522318066059708928	12352898629602430011	1.0
3522318066059708928	5739187443091981523	1.0
3522318066059708928	17460469208555066794	1.0
5301021029261016928	11426870050759632701	1.0
955648863825607928	4199363473968169434	1.0
955648863825607928	18143100923277512295	1.0
12633540168647038098	16771114032164037928	1.0
14123203477916262274	7359884106152122928	1.0
18358773411046905928	7392277875597188944	1.0
2311812146938717794	9036698497641415928	1.0
6507791985367942928	11433350894383447156	1.0
5199796721801520226	7639071733667351928	1.0
10233079531060150928	872307533101630129	1.0
10233079531060150928	14097299269399781327	1.0
10973148365351193021	7359884106152122928	1.0
3601502072523231928	11412040465054820983	1.0
3601502072523231928	8898364959307780221	1.0
3601502072523231928	336496933610743636	1.0
3601502072523231928	8705156469123153582	1.0
8875004682255218277	14039051813926947928	1.0
6477917064179676928	11488800605570724735	1.0
3333392412934185075	880261773921496928	1.0
1834509170998060111	5551235903621329928	1.0
9550793716863759928	11317565241624900452	1.0
5100423594870503476	7213318020555244928	1.0
6682221553452081822	7359884106152122928	1.0
2326040587484011928	11479451032979590319	1.0
2326040587484011928	7372226115940589795	1.0
2326040587484011928	2970204916131560322	1.0
2326040587484011928	859849550841540344	1.0
2326040587484011928	11567782802660919774	1.0
2326040587484011928	11479664218019905585	1.0
2326040587484011928	11483081770760898780	1.0
1826896705889698928	12865623999191374540	1.0
1826896705889698928	12876995264475429866	1.0
5941514554373878928	11428904001160821828	1.0
5941514554373878928	16860638269766992967	1.0
7086837134704483928	15718758476031610077	1.0
