3888970300389531310	15828496572438279030	1.0
5276227237832983110	11423698513645221030	1.0
7773352843073138401	11423698513645221030	1.0
8054298516238422021	11423698513645221030	1.0
15439389702892274160	11423698513645221030	1.0
7091403003559650933	3484758864254034030	1.0
4802836542591602612	11423698513645221030	1.0
8061524698801849661	6688815068258796030	1.0
465324947077249502	16911309997356562030	1.0
14715287929314549360	4952528254632704030	1.0
3139021465260927553	11423698513645221030	1.0
4245279923661411030	13583740433607220055	1.0
2362068773223593424	11423698513645221030	1.0
7567751820672242892	13364124009110346030	1.0
15536247339090255198	7774706753538866030	1.0
2863754579751343030	1270038574597340566	1.0
15165939679256117097	11423698513645221030	1.0
6094751375426738030	11493197398047953222	1.0
6094751375426738030	11488263670240088821	1.0
6094751375426738030	7399869943247245955	1.0
6094751375426738030	12871414791927970720	1.0
6094751375426738030	11470889196131108608	1.0
6094751375426738030	12861751910087703766	1.0
6094751375426738030	11494973895340563923	1.0
6094751375426738030	12871501189565130144	1.0
6094751375426738030	5891559075892863261	1.0
2978516029164484030	7346023232973772352	1.0
2978516029164484030	11408689767502347663	1.0
2527827380731224097	11423698513645221030	1.0
4256154437423662030	12263677892075275152	1.0
4256154437423662030	10452152897291255204	1.0
4256154437423662030	16220825008659722249	1.0
4256154437423662030	5828992280165818202	1.0
4256154437423662030	881593514510733718	1.0
5367122214276341148	11423698513645221030	1.0
7205539826325439413	7230474954783964030	1.0
11674328316204979640	11423698513645221030	1.0
12518404151360650918	11423698513645221030	1.0
3174009733187535241	7842012228455865030	1.0
6295529241806762516	11423698513645221030	1.0
3268829254071259752	11423698513645221030	1.0
2375894153407777030	17969110574408631479	1.0
5823338336641391030	9217203903821420664	1.0
5823338336641391030	3669700223692171357	1.0
12489869985490194158	11423698513645221030	1.0
5345392705877742577	11423698513645221030	1.0
2515678795554336539	11423698513645221030	1.0
3295816538001876895	11423698513645221030	1.0
5877290524096142878	11423698513645221030	1.0
1145056104931828030	6273258758856204935	1.0
