16352545818229928156	192439129570647400	1.0
10455486469126729173	7224331828660903156	1.0
13193766034756313156	3469267767598724315	1.0
7648370871032406156	17816021271221821969	1.0
3537132958206059323	11433350894383447156	1.0
1027559806197492820	11433350894383447156	1.0
5613273293002067330	1321991261997069156	1.0
1996484353689392156	7353389784848795203	1.0
1996484353689392156	7368461860244050714	1.0
1996484353689392156	7357408237842214069	1.0
7489154847941739624	11433350894383447156	1.0
2005451518511371875	11471285372448518156	1.0
7032499228398208575	16747339867898141156	1.0
4449861836699861143	10110678542616731156	1.0
6698040417667660172	1901643697001321156	1.0
11294635275350150750	5652814113369536156	1.0
5648968636567388452	4430820645287551156	1.0
3174871583083704079	12427917741182587156	1.0
18112997879309790156	21605865259999073	1.0
5011298228830752777	7232824309536410156	1.0
6029999542348363532	858030997286093156	1.0
9984433720180629156	7227411444842656746	1.0
4593528657702913156	7231897971868761215	1.0
14647598033315863394	5652814113369536156	1.0
3669811378341462156	12867819543463773289	1.0
3669811378341462156	12871501073599505375	1.0
3669811378341462156	11645852290814701646	1.0
3669811378341462156	12871620207358683633	1.0
3669811378341462156	16780589332824589737	1.0
6543612957173201896	5652814113369536156	1.0
4636326834500550660	11471285372448518156	1.0
4539530641237166335	11169268805955448156	1.0
6888352503495045080	12334104830592325156	1.0
4186662086740696156	15599507613783076358	1.0
13486035767452862156	896682793039991649	1.0
13486035767452862156	13385210307307968165	1.0
13486035767452862156	4882326118242529109	1.0
5019996355184623156	6824628569563129644	1.0
6943251156447567434	13059096873321348156	1.0
4499770678816730511	11433350894383447156	1.0
4985569348683554023	11433350894383447156	1.0
4483465892423013688	17637810479107123156	1.0
12317182393086979815	7185925879291583156	1.0
4990806911606939851	1533923351474110156	1.0
13328421977745084156	11418312744934829668	1.0
13328421977745084156	1061330435551545705	1.0
13328421977745084156	7229146718891903460	1.0
13328421977745084156	880781041751796379	1.0
13328421977745084156	13592223646929093251	1.0
13328421977745084156	245398566879481500	1.0
