5620372298135131189	10706198606696496080	1.0
11493354457205841052	319012640527040080	1.0
8657079020690792941	11422092900330244080	1.0
13897099845213786849	11410236265200242080	1.0
12795690530346068887	319012640527040080	1.0
3743966948295261534	17200918945018340080	1.0
13209343223903475905	319012640527040080	1.0
4524853602219673080	865830722379031323	1.0
5623888177241588081	7223271860764203080	1.0
16298945312442488565	7223271860764203080	1.0
1357359001938282949	16318567727715587080	1.0
6312993447102350212	12231571908148619080	1.0
2892755617769392967	6988169761090660080	1.0
11944382754654559080	1057809696152501921	1.0
7258643837349184683	319012640527040080	1.0
3798307169720550339	319012640527040080	1.0
5463985269874535363	355938498300576080	1.0
12305383935388583599	355938498300576080	1.0
5587662630000132565	319012640527040080	1.0
5587662630000132565	7232746726158991080	1.0
6070287009638909619	8710487017458548080	1.0
5781314330047080696	7232746726158991080	1.0
7633927978084916175	3491551724562745080	1.0
8560348406398267415	17731378305397952080	1.0
10370584386950398812	319012640527040080	1.0
10054620087936250579	6928060930676640080	1.0
1691599058022697633	319012640527040080	1.0
12584902368529727080	10431226395210679005	1.0
16323105651384894080	3474774873493109308	1.0
964157288783978456	319012640527040080	1.0
11182441091230627129	3474774083150729080	1.0
7542858289292748655	319012640527040080	1.0
5604075812877639080	15922114662496797824	1.0
5604075812877639080	7225702417218107445	1.0
13139596227439668762	11040520771992150080	1.0
6954093070151833421	355938498300576080	1.0
725644559732294080	12058577981687287357	1.0
11358781953501936399	6017796104692420080	1.0
6180092572858305668	11418508161638660080	1.0
11671190389299019597	11422092900330244080	1.0
10473184951959158080	11314872838253584850	1.0
10473184951959158080	11317708500226325788	1.0
10473184951959158080	11328433592024356837	1.0
14124426434585664272	319012640527040080	1.0
1728706615164823820	7232746726158991080	1.0
641328020524522080	15602464149019281839	1.0
12623072941740942910	7223271860764203080	1.0
11441219021692090691	7223271860764203080	1.0
6283286644081204772	11424019725703290080	1.0
4124163933024608472	319012640527040080	1.0
