14148115713601155577	7547993978230588213	1.0
6705003530568744742	261432435804666577	1.0
299898088253798577	12881641362533095235	1.0
5661366746725913725	3971671530754843577	1.0
2156121459285121577	7661288340648157437	1.0
2156121459285121577	11473104054873857194	1.0
5524853644185332577	12879055311203096595	1.0
17336459941834578485	1628715306809449577	1.0
5853264030472505577	12866613456639267172	1.0
5853264030472505577	12874637138454799394	1.0
3875635042677707866	261432435804666577	1.0
10476764847196884178	13922310648244026577	1.0
1573588413247564725	5842781899790451577	1.0
3503382294511413006	7411718808981071577	1.0
5500628800517462932	261432435804666577	1.0
14348452037051382519	7226723240700702577	1.0
12973559998915066718	261432435804666577	1.0
10666045052940690638	261432435804666577	1.0
4295240835881658577	11184545509003586938	1.0
5964688496137693421	9166069132163097577	1.0
6169433589565957577	8701288606302955755	1.0
6169433589565957577	3581108444254413775	1.0
13374016302673799911	261432435804666577	1.0
5932158192617338638	17236206648131697577	1.0
1002287457725338643	261432435804666577	1.0
5394387275946262591	7226723240700702577	1.0
8398177860688794086	261432435804666577	1.0
13141952421612731577	14104902869082551252	1.0
11953031054728208617	261432435804666577	1.0
12207532291582272437	261432435804666577	1.0
11721427451172120789	7226723240700702577	1.0
14027973984886724266	5879136088130344577	1.0
9090882739800146577	4765860004554757646	1.0
4990049936283475577	7403966491656135097	1.0
4990049936283475577	11477653279868942482	1.0
12672027133868447923	261432435804666577	1.0
12143905542989174402	261432435804666577	1.0
11515604088588021577	12866613224708017634	1.0
11515604088588021577	12868170493872769303	1.0
4428099472998619126	261432435804666577	1.0
3628131644592013577	863482878551409419	1.0
12165283539916404577	11412739372015368048	1.0
12305617551337962967	261432435804666577	1.0
1871254578917685674	261432435804666577	1.0
113839794874660401	419936301965936577	1.0
12845454793274524577	5671379971269063923	1.0
12845454793274524577	11179031917114023241	1.0
14617096746702923509	12873868682876644577	1.0
13472791621449599577	607176533651907365	1.0
13472791621449599577	12107954175456746090	1.0
