7599750062324232783	867608671360228506	1.0
14857775140690163783	3811067223342462985	1.0
14857775140690163783	12878081015011863765	1.0
4215208804439019783	7219954904771281620	1.0
7023937609363316726	9038053869087343783	1.0
5249342361448230476	4268635983225437783	1.0
9976650600316360659	13360992298350877783	1.0
4721442574113852783	10071951057421670853	1.0
3022711126040227049	12866375472465570783	1.0
14054803099279200386	333079870449364783	1.0
3024024870478553783	10454871255952802911	1.0
3024024870478553783	1890905699921533254	1.0
3024024870478553783	11412739372015368048	1.0
12151342256820741783	7208654597011492386	1.0
842325508747982112	16766043664362288783	1.0
12191420062179085671	7349548284422632783	1.0
14211879759943817783	7164404838263804066	1.0
9678225007824138040	877629027678533783	1.0
15253959498209094783	7380101050239258286	1.0
15253959498209094783	7376868524601727351	1.0
5621005075166450783	249989251938478504	1.0
14169667769842137089	13041495607641467783	1.0
12932657973186361783	11487872733753056004	1.0
12932657973186361783	11469432124181950944	1.0
12932657973186361783	10856776820437513250	1.0
12932657973186361783	871934188744369462	1.0
12932657973186361783	11493817028743842934	1.0
12932657973186361783	1288592608982122872	1.0
12932657973186361783	11475759774841931682	1.0
12932657973186361783	23093775070783474	1.0
12932657973186361783	11483942937473963360	1.0
12932657973186361783	7382471970987395805	1.0
12932657973186361783	24599616391663874	1.0
14710590712271907771	17971096551613832783	1.0
16043458653551910181	11410755595308720783	1.0
14418380010200998948	6700416646676284783	1.0
4681514114105905783	17730832393556574222	1.0
1913069782743817783	3481000192395495159	1.0
3395577788590923785	2561946791010542783	1.0
2498600952649808783	11352614339251575558	1.0
2498600952649808783	12270357992088358611	1.0
2498600952649808783	10416427252792788731	1.0
2498600952649808783	5837390259780140926	1.0
2498600952649808783	11407498837584614958	1.0
2498600952649808783	866201322178612985	1.0
2498600952649808783	856803641676830465	1.0
2498600952649808783	860181637799665072	1.0
2498600952649808783	7377597591083032134	1.0
2498600952649808783	882033280470248260	1.0
2498600952649808783	5127508770446048537	1.0
