13637659528948355055	7356547439534023497	1.0
5771460545240614204	3474368505093052497	1.0
12000888109711148107	9044845037073605497	1.0
676347307408316793	11321019469111963497	1.0
2336422493664381985	7555905247889167497	1.0
14023688814614487559	7555905247889167497	1.0
6765171662787694489	3488871518904369497	1.0
1995479850905000497	771532549686925940	1.0
1995479850905000497	360224678215123598	1.0
1995479850905000497	1019285910038197582	1.0
11142623441941154991	8712700178981749497	1.0
12745962281689462880	11491109318057614497	1.0
5247508074477978044	3488871518904369497	1.0
4080499332925802310	3488871518904369497	1.0
2233032680128486497	8247775931621786786	1.0
2233032680128486497	11481290060708854503	1.0
2233032680128486497	11323248771873126085	1.0
2233032680128486497	7361023513946276815	1.0
2233032680128486497	7363987797363590440	1.0
2233032680128486497	7224242227029544560	1.0
2312484914049823395	7555905247889167497	1.0
5445241920825560806	11491109318057614497	1.0
12520658222860557056	6824367079185623497	1.0
5795154632201860338	3488871518904369497	1.0
10129811937683452276	16910935689852416497	1.0
2875164776463167156	3488871518904369497	1.0
6013087662287578933	9322131635162248497	1.0
12443262684521179318	3474368505093052497	1.0
4059896277996750113	6824367079185623497	1.0
7617210935037346136	3488871518904369497	1.0
6784092780681453189	3488871518904369497	1.0
2555926968078496497	9369149359359435104	1.0
5521957656994833497	4588682896674141408	1.0
5521957656994833497	9556332515562071135	1.0
11063036456163075497	7213413033808492987	1.0
5713220443444926943	11491109318057614497	1.0
5986837422360098189	3488871518904369497	1.0
2697947886713021242	3488871518904369497	1.0
14263530118566893876	3488871518904369497	1.0
3112311441847020374	3488871518904369497	1.0
7595721864763326893	3474368505093052497	1.0
7182811555871705856	3488871518904369497	1.0
4312277232780826666	875046816027977497	1.0
5137545663465125886	3488871518904369497	1.0
2665395947536096497	7366480841256676453	1.0
2665395947536096497	10334798181510358117	1.0
2835364262031094497	11490998812870272268	1.0
12328199312180879770	3488871518904369497	1.0
11401998834785573684	11491109318057614497	1.0
12242600601138348497	7367202919408716593	1.0
