13474894099131716130	878009576643523815	1.0
5320796721968297188	10363590709518130	1.0
5734470650767998704	10471997562605653130	1.0
11468962229690899130	7362662211315878943	1.0
4877835793146933802	5834972652717894130	1.0
5860344543978167999	10027349940221337130	1.0
12087058643418996327	1979944940132275130	1.0
5768978681625735669	10363590709518130	1.0
6131508332230804130	3643121808953842740	1.0
6849038870868436740	11491648095982479130	1.0
5434606049928765121	3463463033332509130	1.0
5899412649116086782	11491648095982479130	1.0
13238114441255774212	7060564696478946130	1.0
1628653243399397633	10471997562605653130	1.0
4767835333428811130	7219954904771281620	1.0
4767835333428811130	54670049331140252	1.0
4767835333428811130	11431485929399568998	1.0
4767835333428811130	2378509459374688590	1.0
3297732448599089130	1634654880544120016	1.0
3297732448599089130	2538929562640361042	1.0
3297732448599089130	12799431978163034503	1.0
3297732448599089130	8921142978025007718	1.0
3297732448599089130	6558252359580774470	1.0
3297732448599089130	5546602011914072550	1.0
3297732448599089130	11166412285046503800	1.0
3297732448599089130	12382725566761214586	1.0
3297732448599089130	1439127132001606516	1.0
3297732448599089130	2933874900453386726	1.0
3297732448599089130	12144937597479250794	1.0
3297732448599089130	13506799704891505531	1.0
4728711663055074685	9042057813760459130	1.0
7185142172098288548	11491648095982479130	1.0
2124467592674066306	11491648095982479130	1.0
15737994057769782588	7353691927182053130	1.0
4986999142431936130	210763097442571514	1.0
5820364435058280418	7353691927182053130	1.0
2395477443145380130	12880866103682805529	1.0
5906617327460391130	2065368290985219261	1.0
15289818802972646588	10471997562605653130	1.0
6114387501317608130	66898650203531041	1.0
5478544698223582130	6821989664413355783	1.0
6475289940238238130	8935164782486742585	1.0
6475289940238238130	12678130871242524088	1.0
6475289940238238130	7365991437908510975	1.0
6475289940238238130	13592223646929093251	1.0
6475289940238238130	11423327033472765935	1.0
6475289940238238130	3740282613896219833	1.0
11763062677130607130	11316512442012069225	1.0
11763062677130607130	11335129798149966184	1.0
11763062677130607130	11336480543963022693	1.0
