11377437520507303784	11489023570231674246	1.0
2657919320382695563	6862502790903096784	1.0
15020651493660698781	3476888676005872784	1.0
3037101336661907499	6862502790903096784	1.0
5451551649547867326	8876370735076272784	1.0
5952620990298380784	11338468653866545168	1.0
3992001760485541517	3650830716928589784	1.0
5411825049308971784	1763292158449889513	1.0
5411825049308971784	9018304419804258050	1.0
11843721627924575385	7220559885159884784	1.0
325686574682795784	7366815427491916049	1.0
4370778195335091256	853448606411886784	1.0
7135073354410675784	9980758840453702671	1.0
8008336415993816784	12915179616609381710	1.0
8008336415993816784	10856564389754831863	1.0
8008336415993816784	13257809783092361022	1.0
8008336415993816784	11613190236635233624	1.0
13991485390616370784	7355333863121685467	1.0
11274714645746329784	10337428699568494170	1.0
11274714645746329784	7348824556664998818	1.0
11274714645746329784	7370272408050754610	1.0
11274714645746329784	7349078728496019955	1.0
2716328925366160784	7343171245765958359	1.0
2716328925366160784	63954587424962819	1.0
6955569509370040245	7220795270930881784	1.0
6294799880597037667	853448606411886784	1.0
14170687493493942021	12869656131701971784	1.0
13843591954035898784	7221638622187936659	1.0
13843591954035898784	2380025273611498612	1.0
13843591954035898784	11414174131635986398	1.0
13843591954035898784	1057809696152501921	1.0
5045991690659258784	7033951892283901071	1.0
7628991187763142784	1570119370334977091	1.0
14049194873740862539	6839447413708496784	1.0
6149492107706142882	12869656131701971784	1.0
3704086775753071784	3473046724647939120	1.0
10122359005112497626	10360847258255616784	1.0
10763074693986163784	6666809885117761973	1.0
12926273327834119606	3479670483299895784	1.0
2459075402970301878	11357486602031077784	1.0
8562197692313942784	9558098490165083654	1.0
13029113117940085185	7220559885159884784	1.0
2782994440987267097	6862502790903096784	1.0
1775500618585997530	3476888676005872784	1.0
11690856887371740784	3466817746445884856	1.0
2710955619963691784	11472626892521654015	1.0
2847440073327694784	10478882794767752633	1.0
2847440073327694784	11421389565027314900	1.0
2847440073327694784	7228550216592602724	1.0
2847440073327694784	11479448945630523720	1.0
