4109532285660748172	16132038477248109391	1.0
4109532285660748172	16033993573747118911	1.0
13682136316259997006	16452692447104986172	1.0
4753541621079759876	12858983984027136172	1.0
1762194664928684684	8237559982391826172	1.0
11707903922316462066	9955012756999117172	1.0
13936274174812548172	5237161751969870438	1.0
378038930519651721	9551617122454896172	1.0
1567155986503531415	10641720608428491172	1.0
243440313403048253	11486239520895567172	1.0
11687401796997679840	12657853952513223172	1.0
4328269833236994591	12217901648545743172	1.0
6231353759428813172	345047500558982572	1.0
4798622483464429583	9934719232633411172	1.0
10277821845277408172	6022733401603877727	1.0
10277821845277408172	6824515564851658459	1.0
10016545652315153438	3477606940519138172	1.0
7541430499152122997	1426083047479102172	1.0
8938139525265724743	3477606940519138172	1.0
12478653954451992172	12145952094526883133	1.0
13053544126727888172	66898650203531041	1.0
13053544126727888172	11489028204498233162	1.0
356318110836186024	3480855675266226172	1.0
12957497117924231790	6458223181561326172	1.0
3906076171758638654	9992848282407230172	1.0
5209234019005932707	12657853952513223172	1.0
3527606423066169172	11568213102571701577	1.0
3527606423066169172	11433930259724999560	1.0
3527606423066169172	11494973895340563923	1.0
3527606423066169172	14713798926999159277	1.0
3527606423066169172	862373548516058159	1.0
3527606423066169172	11493025771179646791	1.0
8548800229000013845	3381666095909921172	1.0
4728900840926115283	6616244389276202172	1.0
4877615750336147172	876801649463473565	1.0
6543412308511039552	7203384401504799172	1.0
4342152092804639172	3474414865068488858	1.0
6705488384946685287	3477981826753152172	1.0
5993574169686769172	315008506872229522	1.0
5993574169686769172	11425724784749584643	1.0
5993574169686769172	7213595462645541113	1.0
5993574169686769172	7774769907387553663	1.0
11749657992013660799	11486239520895567172	1.0
13789898630329807292	3477981826753152172	1.0
6436554547493312381	1901024594574279172	1.0
9920042620436589172	5435747717707297261	1.0
11220727112798308172	10263115199338339366	1.0
11220727112798308172	11338107447110121257	1.0
3528714603001136172	11467147184242558822	1.0
3528714603001136172	1282879636800642723	1.0
