2438544021865500421	7232232262135395268	1.0
13067900849751835268	11326764507554318632	1.0
13067900849751835268	6201294447169390156	1.0
7103977167279863470	11330742824081456268	1.0
9894135456169402320	11330742824081456268	1.0
6460665103924857572	10266478971061333268	1.0
2838786281338934268	11231425148249022990	1.0
3053742767566499114	11490998812870272268	1.0
12117410882001635268	12870811989020286864	1.0
880423684813282107	8231346129902416268	1.0
12439992946068718476	11330742824081456268	1.0
742091618108394793	5823164554929082268	1.0
813628349047136882	16670556802337055268	1.0
10510356829969867268	5270694630910732021	1.0
6990808104709405661	12861566839980675268	1.0
7110840556955709327	7232232262135395268	1.0
13976068445695534268	2577023127164122777	1.0
9861340984294261642	11330742824081456268	1.0
6596087094292826957	7232232262135395268	1.0
11096133236668540347	11330742824081456268	1.0
6231043744453159268	17523301281493484	1.0
3547883792578612890	10266478971061333268	1.0
10815076336643482758	11330742824081456268	1.0
5023720762957629430	11490998812870272268	1.0
12335827178354689961	7232232262135395268	1.0
11208945140783405268	8907600215369439104	1.0
5912002551820898678	11330742824081456268	1.0
6438907319527702268	11489023570231674246	1.0
6882281681521944268	7548841972374631502	1.0
4563438726771790295	12861566839980675268	1.0
3808549201727042945	7584836879708476268	1.0
5260305135970375257	8762694568837543268	1.0
3854768862050978268	13592223646929093251	1.0
3854768862050978268	11407600782910843336	1.0
3854768862050978268	11409508744903689603	1.0
3854768862050978268	71773339309287098	1.0
3854768862050978268	7225908090280764068	1.0
2451842463859039258	14716170614794354268	1.0
2974783260243484606	11490998812870272268	1.0
8384062510226957349	7388372285699678268	1.0
2691603352969306268	13042188493245541646	1.0
5031617304188558268	12868818600166044134	1.0
2385283481306603507	1777122055501555268	1.0
4982335840431611528	4944340858501984268	1.0
5668100282971448268	3481457821140124466	1.0
12416284294125345544	7232232262135395268	1.0
1614651793620425268	11428215513608358887	1.0
1614651793620425268	315356519422586366	1.0
1614651793620425268	11241753780019324805	1.0
1614651793620425268	11243257224870776361	1.0
