6335316659275442345	10337260353176740101	1.0
6088217532617992101	860081741006110390	1.0
6088217532617992101	5843940308257881775	1.0
18342491198299910464	11471056532334067101	1.0
2839249107610801538	7918559072200775101	1.0
12316826670468139101	2665147655925722830	1.0
14952447614987223995	8288219121164456101	1.0
5202927962886317044	12866907752091821101	1.0
2506858376870892101	4926570198424228772	1.0
6381654905989637344	10374143554034905101	1.0
12796952026177994817	6821028755618427101	1.0
3246588061306829101	3475920706289107018	1.0
5705182957964171482	8378692774352822101	1.0
452895814549956781	6821028755618427101	1.0
7594338769426616964	11411601867178659101	1.0
3610871744721401177	12269992438817223101	1.0
14934373545273132101	12866580728934077597	1.0
5130242733310518101	11428482578969321701	1.0
5130242733310518101	7234319289800430736	1.0
5130242733310518101	2988086492981897121	1.0
5130242733310518101	11428687891275213111	1.0
5130242733310518101	10322205071931377226	1.0
6584049644208577101	17278480162489511335	1.0
1656115414937971143	6837469310934958101	1.0
1848780608586640915	10030020864431794101	1.0
2950273084275993189	11411601867178659101	1.0
4274998028392340571	3480238321019620101	1.0
4781562242691565620	11491658468263391101	1.0
11165096106789188287	11411601867178659101	1.0
6719843123911548305	11491658468263391101	1.0
6180649930502874101	10968038354788721829	1.0
14580181679758962474	11411601867178659101	1.0
3271621980541367116	7965051492203024101	1.0
5093965858683615101	13773306387184751513	1.0
4256112359546864709	11471056532334067101	1.0
4936550666440059437	865960335900040101	1.0
2681792173468938974	12866907752091821101	1.0
6815497829175380101	8560722945558014024	1.0
6815497829175380101	2048801373204809210	1.0
6815497829175380101	12575900500170515417	1.0
3561250800795743742	7671980322386004101	1.0
3555139687974874101	11320864163072700404	1.0
18406935134324845101	7213245504391697647	1.0
18406935134324845101	11337205560274689561	1.0
18406935134324845101	11337702835866248674	1.0
18406935134324845101	11465507477458456724	1.0
14271917845486290101	3477474947573636972	1.0
14271917845486290101	17271654716389385810	1.0
5198440970388044101	7395916138155142038	1.0
10985736419657838101	3474441291957110796	1.0
