2017344764634046354	11223384715884350700	1.0
7402086386260014718	11781759916339523354	1.0
12056110655939058426	3973656533957221354	1.0
4174701406179216030	9902886477434248354	1.0
551365511748907507	16062592623508295354	1.0
2873430612950744354	10457433289843871700	1.0
2873430612950744354	7357583408119070553	1.0
2873430612950744354	3483265998088116441	1.0
2873430612950744354	10454871255952802911	1.0
2873430612950744354	7231103875361909894	1.0
2873430612950744354	7356884921845544437	1.0
4239755974697930698	12873783101401705354	1.0
16600093418346448169	11860826330324872354	1.0
4237255870506836409	12873783101401705354	1.0
4600459283670062635	12873783101401705354	1.0
7384778010693846354	11325860889382866133	1.0
7384778010693846354	11335469848005674341	1.0
3900406616291957354	66898650203531041	1.0
3900406616291957354	11409508744903689603	1.0
3900406616291957354	12663473324551896565	1.0
3900406616291957354	11413594933849846661	1.0
4365436776307308354	11492142575530996424	1.0
14244291473011362973	11434522832068321354	1.0
4398628944861776535	12873783101401705354	1.0
5688757973935784841	11781759916339523354	1.0
8702453055934970354	9287675123649782185	1.0
6335495257612257354	877855007351903327	1.0
6404174911540517514	12866901966779824354	1.0
5991080601479504354	15172411667654441693	1.0
7214103330502310224	7208125740095104354	1.0
3281869390706053354	12876706857453058023	1.0
14397454572447413357	7366110069199147354	1.0
5830335768758259354	11428718273930897700	1.0
5830335768758259354	12266437301133125367	1.0
14724989779340238354	64057099757674227	1.0
14724989779340238354	10983374214185297644	1.0
14724989779340238354	11419215117620765749	1.0
14724989779340238354	7356009994107728554	1.0
3350024253264563953	8309671752409358354	1.0
4773213878383041890	11468689103233824354	1.0
13151273208859216382	12866901966779824354	1.0
5116778829121091786	14574713675913771354	1.0
1524061452547284000	7366110069199147354	1.0
5766131131180943615	8958412787847096354	1.0
7136380403769813439	16442257042651036354	1.0
15365599711938284156	6329686447909877354	1.0
2325224655108915354	9486319888459947199	1.0
2325224655108915354	12264432736753535018	1.0
2325224655108915354	15175752658272298763	1.0
3649316837794649354	8931461439454005750	1.0
