5815019128937404243	2369644351821645849	1.0
5713639367736310763	244236576286824849	1.0
6807154465812167431	8890837625330784849	1.0
6265846017306231836	244236576286824849	1.0
2007008321466158284	244236576286824849	1.0
11149615587221627702	11332785072452101849	1.0
17601345585884868849	11408687074647681008	1.0
17601345585884868849	11419711100392284676	1.0
17601345585884868849	11428480895384000173	1.0
6887672591656329217	244236576286824849	1.0
2901300174933067849	7238620978771183557	1.0
2901300174933067849	11414336197919080749	1.0
2901300174933067849	3475576275732098268	1.0
2901300174933067849	11411375161612200966	1.0
2901300174933067849	7208159150626835399	1.0
13497769627179178028	244236576286824849	1.0
3723622460702131976	244236576286824849	1.0
5206977625722777816	2369644351821645849	1.0
4444161962094669352	17687695760009503849	1.0
14232666538738919299	244236576286824849	1.0
1433337529361460528	2369644351821645849	1.0
13030126574311506601	244236576286824849	1.0
4612812197649897726	244236576286824849	1.0
4661028551120966849	11435845321289662885	1.0
4661028551120966849	4011634220069316153	1.0
7283346954523510717	12876517316253661849	1.0
14226017520912833849	11419711100392284676	1.0
14226017520912833849	11416187685357580267	1.0
11826556307769831737	718559541064863849	1.0
1152209686975112849	7211754476409079951	1.0
1152209686975112849	7220828140318212694	1.0
1152209686975112849	7216688672332304192	1.0
1152209686975112849	7228597182160519219	1.0
10642744041691133084	13397506798725532849	1.0
14015128309262541890	2369644351821645849	1.0
2249103176685737849	1053680398700647391	1.0
2249103176685737849	7359665329035964957	1.0
2249103176685737849	45628649213826950	1.0
1166467330443443385	7351793525857399849	1.0
4232158268028317849	7221000295518247741	1.0
4232158268028317849	11470560691214334066	1.0
4232158268028317849	11469703445821015168	1.0
4232158268028317849	7213446341396993289	1.0
4232158268028317849	62553603488126147	1.0
4232158268028317849	11473961996083209136	1.0
4232158268028317849	245398566879481500	1.0
7447937663398164455	7407491160840984849	1.0
487749284998793756	6487501107615130849	1.0
17594807193185883510	8061021467835945849	1.0
8574183642433149849	7238620978771183557	1.0
