3655767197423914161	11481485657897129528	1.0
6785512193961859528	12886009282227575302	1.0
6785512193961859528	876310880798088032	1.0
6785512193961859528	6853940013384694125	1.0
6785512193961859528	8955564120812130501	1.0
6785512193961859528	8024239517263331753	1.0
6785512193961859528	13168810009437600	1.0
6785512193961859528	3470596158075425142	1.0
5551419602730947172	11477749981165808528	1.0
5331542305328377528	7392095657197624752	1.0
3119165579347543599	12863755967634303528	1.0
4842869568158080017	408133692964998528	1.0
12222827006060049528	10458853820269510158	1.0
12222827006060049528	7365232220917498264	1.0
5823505187888879528	2102154263642137718	1.0
6751924217841561077	870647931902626528	1.0
1173682929786588042	3257885415462495528	1.0
4508110196120060587	13223340381460904528	1.0
6375576180328113528	3487073997718268520	1.0
1531088427389045484	5257951665864181528	1.0
12175241195233508528	13878511227988843432	1.0
3514722534355167739	4588865776390813528	1.0
5555905650120567761	3220667819603505528	1.0
5193273100733402528	3481493057032345951	1.0
5193273100733402528	7228550216592602724	1.0
5193273100733402528	3471655520325045390	1.0
5193273100733402528	15162372233174785882	1.0
5193273100733402528	7234338874818279140	1.0
11541374930482415505	15616726058249355528	1.0
6006536844143864634	11481485657897129528	1.0
12579838315568880106	11416518857383518528	1.0
3808549201727042945	12141698118136124528	1.0
6555452045549834528	12153018243506446650	1.0
3067281367511474788	4363800393321421528	1.0
12521688198267141528	9765234630654148257	1.0
675439253288112627	3804540297506375528	1.0
2525950136016922528	13592223646929093251	1.0
4813994601653000528	11417005477235443925	1.0
4292312796347861528	2194918814992582896	1.0
4292312796347861528	11827479217430559054	1.0
4292312796347861528	4191188162166159637	1.0
4292312796347861528	16532879704042115630	1.0
4292312796347861528	6731932219230027644	1.0
4292312796347861528	7058283429360226186	1.0
4292312796347861528	14714040603096711300	1.0
5215478935513871684	8542286558716347528	1.0
5215478935513871684	17542006074924940528	1.0
13360648405587851122	151971974427054528	1.0
4982335840431611528	4944340858501984268	1.0
4982335840431611528	13664263043493685910	1.0
