3980426152661533031	16273394171856016999	1.0
1141904677413887616	12874621418837267999	1.0
2425760703873886999	1270558213058236361	1.0
2425760703873886999	11480021597882273639	1.0
2425760703873886999	11493025771179646791	1.0
2425760703873886999	1267422392979414871	1.0
2760919521557169437	6026428692746979999	1.0
13354432163160822538	14320747608131796999	1.0
16002049750681973883	7220049943742372999	1.0
4619013795879180761	5897040437670896999	1.0
13401744770686768430	7220049943742372999	1.0
1966824906947859999	66898650203531041	1.0
1966824906947859999	12655519612043977559	1.0
1966824906947859999	58239192931430941	1.0
1397410662267255999	10283139668235510462	1.0
1397410662267255999	14647253486122579662	1.0
13034461999044272411	7225735402588750999	1.0
4715116061372626509	16019134361183282999	1.0
6474039688457479999	11423084741412182120	1.0
13017411004980174453	12268923683582377999	1.0
289276175378571631	5464210481636093999	1.0
4463580487800726800	7389357224779744999	1.0
3491866703492398999	11473150801309828099	1.0
3491866703492398999	11490710431621877393	1.0
3273714486674933043	7370036519856971999	1.0
5490111582895092432	10458791895363515999	1.0
4061271495105609479	4710488087409719999	1.0
5982527130945292419	6026428692746979999	1.0
6878467256330555999	254420369069762829	1.0
6878467256330555999	7366156626630790634	1.0
6878467256330555999	7409069789067403336	1.0
4034846468510698993	16267713227278722999	1.0
1951132505432824762	14320747608131796999	1.0
2686277778182503872	3314836528097356999	1.0
7010676860447676999	3470347590999153853	1.0
17184852050371087632	2270693065137366999	1.0
11792473406006321999	7258761076083820723	1.0
11792473406006321999	7258701818421314918	1.0
4445453304171882999	1923117198808639521	1.0
4445453304171882999	6826470290224906927	1.0
3910586453835205236	12276033336195194999	1.0
14572034298849584097	11868849728609900999	1.0
2394563560134175467	2123240710459708999	1.0
5107313551404686999	11428241012829971541	1.0
11732462417648658732	12276033336195194999	1.0
11944310179363004710	7220049943742372999	1.0
7456182659309646999	11964381002768079949	1.0
7456182659309646999	4310618146499613046	1.0
5740710379157979999	11467977912526736887	1.0
2753997652461296999	17374819337433614368	1.0
