5654328227809176519	7217641613881422530	1.0
3537820918463063139	8893902774282081530	1.0
12091451171555167530	771836446964400900	1.0
12091451171555167530	13878541043621326912	1.0
286272592931869595	860541208098452530	1.0
15429639194921788611	860541208098452530	1.0
4464528699147276432	8893902774282081530	1.0
7523939143730863124	6312153614081707530	1.0
5555040863504912530	14926835432978669978	1.0
4974117622047505530	4349259102959944510	1.0
6112729719740124170	8893902774282081530	1.0
6902011649295575530	12860962069876101143	1.0
6902011649295575530	7367130325910163026	1.0
6902011649295575530	12871895600661314971	1.0
6902011649295575530	7225911131047612871	1.0
14356892287352673530	1057809696152501921	1.0
14356892287352673530	11476020827280767647	1.0
14356892287352673530	5949728838934776567	1.0
6337722189447489897	860541208098452530	1.0
18024561995877670023	7223879100439338530	1.0
4922307816072369751	16830365379852075530	1.0
5777744810950156530	7229509781096322890	1.0
7511596696165476956	4347328012585463530	1.0
13544552746938241539	10660830673830929530	1.0
5247739817769745530	3474530442649426176	1.0
5247739817769745530	7392277875597188944	1.0
5682772210979129530	7222132599297907502	1.0
5682772210979129530	11432527008084851887	1.0
5682772210979129530	7227848054013958872	1.0
5682772210979129530	11426992740767471751	1.0
5682772210979129530	7228487647616431439	1.0
5682772210979129530	11408689767502347663	1.0
2437614109507072530	867241305610494026	1.0
4250854681243017048	860541208098452530	1.0
4172654047228103192	7226901245619469530	1.0
3884952793468024633	860541208098452530	1.0
4208939966591107530	4064587086740333384	1.0
4208939966591107530	4401824560623692286	1.0
4610598837675157973	7226901245619469530	1.0
2082467270210712342	8893902774282081530	1.0
13256966534331225657	7226901245619469530	1.0
6015358501409828530	6824367079185623497	1.0
8446596546630794557	1639756491230866530	1.0
5786406519299356021	9789414117529660530	1.0
5786406519299356021	3218750434470357530	1.0
6966446462433055230	8893902774282081530	1.0
6138152733260740530	16495983320281092141	1.0
6293911758218022804	10921530239162173530	1.0
1326216490126420835	7226901245619469530	1.0
7358959034253359134	10365364382895995530	1.0
