14244163191036610154	7225908090280764068	1.0
1104153547832774166	11468421814634136068	1.0
8476325494503484068	11412739372015368048	1.0
11786052667560230432	16096478601280001068	1.0
10992688337264493989	7225908090280764068	1.0
3395063923533433870	7346320156917689068	1.0
7528728677188191048	12867246247048067068	1.0
6137967464659586185	8914325296625348068	1.0
14264160180686754586	7225908090280764068	1.0
5965729354975620750	10580115432334752068	1.0
679107756461151068	1271555366993682631	1.0
679107756461151068	11480285871580282551	1.0
553603795284419414	17916308138013228068	1.0
7512474663556083068	12615061527164959834	1.0
13564657321548672068	10463165276014252340	1.0
13564657321548672068	7213086281345125278	1.0
13564657321548672068	306608195105787088	1.0
13564657321548672068	1061330435551545705	1.0
2220088859063738068	7209678366557895507	1.0
14729321366505704068	6248442197664258798	1.0
4322462266322595331	12262953167786812068	1.0
13134491835080691068	10323695683411247717	1.0
13134491835080691068	7360960025538159043	1.0
3245995023441678951	7225908090280764068	1.0
13577814580756453788	7225908090280764068	1.0
4862150569260144739	7346320156917689068	1.0
4862150569260144739	3217039534373609068	1.0
3260637752488331273	7225908090280764068	1.0
2541138356698721068	10638201199834347732	1.0
5047077035028177998	14114751188065665068	1.0
11055843318676162527	11468421814634136068	1.0
4379379462652191710	7225908090280764068	1.0
13668355187487328068	11423698513645221030	1.0
13668355187487328068	11423283353549720941	1.0
13668355187487328068	11424022066567903946	1.0
13668355187487328068	7355363549935750754	1.0
13668355187487328068	11420294335495441534	1.0
13668355187487328068	7226778452466940108	1.0
13668355187487328068	7349019354867889381	1.0
13668355187487328068	7355155974168543283	1.0
13668355187487328068	11243257224870776361	1.0
13668355187487328068	11434307572621701701	1.0
13668355187487328068	11412650427538796956	1.0
13668355187487328068	11239193081889644486	1.0
13668355187487328068	11431545418993324341	1.0
13668355187487328068	7346023232973772352	1.0
13668355187487328068	7358158379666787111	1.0
13668355187487328068	13592223646929093251	1.0
13668355187487328068	11416217359199195410	1.0
13668355187487328068	7219135991997559537	1.0
