8205051688121087294	11412482511596733644	1.0
12970922059769228998	16985053536015215644	1.0
11124958181987321077	10983374214185297644	1.0
6342807344521706492	746239461309087644	1.0
2885751761804862082	11287359758943298644	1.0
6767520137924620423	11539802703059566644	1.0
3083212217203397701	12252256848039255644	1.0
3044441994070560419	10983374214185297644	1.0
12175844818886795211	7833806066975950644	1.0
4150693074110993351	10983374214185297644	1.0
3145270170278130588	3028533578056751644	1.0
5534210035168252187	10983374214185297644	1.0
5967691854150411182	10983374214185297644	1.0
8312972362115282400	3644824394055670644	1.0
11836445218820442076	11412482511596733644	1.0
17444737183611112619	11280970939166335644	1.0
5745292267948617644	11408687074647681008	1.0
5745292267948617644	10973478841469485512	1.0
5745292267948617644	7357435167321516517	1.0
5745292267948617644	7214350694060608319	1.0
6397449375305933644	13592223646929093251	1.0
6397449375305933644	8352863760131520134	1.0
6397449375305933644	17542165684425095380	1.0
1410036990908638426	11477623773478953644	1.0
13190270949118502473	11672923649966980644	1.0
2922110506006992486	3644824394055670644	1.0
4685158527203155805	3028533578056751644	1.0
3817760534359392644	11425353317358425546	1.0
3817760534359392644	7363519830346539503	1.0
3817760534359392644	7343171245765958359	1.0
3817760534359392644	11427601522355810052	1.0
3817760534359392644	3482848170718750185	1.0
3817760534359392644	3472338922543124967	1.0
3817760534359392644	3740312300710285120	1.0
3817760534359392644	11409772902519394366	1.0
3817760534359392644	7365172847289367690	1.0
3817760534359392644	10983403900999362931	1.0
3817760534359392644	7400638901323706132	1.0
12897677187133963464	11412482511596733644	1.0
13170495467537943119	12262111448712618644	1.0
6833096381025149630	9942210591968229644	1.0
11359526608695797644	7226782691586906912	1.0
4971953705987669013	9925500575048057644	1.0
4621485044285900169	5775753863382228644	1.0
1205652256725623644	4642467032986803189	1.0
3918582828630581831	10983374214185297644	1.0
4600143373681470184	10983374214185297644	1.0
5710488039409842644	7233726056071709495	1.0
5710488039409842644	8679773627562736668	1.0
6562484423978811790	10983374214185297644	1.0
