6521672516264157663	7362662211315878943	1.0
13014079072368377476	16344354188921943	1.0
5941233791487993866	3491640849401900943	1.0
2742243276225025943	8692155010871052696	1.0
2742243276225025943	7376442416950358186	1.0
6955044732103226943	66898650203531041	1.0
6955044732103226943	16062857115888211697	1.0
6955044732103226943	12664392511956844421	1.0
6955044732103226943	5929641263929332226	1.0
6955044732103226943	11475548166084301331	1.0
6955044732103226943	17650739742289506409	1.0
6955044732103226943	3752405510477278770	1.0
6955044732103226943	64057099757674227	1.0
6955044732103226943	64033790911374904	1.0
6955044732103226943	7554881538286714299	1.0
6955044732103226943	7762289711646928017	1.0
4164540217970360943	16401777398599635873	1.0
4164540217970360943	16082922312776600430	1.0
4074680262676147778	930634081146408943	1.0
5440131164656354111	3222269984081744943	1.0
1637522059469705943	11414352574589529486	1.0
1637522059469705943	5219953785528737215	1.0
1637522059469705943	16867199143639917500	1.0
6756319087072941809	1417326227759953943	1.0
10625663482173096943	7227463744584656914	1.0
1918022584688248901	11651762732013783943	1.0
2391761205207896333	5843757905346470943	1.0
1907819331835893536	11177146580774933943	1.0
16125650577486874671	874516104065976943	1.0
5803458855055025943	3474602056781488071	1.0
3703661156907005943	2399471818366133	1.0
3139810048158470033	7192026036883035943	1.0
5810766602769702943	1324125992969829700	1.0
5810766602769702943	11463353470111456529	1.0
9617493063718168572	7221075762356254943	1.0
6280358322976683623	3491640849401900943	1.0
4394500123880134961	7362662211315878943	1.0
5386108657731055943	10860209572787332177	1.0
5386108657731055943	10433484118547048832	1.0
13713908079439304464	868327352560652943	1.0
17562852478020020789	15168226045939950943	1.0
3103831566552307943	7635183773884465867	1.0
7576150789769868503	8877934241060985943	1.0
11924972075862327174	7368553798551613943	1.0
7347620725409957097	11430930092037737943	1.0
16539982788578948943	11231425148249022990	1.0
6690882786008758943	13592223646929093251	1.0
14134569665016531123	874516104065976943	1.0
4161241707295170943	875169351474430072	1.0
14642349313373581586	1732455922790532943	1.0
