13538194060558832422	3487849269373867469	1.0
11139340717073320923	10170433390967665469	1.0
11139340717073320923	865515347173829469	1.0
6643807852072549797	3466851337375653469	1.0
6825375671130091106	861472932579564469	1.0
4551625793205601469	7708296123075975771	1.0
18380432351627424514	12862490498430580469	1.0
7167629731398918469	11473491688590835796	1.0
10849507753130461119	9943024507097794469	1.0
4544500079114013469	11484042395995317082	1.0
3221888520134495469	7230877676643938310	1.0
3221888520134495469	11336768976838653836	1.0
3221888520134495469	11470292603601733970	1.0
3221888520134495469	7361907684233621143	1.0
3221888520134495469	11477309622367756418	1.0
3221888520134495469	10983374214185297644	1.0
3221888520134495469	11427340534316161903	1.0
16546338821751776469	16345469495533364209	1.0
2699482076235976887	11414883067485251469	1.0
4483228408801144642	16035796751347066469	1.0
11131577978814797469	10347212943678547876	1.0
13890116976572298469	16820124619437199919	1.0
13890116976572298469	5658464417759843313	1.0
3598256565047740469	7231897971868761215	1.0
6191317070173942469	15181978724552107457	1.0
8016182258407256469	12864317963978916113	1.0
8016182258407256469	12867328465566790347	1.0
13707929527037443714	871361214359883469	1.0
11050758506287047469	16773226477411069550	1.0
6844816200643572469	7204121765844391401	1.0
6844816200643572469	4062629671592529326	1.0
6844816200643572469	14430071409166456544	1.0
6844816200643572469	11089861125125960650	1.0
2451865520163092200	2733881645345613469	1.0
6066421032449310469	320466181982646874	1.0
5996179478885257321	4291947169756139469	1.0
11143695404081124748	18066160018695043469	1.0
11594959007500420469	7228550216592602724	1.0
11594959007500420469	13126028600580831543	1.0
11594959007500420469	7215136728747761913	1.0
11594959007500420469	11424194148598405277	1.0
11594959007500420469	7354049178308046248	1.0
11594959007500420469	11429734098127225461	1.0
11594959007500420469	11411981963141798150	1.0
11594959007500420469	7351373783004275573	1.0
11594959007500420469	11415691131390799755	1.0
3110317358946206469	249531592453276936	1.0
3110317358946206469	1067320433196952450	1.0
5759974278423394469	7414241659869745592	1.0
5759974278423394469	11645852290814701646	1.0
