3737678621139738741	4722367095107564829	1.0
1326420885343160766	254420369069762829	1.0
7295415964244844829	1965121911010941136	1.0
6968841215614398210	254420369069762829	1.0
4609452268512675889	254420369069762829	1.0
14431928688866933504	16220229179925070829	1.0
4715016605937603312	254420369069762829	1.0
1928679159202647102	254420369069762829	1.0
5901978197539267123	254420369069762829	1.0
5672659925507295102	3470142953061745829	1.0
3962715827252344064	3470142953061745829	1.0
5475249609282284349	254420369069762829	1.0
4892726497067366144	254420369069762829	1.0
12663090729434035513	862284758650607829	1.0
4435190189163887323	254420369069762829	1.0
7156895354126959770	3470142953061745829	1.0
6801086368350398684	4481170572344038829	1.0
2615774792437568713	254420369069762829	1.0
3829753280033887261	254420369069762829	1.0
14514014259988647179	254420369069762829	1.0
5432260550558331960	254420369069762829	1.0
449102958926581572	254420369069762829	1.0
174787612746731743	254420369069762829	1.0
5325920032273691829	245279935588845121	1.0
5325920032273691829	11431724935756488863	1.0
5325920032273691829	299613595976647121	1.0
5325920032273691829	10281342426916350915	1.0
5325920032273691829	7552016885234149420	1.0
5325920032273691829	1057690948896240773	1.0
5325920032273691829	7230143151317179771	1.0
5325920032273691829	7231505055387485826	1.0
12283273815139457829	11343750046749469529	1.0
6901413081513151304	5842887272494013829	1.0
3821179118925687705	254420369069762829	1.0
4253450568519183251	254420369069762829	1.0
465292189739324829	7235246242505895584	1.0
5914555056288271773	3470142953061745829	1.0
15163987616380892661	254420369069762829	1.0
4839833682080663829	9917968212611972178	1.0
4839833682080663829	9602123962308113570	1.0
4839833682080663829	16878103052364206852	1.0
4839833682080663829	11736704618586196694	1.0
4839833682080663829	4967668491144595507	1.0
4839833682080663829	11950020882990003513	1.0
5550510321497768288	3470142953061745829	1.0
18382109497921384583	2127679804002263829	1.0
760143726653319240	7348742183533061829	1.0
3794092866580433829	5939724472789489157	1.0
3794092866580433829	17192739639259435404	1.0
3794092866580433829	3486107020230059073	1.0
