18109262655437927653	3373892757771057551	1.0
12538639198506956066	11428225319142231551	1.0
12088731075288069878	11428225319142231551	1.0
14553200304259217551	12870465419421823881	1.0
6248752555864582551	5771937122570053960	1.0
6248752555864582551	9317208855179451234	1.0
6248752555864582551	14412002099345606166	1.0
6248752555864582551	14413952710410513032	1.0
6248752555864582551	15209611032214763789	1.0
6248752555864582551	11418774496916583614	1.0
6248752555864582551	8175335857199850181	1.0
2742356246894393551	10475669763985948054	1.0
2742356246894393551	4318309284090019510	1.0
3774212403504283887	12879766166830972551	1.0
3249688006984254971	11428225319142231551	1.0
13304015667676051599	11428225319142231551	1.0
6105915923741890004	6830942845828978551	1.0
12169757250972622016	11480285871580282551	1.0
6234553364109610892	11428225319142231551	1.0
6785899458699926606	11428225319142231551	1.0
15095190924131723730	5035632351201102551	1.0
10693741599312038214	1921512396256461551	1.0
12187230916810152734	11428225319142231551	1.0
16705701705848786512	7415296897924411551	1.0
6630107361090674402	1220788715133613551	1.0
11818307881390222485	11428225319142231551	1.0
11107135406510477762	16701326039381007551	1.0
1189961556214382551	11459235193066205241	1.0
1023662153448569760	11428225319142231551	1.0
5760969074468577502	11428225319142231551	1.0
1537818633293132959	11428225319142231551	1.0
7816164557402884309	8501058574752271551	1.0
4327004437234755060	11414224073514933551	1.0
454375460802926551	12876488209267720407	1.0
6524951788376945551	12076669958955316727	1.0
8142061873915647175	12879766166830972551	1.0
3077120429066600133	11480285871580282551	1.0
12101366283766302553	11428225319142231551	1.0
585989540168814145	11428225319142231551	1.0
4804798080101574119	11428225319142231551	1.0
3467197812953668805	11428225319142231551	1.0
11636167480234808393	11428225319142231551	1.0
9801209462148811119	3851544480961888551	1.0
5929285359752098551	16759721992090246964	1.0
8092220835158495479	10104546625459829551	1.0
12749162873115454392	14550823616830916551	1.0
5317453307262965533	11428225319142231551	1.0
2189346816507216551	11231425148249022990	1.0
5983558163501638636	11428225319142231551	1.0
6998615015171723551	8907600215369439104	1.0
