6445068016632652063	14677948184474576042	1.0
5995393646428500696	61796942022962042	1.0
3937427368832281621	8673084267199890042	1.0
4110028332954702676	7226729940869320042	1.0
4037810751597507042	11472580945016650626	1.0
4037810751597507042	11480285871580282551	1.0
4037810751597507042	11491648095982479130	1.0
4037810751597507042	11479604264563651166	1.0
4037810751597507042	12878414931485532380	1.0
4037810751597507042	7233729586533221594	1.0
12565774324989431227	61796942022962042	1.0
3503769651414291642	12875375219956704042	1.0
6370288736312027042	6841620177547895870	1.0
13040897157228992332	237844999224270042	1.0
2741461356308405667	61796942022962042	1.0
7108867783643738877	61796942022962042	1.0
18029177977185367042	3834056546755012634	1.0
2675807579602722180	61796942022962042	1.0
4665301287487598469	860009881948234042	1.0
3903593435811293042	12150068956141372637	1.0
12805578300324085031	237844999224270042	1.0
2417781196182486042	12276321524229554807	1.0
2417781196182486042	12256648516522818165	1.0
2417781196182486042	2649836459996144938	1.0
3480666691088518343	61796942022962042	1.0
7541949599457477272	15963540707278527042	1.0
5137676417961463799	6303247406405834042	1.0
5903440599484124197	61796942022962042	1.0
2168545936237230042	11563884312498818083	1.0
2168545936237230042	9163298825760902132	1.0
2168545936237230042	879884435335306864	1.0
2168545936237230042	5837479964610705065	1.0
2360663018875777075	11680723130624468042	1.0
4813989851201584042	11231425148249022990	1.0
4813989851201584042	3478103623365732212	1.0
6337817279730244672	863847164692852042	1.0
1970188085676549042	5843750883047344480	1.0
359675724207625477	3466062253141516042	1.0
4971974140268834049	868059612834326042	1.0
7681356487918583620	8625684480046394042	1.0
7588003151573501042	7228216081192631726	1.0
7588003151573501042	11432321077166289521	1.0
7588003151573501042	6910759765455632193	1.0
7588003151573501042	6740641502227669588	1.0
13727261475239135042	12663473324551896565	1.0
724956606105294584	4804273934459457042	1.0
4892561183719256042	1154926886168144039	1.0
3098476766556564042	10455871128615833590	1.0
3098476766556564042	11410885698477568930	1.0
3098476766556564042	7351261207552647185	1.0
