9401572672904242303	10958477482572022461	1.0
9401572672904242303	10969786269004110587	1.0
1192383617350203799	1037208134136225303	1.0
5789099452290599103	2572006339050363303	1.0
14150272942984566303	11418545476339828311	1.0
14150272942984566303	62553603488126147	1.0
14150272942984566303	11491999200911810362	1.0
1857080729246648520	11671616106794376303	1.0
14641519108321840596	12868170493872769303	1.0
3449681462584336294	12868170493872769303	1.0
6318221848044821303	7213245504391697647	1.0
7438115873892383303	7215136728747761913	1.0
7438115873892383303	11419900074658468201	1.0
7438115873892383303	9672318150316997756	1.0
5410147478826107303	7358891015188051812	1.0
5410147478826107303	305727086773717602	1.0
5410147478826107303	7365546127245897755	1.0
5410147478826107303	10469285660175804628	1.0
5410147478826107303	7355304176307620180	1.0
5410147478826107303	11412739372015368048	1.0
5410147478826107303	64057099757674227	1.0
5530442007492389303	11435350970592808521	1.0
5530442007492389303	7225372018210435864	1.0
5530442007492389303	3473046724647939120	1.0
1684881723107864303	13470364152592454500	1.0
1684881723107864303	15891044936591594481	1.0
1684881723107864303	13891058870158565591	1.0
1684881723107864303	10068630052440916425	1.0
1684881723107864303	15162372233174785882	1.0
1684881723107864303	5845473594426766292	1.0
6575170038816759339	1037208134136225303	1.0
5076692155866827096	12868170493872769303	1.0
6852835497595181546	12868170493872769303	1.0
6718205375101581303	7226950569051772231	1.0
2989713515373613303	12864415803423309244	1.0
4955590892710473763	4922573770120555303	1.0
3510107336465212303	10533295459882353335	1.0
3510107336465212303	1098656888039993116	1.0
3510107336465212303	437077057789547993	1.0
1809585204093240474	12861251658018204303	1.0
1840896788136522803	9909199527350721303	1.0
5830868778567202997	9542212752072615303	1.0
43218164036624303	2563631204307238886	1.0
43218164036624303	5843794794859090909	1.0
468211191078774528	12868170493872769303	1.0
5774073223558048303	13291873516872751994	1.0
12029012581114386987	11325712455351959303	1.0
8444475834864382378	16770341698980566303	1.0
2550544517978682770	12006498014892798303	1.0
6112816569981466137	12861251658018204303	1.0
