12398798727213257955	11418194293995318310	1.0
13231349365053614867	15452776833159062955	1.0
8293450464683519060	610593880314277955	1.0
2500321280400991637	8594907291135076955	1.0
16305691193817426479	7226973761798465955	1.0
5743925046591801378	7364083210071292955	1.0
2492662705600943908	577690073025625955	1.0
2294402320767661505	7226973761798465955	1.0
5355895495919748116	7226973761798465955	1.0
13383791910786179855	7357328372964518955	1.0
15165537906908682955	1910824272224410584	1.0
1712784519279372279	9938543115180054955	1.0
5410207636323444757	7226973761798465955	1.0
8345025951982977015	7226973761798465955	1.0
8288848123815617095	7399941162369945955	1.0
2511677100890010955	11412959012454628009	1.0
4213350522850097883	7415793169559437955	1.0
14183062376876505696	16827179776272005955	1.0
1813858888223761955	7355185545016983801	1.0
1813858888223761955	7349376979633792400	1.0
1813858888223761955	10474007341094969205	1.0
1813858888223761955	7357408237842214069	1.0
1813858888223761955	7347593000547342868	1.0
1813858888223761955	7346330748347077405	1.0
17062487424020273284	7226973761798465955	1.0
359931720451121138	5842122970144536955	1.0
5118468413092936198	7226973761798465955	1.0
3012527939044324955	14331797455244039338	1.0
3012527939044324955	10023351395362331622	1.0
3012527939044324955	17193742522746591067	1.0
5084753476371528927	7226973761798465955	1.0
3791550163754923955	11395056771695479657	1.0
2769088496957572955	863140930301857547	1.0
6816921611972908487	7226973761798465955	1.0
13556153107722021955	7216112334905973383	1.0
13556153107722021955	7224420889103099017	1.0
13556153107722021955	7215993587649712235	1.0
13556153107722021955	7220036543538733912	1.0
13556153107722021955	11414044530990957596	1.0
6894385186904651955	886016310466855651	1.0
6894385186904651955	889360741338522190	1.0
6894385186904651955	7231756444150253358	1.0
6894385186904651955	71773339309287098	1.0
6894385186904651955	12858814946997896776	1.0
6894385186904651955	7214350694060608319	1.0
6894385186904651955	192439129570647400	1.0
6894385186904651955	11408689767502347663	1.0
7578893980973818352	5842122970144536955	1.0
6761972672349540955	14703681571475956893	1.0
7239590729165602955	386501983701760866	1.0
