4085706805226248605	8652715823684756217	1.0
12131607023507012334	2149596378441766605	1.0
1069719269500235605	7226967319416217569	1.0
5589898542518976969	5834479719404259605	1.0
10288268967104928605	9433535178807075278	1.0
10288268967104928605	5983631899184787717	1.0
4923245927914042310	1779897168878850605	1.0
718397907438674605	7226795756879699002	1.0
718397907438674605	1057690948896240773	1.0
5012409111313124249	880659565261407605	1.0
7544275908661526047	10155061459137605	1.0
14103770168847026849	7225032324950452605	1.0
10498027830722881232	10651377361407246605	1.0
5344554130746645605	7229964072666094245	1.0
5398529794137073270	10466666945582318605	1.0
13173625284532421223	1513202067041297605	1.0
11508411482531102262	10466666945582318605	1.0
13381528347148006529	16219157249907701605	1.0
11606389924039847293	2676886411438823605	1.0
14764321113779257605	4863942283800541186	1.0
14764321113779257605	5822601039452312606	1.0
14764321113779257605	4874015893454905329	1.0
2962511580295840605	6315071292449222029	1.0
7375580768364641605	11375774078329414065	1.0
7375580768364641605	12866712661588617448	1.0
7375580768364641605	8946287687102571178	1.0
7375580768364641605	13472298985567469194	1.0
4540884183594563349	7225032324950452605	1.0
16168543156884954605	8257109567900994973	1.0
16168543156884954605	7386216095864525478	1.0
3590811329192462408	7225032324950452605	1.0
4884896608638244605	11324464921852722881	1.0
5498967917043925391	599043209904873605	1.0
9182252636333190605	7214172766416655498	1.0
9182252636333190605	7222623419546890511	1.0
9182252636333190605	11427645060418783295	1.0
9182252636333190605	7213963395303979054	1.0
9182252636333190605	7223420621280265250	1.0
9182252636333190605	7232160519008695689	1.0
5774842346427955034	7227263448791798605	1.0
10976262341696340605	14970551491205784156	1.0
10850946491726815605	7217487523350379971	1.0
10850946491726815605	8643003318741736859	1.0
10850946491726815605	10455510682068936297	1.0
10850946491726815605	360260459148730824	1.0
10850946491726815605	7230321156235946724	1.0
10850946491726815605	7208159150626835399	1.0
10850946491726815605	1061330435551545705	1.0
10850946491726815605	2249889944284363494	1.0
10850946491726815605	16872580209461235651	1.0
