6839461884254511607	13592223646929093251	1.0
10134562661779787607	896088311922218672	1.0
4963010858546982607	8702066205800058905	1.0
1089217622539414607	7355393236749816041	1.0
1089217622539414607	62447182862163553	1.0
1089217622539414607	71773339309287098	1.0
1089217622539414607	7548841972374631502	1.0
1089217622539414607	878009576643523815	1.0
11211406826620401504	866824848407793607	1.0
3492623985531778232	10469013372252137607	1.0
14279074236356312580	10469013372252137607	1.0
3751537599611995835	7156551345946512607	1.0
2595777608722876354	4572738865575312607	1.0
14108088632889103607	16035796751347066469	1.0
5286539521190975607	11491999200911810362	1.0
6211641087814201327	10469013372252137607	1.0
3481317916306100607	15181949037738042170	1.0
12875327796549188607	3483106740637060350	1.0
6885677209543853302	10469013372252137607	1.0
4787462234462969531	7405699369253673607	1.0
6281481841820847202	9840070463629834607	1.0
3217978410316073079	11491658687401089607	1.0
5035088449744831607	3462976215375962746	1.0
5035088449744831607	8524520688387789419	1.0
5035088449744831607	15147174620269779167	1.0
5035088449744831607	7104512446731054178	1.0
1049416099702861816	11491658687401089607	1.0
4109529786843591607	12655519612043977559	1.0
4109529786843591607	861343654079825154	1.0
3683927977458517890	12278927869270582607	1.0
2360088425219413547	7416129830657038607	1.0
8373203995595689607	3482807634804522312	1.0
2074144014856298219	7220133532903783607	1.0
11691812131722045259	10469013372252137607	1.0
12597412844339771607	7223274579456656861	1.0
12597412844339771607	2378122134819427010	1.0
12597412844339771607	7229509781096322890	1.0
12597412844339771607	7346390121975207979	1.0
12597412844339771607	7553849071128607208	1.0
12597412844339771607	7222639525619004412	1.0
12597412844339771607	7216338031166553460	1.0
12597412844339771607	11416254429101573917	1.0
12597412844339771607	7225908090280764068	1.0
12597412844339771607	11430460136666009048	1.0
12597412844339771607	10984150989159429925	1.0
12597412844339771607	7545342188103574949	1.0
12597412844339771607	7226795756879699002	1.0
12597412844339771607	16872580209461235651	1.0
12597412844339771607	7222132599297907502	1.0
5502244474605663702	7416129830657038607	1.0
