7095169736982499085	11489698593102440169	1.0
5696010235287404181	10627646494569717169	1.0
6811109490787344699	858022055209512169	1.0
6542045675569221792	7230633245825612169	1.0
11268998027175478293	11109987887444575169	1.0
14072159094822722278	7231931227836019169	1.0
6144430699501161398	7378196799174295169	1.0
3964901256322463665	8642314350189703169	1.0
4283194256326296518	9707980845120637169	1.0
7279782543955947607	7235219570814792169	1.0
5577516159989306932	11432052371184054169	1.0
560766202879550251	54788912553026169	1.0
4426351085092085169	9803375349887408158	1.0
5232264789056389200	383186621260097169	1.0
13265500702365393169	66517935596646000	1.0
13265500702365393169	315356519422586366	1.0
13265500702365393169	304005200021140985	1.0
6078988755374605898	7447880020079169	1.0
8691144262111181087	7230633245825612169	1.0
2659915940255951017	11432052371184054169	1.0
9426510557845395483	7213393423083713169	1.0
99930235099065655	514532325108198169	1.0
11934766104884209262	14985573595871219169	1.0
4271362619453332315	7230633245825612169	1.0
1082043553468435169	7383852377788746305	1.0
1082043553468435169	6842954310488951325	1.0
12137709601958649056	14985573595871219169	1.0
1696040498834183169	13592223646929093251	1.0
11165439441106669276	11762323849988980169	1.0
5059346549187446034	11432052371184054169	1.0
4905213006701592104	8098832623943259169	1.0
15801309449397952825	12858897822664486169	1.0
792949476656911720	7230633245825612169	1.0
9927616245645841243	7213393423083713169	1.0
18438279530214382240	14032467870736689169	1.0
9439778821321112169	11432791706825889555	1.0
9439778821321112169	11432022684369988882	1.0
9439778821321112169	7231897971868761215	1.0
9439778821321112169	11239193081889644486	1.0
9439778821321112169	64057099757674227	1.0
9439778821321112169	11645981281582362810	1.0
9439778821321112169	245398566879481500	1.0
9439778821321112169	7363401083090278355	1.0
18026617755063077169	861184976527610543	1.0
4368571482778533169	1235988075227816567	1.0
14790113221542500474	14985573595871219169	1.0
1936892192896320347	11411329630573216169	1.0
13468129400952613169	7237139421256583210	1.0
5071785955802527751	7230633245825612169	1.0
2929834910893817098	13123257986376391169	1.0
