7395840459713829588	11421641610970579767	1.0
1943663982720430589	11477593970699263588	1.0
2267632519990036307	10604766108982220588	1.0
10752121747396097588	1269014395645014957	1.0
10752121747396097588	11483210495250916095	1.0
10752121747396097588	11468401121450187324	1.0
10752121747396097588	1267432636490814887	1.0
10752121747396097588	11469004182181366672	1.0
10752121747396097588	12864023900536612727	1.0
10752121747396097588	12871620052787016061	1.0
215345884275877588	12876713274034271768	1.0
2683769148227944588	5707740540025102213	1.0
2683769148227944588	876474265591722628	1.0
2683769148227944588	861022171386362025	1.0
2683769148227944588	6198202139421867840	1.0
2683769148227944588	872062496612490908	1.0
2683769148227944588	11864786423281975235	1.0
2683769148227944588	855561528559820993	1.0
562902206101411588	11409508744903689603	1.0
562902206101411588	11428225319142231551	1.0
562902206101411588	11419552384146880132	1.0
1275298222115069953	16020793653122598588	1.0
13816406371009126588	10881027910220453377	1.0
1808506373665789588	9878245851613707213	1.0
1808506373665789588	9872451111786681598	1.0
1808506373665789588	12596686972231699519	1.0
1808506373665789588	14837910629857137593	1.0
5483468720108843934	7255873023982355588	1.0
6522395857867885526	1622810772884645588	1.0
4748173149446832588	15125080294875478050	1.0
5606490894729283820	7255873023982355588	1.0
5275589473306059079	7255873023982355588	1.0
1821987610149511221	11306838994888770588	1.0
5387205610122192588	10060128760419394628	1.0
1909878094367059588	8635824849611170667	1.0
5059219714529070075	11306838994888770588	1.0
16723642131338855593	10419076392916027588	1.0
3532296965604740936	10459278824519695588	1.0
18154381264525722588	343547569227818020	1.0
4341131418371256941	17037305404055910588	1.0
11361242878495239003	6946560105942689588	1.0
12111640434461250881	16892323685691795588	1.0
15368628972663071588	11424469670831638914	1.0
15368628972663071588	5226048464690513055	1.0
15368628972663071588	11425512914125364765	1.0
15368628972663071588	3666291534137037748	1.0
15368628972663071588	891153589466531576	1.0
15368628972663071588	7231897971868761215	1.0
12842950244862335619	3189676267566943588	1.0
345677127230319451	11477593970699263588	1.0
