8523023217871689382	7225122755478709498	1.0
11232968585569403498	11492261090856008034	1.0
6625902739660561393	15178924749357599498	1.0
12654916220860458498	7391808074836866179	1.0
12654916220860458498	17242309982945118922	1.0
12654916220860458498	8362979898659045603	1.0
12654916220860458498	7410794922822219001	1.0
12654916220860458498	5941440007264568880	1.0
4897355604551937309	16062659593265998498	1.0
7045328680969694485	878719081845579498	1.0
7773804944062110375	12363085613152766498	1.0
1597754965511977071	4248506602238498	1.0
1166071178575777828	11433030403976922498	1.0
3999696915641977498	16453110025366647061	1.0
10493351994009714713	7366226746396900498	1.0
14381580372910261153	12375477555821852498	1.0
10537512490421709399	7225122755478709498	1.0
4173181926854304992	15178924749357599498	1.0
7543405031434956498	11468574633878397481	1.0
6373912583622945971	6034286670483402498	1.0
14923375831277839219	10372963407141674498	1.0
6321921095509385498	11472273171983958443	1.0
6321921095509385498	3476771650988010145	1.0
6321921095509385498	10843384317724415731	1.0
6321921095509385498	11328777739138933532	1.0
4817868485439540498	245279935588845121	1.0
4817868485439540498	11432321077166289521	1.0
4817868485439540498	10478882794767752633	1.0
4817868485439540498	10466696632396383892	1.0
6584201064241648815	12363085613152766498	1.0
12251781342010048286	7225122755478709498	1.0
5199737137841404573	2981755736937485498	1.0
3519028751174303498	12827802873632497203	1.0
4900433034202285109	12597991011373166498	1.0
9878258429384861498	7215520458390958459	1.0
11718549290387014498	11674962968589720448	1.0
753727121546976537	3494826709213254498	1.0
10569381092688074498	8895376300239612218	1.0
10569381092688074498	7237087005440255505	1.0
10569381092688074498	1061330435551545705	1.0
10569381092688074498	1060373512479657812	1.0
10569381092688074498	1053680398700647391	1.0
10569381092688074498	7828469750463880388	1.0
10569381092688074498	16861555329051508158	1.0
6313069008429518498	11338593375757912737	1.0
6313069008429518498	12862069630245552213	1.0
6313069008429518498	11492379954077893951	1.0
6313069008429518498	11481909394987701514	1.0
6313069008429518498	11473975615381204162	1.0
6313069008429518498	11484042395995317082	1.0
