2458361730194900264	6830215108130225544	1.0
2458361730194900264	7037952409850589822	1.0
2458361730194900264	14608483577637983418	1.0
4914888091245760824	16075668015700224264	1.0
3954709246063331113	12861229483133938264	1.0
7494449679835739944	11414194386700868264	1.0
1469517193794907742	12861229483133938264	1.0
5372603092877150264	3478545811761624229	1.0
7407273130562463909	7365232220917498264	1.0
4722417982783445670	16832228649130773264	1.0
5184382616783541472	11414194386700868264	1.0
4867332243961208390	11414194386700868264	1.0
5627162007729569937	11086961657742536264	1.0
2710697338169796264	10844646724572508359	1.0
2710697338169796264	11493817028743842934	1.0
2710697338169796264	11481290060708854503	1.0
1982333780611489553	7223318804762635264	1.0
12619777946458731272	16075668015700224264	1.0
10465840510481683264	10979095430266527135	1.0
10465840510481683264	1264435642077309705	1.0
10465840510481683264	2788343987946348686	1.0
4474930362480371003	10432074973407658264	1.0
5772356080843875264	11467481474450821234	1.0
3748119954468071261	11414194386700868264	1.0
6049737325970502264	15609047973104678276	1.0
6756091276928448077	17733130321267183264	1.0
6454203618152608264	11280970939166335644	1.0
6454203618152608264	6276136502913265883	1.0
9897595004257389857	5670994700581468264	1.0
3282006294815109264	11420141928596291585	1.0
3282006294815109264	11414604607653946637	1.0
3282006294815109264	11418025381574186622	1.0
707231176273288708	11414194386700868264	1.0
4179905591028272264	5929641263929332226	1.0
5399647395483486614	16836290393453999264	1.0
12928964721497168264	17519307005074162136	1.0
8181234769888349264	10856505273481366922	1.0
5299395780966621264	11408596910550266946	1.0
5299395780966621264	8747701305953177608	1.0
5299395780966621264	11468401121450187324	1.0
5299395780966621264	3488871518904369497	1.0
5241027446014171078	8579487339762396264	1.0
6736996128095655732	11414194386700868264	1.0
4404597944660915264	3484335565109025026	1.0
5717067686211088446	14322367871624365264	1.0
3664822206611006264	7401752212783628046	1.0
10732949582290693177	7213953448095641264	1.0
1067998030733069044	11086961657742536264	1.0
13691631470751832511	873936944845451264	1.0
510072218544461682	12861368386631863264	1.0
