10781208027809253986	362280133630291596	1.0
17617340207521081596	12070622412573027536	1.0
5371615801415583596	1118405315460174628	1.0
5371615801415583596	11118784018046936236	1.0
5371615801415583596	8781563347219902031	1.0
5371615801415583596	14920205849556332565	1.0
5371615801415583596	11504731390622210057	1.0
5371615801415583596	17264759514504818182	1.0
5371615801415583596	7044466105658279557	1.0
5371615801415583596	2330825866467287650	1.0
5371615801415583596	1118247615322451006	1.0
5371615801415583596	11675799917175689746	1.0
5371615801415583596	8372484291938354224	1.0
5371615801415583596	16456950934935590593	1.0
5371615801415583596	8472881888182232610	1.0
5371615801415583596	3473320773595821520	1.0
7335497208609974596	3486096725071189787	1.0
3330046835996546596	7229208347326412313	1.0
17074782964737018596	1682110057029097655	1.0
18136740748091482792	3471367474033564596	1.0
2685114610602517601	4297261912629736596	1.0
3725215559851173596	15939875614041974	1.0
3725215559851173596	9478175651302877409	1.0
3116069396247599852	3184866492477596	1.0
1204841286085476642	8078838369314743596	1.0
3148358599169467183	3184866492477596	1.0
5501503265631503549	7732439507684564596	1.0
5364203327964066596	11470680134264343828	1.0
5364203327964066596	7044406732030148983	1.0
5364203327964066596	7228597182160519219	1.0
10194034525283662230	9104641302123061596	1.0
3788523932399848596	16861555329051508158	1.0
4851981786802224596	5053586594221713785	1.0
11436192039518872596	725941361197137085	1.0
11436192039518872596	607520041789219163	1.0
13408094618156778596	63954587424962819	1.0
6349431481336537028	3471367474033564596	1.0
5443302319591662185	3471367474033564596	1.0
6962220866940306921	11040507307872522596	1.0
9547249884848607425	11414044530990957596	1.0
5198006014944917596	7361936817076730874	1.0
11350742610188567720	3471367474033564596	1.0
1117655919507826368	3184866492477596	1.0
2711128725090506596	7210750806966426876	1.0
2711128725090506596	7346052919787837639	1.0
2711128725090506596	7349953046521351436	1.0
2711128725090506596	7346023232973772352	1.0
2711128725090506596	7208159150626835399	1.0
6051953645636796814	3184866492477596	1.0
14046280316257061252	14749351041162904596	1.0
