5084291105394542846	1052742917590549275	1.0
2286708367860067275	7407768631647104543	1.0
11218345394178406482	4385311178854684275	1.0
996641423197557348	8943420431313392275	1.0
5966193804224923922	59278287336752275	1.0
7383522820079114275	12872455277834445673	1.0
3770106714925906275	1053680398700647391	1.0
6372818405616253275	7357524034490939979	1.0
6372818405616253275	7223633973733404932	1.0
6372818405616253275	11409077985366420661	1.0
6372818405616253275	11239193081889644486	1.0
6372818405616253275	7355281885509083280	1.0
6372818405616253275	11425926785643965332	1.0
14016959002077376754	11632431169599069275	1.0
6602571845169954275	5270694630910732021	1.0
9011410368412796275	3204172022796861894	1.0
9011410368412796275	15871452337311092432	1.0
9011410368412796275	12716971085175162066	1.0
9011410368412796275	2943923041724933883	1.0
9011410368412796275	2858453466976040262	1.0
2853399525093781916	12141898267701962275	1.0
6283578637271641275	66898650203531041	1.0
1857273502761520445	8939334504444450275	1.0
3667054551705505894	12757303808080301275	1.0
13580711324682648312	12863583593360925275	1.0
11496874426500900075	13866359330846574275	1.0
3268093168669641275	12863761765835832949	1.0
6873287585684291563	12591337990283015275	1.0
5268691317155925275	10468805680519305367	1.0
5268691317155925275	1057809696152501921	1.0
5268691317155925275	12873246784496838262	1.0
5268691317155925275	17701306200260437	1.0
2677230456329526275	11420806630616189517	1.0
4312349339687470275	245279935588845121	1.0
4312349339687470275	11408219576081800195	1.0
4312349339687470275	11468574633878397481	1.0
4312349339687470275	11476465429378310534	1.0
4312349339687470275	245220561960714547	1.0
4312349339687470275	11476603542691757831	1.0
4312349339687470275	11470554364712194971	1.0
4312349339687470275	11418038227835389145	1.0
4312349339687470275	16867199143639917500	1.0
4312349339687470275	11430460136666009048	1.0
4312349339687470275	11414032316218835132	1.0
4312349339687470275	11473491688590835796	1.0
4312349339687470275	7353426944820883358	1.0
4312349339687470275	7354905036460607842	1.0
4312349339687470275	7348804275897581473	1.0
4312349339687470275	11416289811014711219	1.0
4312349339687470275	11424048832689231522	1.0
