2172785593164480065	11416627219311107571	1.0
13836695099651481129	17394059092894129571	1.0
5636506342560133571	7405655753870617752	1.0
909692064570205484	11431052940835350571	1.0
3964739182020632994	11431052940835350571	1.0
7142790667934088888	16771010523454821571	1.0
3103877104757609571	874874295677987363	1.0
12767956155877434487	4919710114232941571	1.0
2878864533037995205	11593743626629028571	1.0
16812992831959988093	3933763914170084571	1.0
6296878995689224571	14867730977725989677	1.0
6296878995689224571	13125041458181554380	1.0
6296878995689224571	11482621582242998561	1.0
4120098494082823571	3479670028105010882	1.0
11220803396275311571	7368884412001153820	1.0
11220803396275311571	7220835175540762170	1.0
4017999698945526056	7343303316071129571	1.0
7054185007411554571	581317221261560764	1.0
15144164541842120379	3322942178520983571	1.0
7236799597496317571	8801434220133168128	1.0
7236799597496317571	13127378633398810366	1.0
7236799597496317571	15891044936591594481	1.0
6805655719899455674	863442866640931571	1.0
1677455711854166571	11407452464806141670	1.0
1677455711854166571	11418194293995318310	1.0
1677455711854166571	9233563786578073386	1.0
1677455711854166571	244236576286824849	1.0
5920970871953486277	6065814947113915571	1.0
2935536346716551629	16898892615592142571	1.0
5412649539123900571	3469267767598724315	1.0
8697668024792820571	7253803764677169094	1.0
2724834962672900571	11479227570149748656	1.0
2724834962672900571	6050451990743191107	1.0
2136806470916920613	14109180463212904571	1.0
5447552919268263571	7547993978230588213	1.0
3089028217497284571	15181978724552107457	1.0
3089028217497284571	15164081183501808232	1.0
3089028217497284571	15181919350923976883	1.0
918423951739354571	10047674709729006714	1.0
18257642546675981571	12631427249148783932	1.0
6057997909989910571	6551631574989120365	1.0
6057997909989910571	7210902565284506270	1.0
6057997909989910571	11239193081889644486	1.0
6057997909989910571	7552016885234149420	1.0
6057997909989910571	7226973761798465955	1.0
6057997909989910571	13587147472281644895	1.0
5730638883041548571	1269044082459080244	1.0
5730638883041548571	11481643703947535395	1.0
5730638883041548571	11469004182181366672	1.0
1403447981996079230	11431052940835350571	1.0
