13649352706515083553	7360802082383124524	1.0
7109494879342335315	4458644068511589524	1.0
4518599099132663524	7458775381454562852	1.0
3958340719538968003	7664913696803043524	1.0
14791352135219350224	11850500425153925524	1.0
7104799612306382524	1144198672046881895	1.0
7104799612306382524	7651036442445064531	1.0
7104799612306382524	859588781893889632	1.0
1868340108801125581	17636045080047019524	1.0
2871149580545085524	10778194135272173747	1.0
2871149580545085524	9001228591733508470	1.0
2871149580545085524	9912411486967684353	1.0
2871149580545085524	4708519609455015156	1.0
2871149580545085524	17505210814532435894	1.0
7106388509338156524	12853708076176407000	1.0
11343773647809477524	749025245893215948	1.0
11343773647809477524	16785973344935443071	1.0
4031299868889131070	12866885048736090524	1.0
7210836319839171364	11340457374510348524	1.0
5894077480442917524	7217685667365560809	1.0
5894077480442917524	11412739372015368048	1.0
5894077480442917524	10476474336004047206	1.0
5894077480442917524	7219080032762972316	1.0
6041743471823714524	7238620978771183557	1.0
6041743471823714524	875526243717626102	1.0
6041743471823714524	11422843660658432470	1.0
6041743471823714524	756190737393861378	1.0
6041743471823714524	3483106740637060350	1.0
6041743471823714524	7213171205752016148	1.0
6041743471823714524	13592223646929093251	1.0
6041743471823714524	7226020910441390222	1.0
6041743471823714524	7347572277415565694	1.0
4836796260947314524	1174953498544246645	1.0
2654933214058192524	12655519612043977559	1.0
2654933214058192524	11422552887027089351	1.0
2654933214058192524	3486756844465938399	1.0
5718544977236594110	7354258008216782524	1.0
7266750085434145908	13867911338749746524	1.0
12521429486997889415	11432347130509048524	1.0
2048151509524687300	9114024551551618524	1.0
10798639440680855524	7215012810519127301	1.0
10798639440680855524	7222665836656667680	1.0
10798639440680855524	7230367864133492752	1.0
10798639440680855524	7218387611101535223	1.0
13654058448362089010	7360802082383124524	1.0
1973655091744885524	13079955515233331919	1.0
1973655091744885524	3468310870332463418	1.0
1973655091744885524	7413156519216167371	1.0
1973655091744885524	15181949037738042170	1.0
1973655091744885524	4801793577957754444	1.0
